0.009412, 0.009774, 0.010505, 0.011622, 0.013145, 0.015106, 0.017541, 0.020495, 0.024018, 0.028167, 0.033005, 0.038600, 0.045023, 0.052351, 0.060660, 0.070029, 0.080535, 0.092254, 0.105257, 0.119608, 0.135365, 0.152572, 0.171264, 0.191457, 0.213153, 0.236333, 0.260956, 0.286960, 0.314256, 0.342731, 0.372249, 0.402643, 0.433725, 0.465282, 0.497078, 0.528859, 0.560353, 0.591276, 0.621333, 0.650227, 0.677659, 0.703336, 0.726977, 0.748314, 0.767101, 0.783116, 0.796170, 0.806102, 0.812793, 0.816159, 0.816159, 0.812793, 0.806103, 0.796170, 0.783117, 0.767102, 0.748315, 0.726978, 0.703338, 0.677660, 0.650228, 0.621335, 0.591278, 0.560355, 0.528861, 0.497080, 0.465284, 0.433727, 0.402645, 0.372251, 0.342733, 0.314257, 0.286961, 0.260958, 0.236334, 0.213155, 0.191458, 0.171265, 0.152573, 0.135366, 0.119609, 0.105257, 0.092255, 0.080535, 0.070029, 0.060660, 0.052351, 0.045024, 0.038600, 0.033006, 0.028168, 0.024018, 0.020495, 0.017542, 0.015106, 0.013145, 0.011622, 0.010505, 0.009774, 0.009412
0.010248, 0.010642, 0.011439, 0.012655, 0.014314, 0.016449, 0.019101, 0.022317, 0.026153, 0.030671, 0.035939, 0.042031, 0.049025, 0.057004, 0.066051, 0.076253, 0.087693, 0.100453, 0.114611, 0.130238, 0.147395, 0.166131, 0.186484, 0.208472, 0.232096, 0.257335, 0.284146, 0.312461, 0.342182, 0.373188, 0.405328, 0.438423, 0.472267, 0.506628, 0.541249, 0.575854, 0.610147, 0.643817, 0.676544, 0.708005, 0.737875, 0.765834, 0.791575, 0.814808, 0.835264, 0.852702, 0.866915, 0.877730, 0.885015, 0.888680, 0.888681, 0.885016, 0.877731, 0.866916, 0.852703, 0.835265, 0.814809, 0.791576, 0.765835, 0.737876, 0.708007, 0.676546, 0.643818, 0.610149, 0.575856, 0.541251, 0.506630, 0.472269, 0.438425, 0.405330, 0.373190, 0.342184, 0.312462, 0.284148, 0.257337, 0.232097, 0.208473, 0.186485, 0.166133, 0.147396, 0.130239, 0.114612, 0.100454, 0.087693, 0.076253, 0.066052, 0.057004, 0.049026, 0.042031, 0.035939, 0.030671, 0.026153, 0.022317, 0.019101, 0.016449, 0.014314, 0.012655, 0.011439, 0.010642, 0.010248
0.011107, 0.011534, 0.012398, 0.013715, 0.015513, 0.017828, 0.020702, 0.024187, 0.028345, 0.033241, 0.038951, 0.045553, 0.053134, 0.061781, 0.071586, 0.082642, 0.095041, 0.108870, 0.124215, 0.141151, 0.159745, 0.180051, 0.202108, 0.225939, 0.251542, 0.278896, 0.307953, 0.338639, 0.370851, 0.404454, 0.439287, 0.475154, 0.511833, 0.549072, 0.586594, 0.624098, 0.661263, 0.697753, 0.733223, 0.767319, 0.799690, 0.829992, 0.857889, 0.883068, 0.905237, 0.924137, 0.939540, 0.951261, 0.959156, 0.963128, 0.963128, 0.959157, 0.951262, 0.939541, 0.924138, 0.905238, 0.883069, 0.857890, 0.829993, 0.799692, 0.767321, 0.733225, 0.697756, 0.661265, 0.624100, 0.586597, 0.549075, 0.511835, 0.475156, 0.439289, 0.404457, 0.370853, 0.338641, 0.307955, 0.278897, 0.251543, 0.225940, 0.202110, 0.180052, 0.159746, 0.141152, 0.124216, 0.108871, 0.095041, 0.082643, 0.071587, 0.061781, 0.053134, 0.045554, 0.038951, 0.033242, 0.028345, 0.024188, 0.020702, 0.017828, 0.015514, 0.013715, 0.012398, 0.011535, 0.011107
0.011982, 0.012443, 0.013374, 0.014795, 0.016735, 0.019231, 0.022332, 0.026092, 0.030577, 0.035859, 0.042018, 0.049140, 0.057317, 0.066645, 0.077222, 0.089149, 0.102523, 0.117441, 0.133994, 0.152263, 0.172320, 0.194225, 0.218019, 0.243725, 0.271343, 0.300851, 0.332195, 0.365297, 0.400044, 0.436292, 0.473866, 0.512556, 0.552122, 0.592292, 0.632768, 0.673223, 0.713313, 0.752676, 0.790936, 0.827717, 0.862635, 0.895321, 0.925414, 0.952575, 0.976489, 0.996876, 1.013492, 1.026136, 1.034652, 1.038936, 1.038936, 1.034652, 1.026136, 1.013493, 0.996877, 0.976490, 0.952576, 0.925415, 0.895323, 0.862637, 0.827719, 0.790939, 0.752678, 0.713316, 0.673226, 0.632770, 0.592295, 0.552125, 0.512559, 0.473869, 0.436295, 0.400046, 0.365299, 0.332197, 0.300853, 0.271345, 0.243726, 0.218020, 0.194226, 0.172321, 0.152264, 0.133995, 0.117442, 0.102524, 0.089150, 0.077223, 0.066646, 0.057318, 0.049140, 0.042018, 0.035859, 0.030577, 0.026092, 0.022332, 0.019232, 0.016735, 0.014796, 0.013374, 0.012443, 0.011982
0.012865, 0.013360, 0.014360, 0.015886, 0.017969, 0.020649, 0.023978, 0.028015, 0.032830, 0.038501, 0.045114, 0.052761, 0.061541, 0.071556, 0.082913, 0.095718, 0.110078, 0.126095, 0.143867, 0.163481, 0.185017, 0.208535, 0.234082, 0.261682, 0.291335, 0.323016, 0.356670, 0.392210, 0.429516, 0.468436, 0.508777, 0.550318, 0.592798, 0.635928, 0.679384, 0.722820, 0.765863, 0.808125, 0.849204, 0.888693, 0.926184, 0.961278, 0.993587, 1.022748, 1.048424, 1.070312, 1.088153, 1.101727, 1.110871, 1.115472, 1.115472, 1.110872, 1.101728, 1.088153, 1.070314, 1.048425, 1.022750, 0.993589, 0.961280, 0.926187, 0.888695, 0.849207, 0.808127, 0.765866, 0.722822, 0.679387, 0.635930, 0.592801, 0.550320, 0.508780, 0.468438, 0.429519, 0.392212, 0.356672, 0.323018, 0.291337, 0.261684, 0.234084, 0.208537, 0.185018, 0.163483, 0.143868, 0.126096, 0.110079, 0.095719, 0.082913, 0.071557, 0.061541, 0.052762, 0.045115, 0.038502, 0.032830, 0.028015, 0.023978, 0.020649, 0.017969, 0.015886, 0.014360, 0.013360, 0.012865
0.013749, 0.014278, 0.015346, 0.016977, 0.019203, 0.022067, 0.025624, 0.029939, 0.035085, 0.041145, 0.048212, 0.056384, 0.065767, 0.076469, 0.088606, 0.102290, 0.117636, 0.134752, 0.153744, 0.174706, 0.197719, 0.222852, 0.250153, 0.279648, 0.311337, 0.345192, 0.381156, 0.419136, 0.459003, 0.500593, 0.543704, 0.588096, 0.633493, 0.679582, 0.726022, 0.772438, 0.818436, 0.863598, 0.907497, 0.949697, 0.989761, 1.027263, 1.061790, 1.092953, 1.120391, 1.143782, 1.162846, 1.177353, 1.187124, 1.192040, 1.192041, 1.187125, 1.177353, 1.162847, 1.143783, 1.120392, 1.092954, 1.061792, 1.027266, 0.989763, 0.949699, 0.907500, 0.863601, 0.818439, 0.772441, 0.726025, 0.679585, 0.633496, 0.588099, 0.543707, 0.500596, 0.459006, 0.419138, 0.381158, 0.345194, 0.311339, 0.279650, 0.250155, 0.222854, 0.197721, 0.174707, 0.153745, 0.134754, 0.117637, 0.102291, 0.088607, 0.076470, 0.065767, 0.056385, 0.048213, 0.041146, 0.035085, 0.029939, 0.025624, 0.022067, 0.019203, 0.016977, 0.015346, 0.014278, 0.013749
0.014624, 0.015187, 0.016324, 0.018058, 0.020425, 0.023472, 0.027256, 0.031845, 0.037318, 0.043765, 0.051282, 0.059974, 0.069953, 0.081337, 0.094246, 0.108801, 0.125124, 0.143330, 0.163530, 0.185826, 0.210305, 0.237037, 0.266075, 0.297447, 0.331153, 0.367163, 0.405416, 0.445812, 0.488217, 0.532454, 0.578308, 0.625525, 0.673810, 0.722833, 0.772227, 0.821597, 0.870522, 0.918558, 0.965250, 1.010135, 1.052749, 1.092637, 1.129361, 1.162507, 1.191691, 1.216570, 1.236847, 1.252277, 1.262670, 1.267899, 1.267899, 1.262671, 1.252277, 1.236848, 1.216571, 1.191692, 1.162508, 1.129363, 1.092640, 1.052751, 1.010138, 0.965253, 0.918561, 0.870525, 0.821600, 0.772230, 0.722836, 0.673813, 0.625528, 0.578311, 0.532456, 0.488219, 0.445815, 0.405418, 0.367165, 0.331155, 0.297449, 0.266077, 0.237039, 0.210306, 0.185827, 0.163532, 0.143331, 0.125125, 0.108802, 0.094247, 0.081338, 0.069954, 0.059974, 0.051282, 0.043765, 0.037319, 0.031845, 0.027256, 0.023472, 0.020426, 0.018058, 0.016324, 0.015187, 0.014624
0.015483, 0.016078, 0.017282, 0.019118, 0.021624, 0.024850, 0.028855, 0.033714, 0.039508, 0.046333, 0.054291, 0.063493, 0.074058, 0.086110, 0.099776, 0.115185, 0.132465, 0.151739, 0.173125, 0.196728, 0.222643, 0.250943, 0.281685, 0.314897, 0.350579, 0.388702, 0.429198, 0.471964, 0.516856, 0.563687, 0.612231, 0.662217, 0.713334, 0.765232, 0.817523, 0.869789, 0.921583, 0.972437, 1.021867, 1.069384, 1.114497, 1.156725, 1.195603, 1.230692, 1.261588, 1.287926, 1.309392, 1.325727, 1.336730, 1.342265, 1.342265, 1.336730, 1.325728, 1.309394, 1.287928, 1.261589, 1.230694, 1.195605, 1.156728, 1.114500, 1.069387, 1.021870, 0.972440, 0.921586, 0.869793, 0.817527, 0.765235, 0.713338, 0.662220, 0.612234, 0.563690, 0.516859, 0.471967, 0.429201, 0.388704, 0.350582, 0.314899, 0.281687, 0.250945, 0.222644, 0.196730, 0.173126, 0.151740, 0.132466, 0.115186, 0.099777, 0.086111, 0.074059, 0.063493, 0.054291, 0.046333, 0.039509, 0.033714, 0.028856, 0.024850, 0.021624, 0.019118, 0.017282, 0.016078, 0.015483
0.016315, 0.016942, 0.018210, 0.020145, 0.022786, 0.026185, 0.030405, 0.035525, 0.041631, 0.048822, 0.057207, 0.066903, 0.078036, 0.090735, 0.105135, 0.121371, 0.139579, 0.159888, 0.182422, 0.207293, 0.234599, 0.264419, 0.296811, 0.331806, 0.369405, 0.409574, 0.452245, 0.497307, 0.544608, 0.593954, 0.645104, 0.697774, 0.751635, 0.806319, 0.861418, 0.916489, 0.971063, 1.024647, 1.076731, 1.126799, 1.174334, 1.218829, 1.259794, 1.296767, 1.329321, 1.357073, 1.379691, 1.396903, 1.408496, 1.414329, 1.414329, 1.408497, 1.396904, 1.379693, 1.357074, 1.329322, 1.296769, 1.259796, 1.218831, 1.174337, 1.126802, 1.076734, 1.024650, 0.971067, 0.916493, 0.861421, 0.806323, 0.751639, 0.697777, 0.645108, 0.593957, 0.544611, 0.497310, 0.452248, 0.409577, 0.369407, 0.331809, 0.296814, 0.264421, 0.234601, 0.207294, 0.182423, 0.159889, 0.139580, 0.121372, 0.105136, 0.090736, 0.078036, 0.066904, 0.057207, 0.048822, 0.041631, 0.035525, 0.030406, 0.026185, 0.022786, 0.020145, 0.018210, 0.016942, 0.016315
0.017110, 0.017769, 0.019098, 0.021128, 0.023897, 0.027462, 0.031888, 0.037257, 0.043661, 0.051203, 0.059997, 0.070166, 0.081841, 0.095159, 0.110261, 0.127289, 0.146384, 0.167684, 0.191316, 0.217400, 0.246037, 0.277311, 0.311282, 0.347983, 0.387414, 0.429542, 0.474292, 0.521550, 0.571158, 0.622909, 0.676552, 0.731789, 0.788276, 0.845624, 0.903408, 0.961164, 1.018398, 1.074593, 1.129216, 1.181724, 1.231575, 1.278239, 1.321200, 1.359975, 1.394115, 1.423220, 1.446941, 1.464991, 1.477150, 1.483267, 1.483267, 1.477151, 1.464992, 1.446943, 1.423222, 1.394117, 1.359977, 1.321203, 1.278241, 1.231578, 1.181727, 1.129219, 1.074597, 1.018401, 0.961168, 0.903412, 0.845628, 0.788279, 0.731792, 0.676555, 0.622912, 0.571161, 0.521554, 0.474295, 0.429544, 0.387417, 0.347985, 0.311284, 0.277313, 0.246039, 0.217401, 0.191318, 0.167685, 0.146386, 0.127291, 0.110262, 0.095160, 0.081842, 0.070166, 0.059997, 0.051203, 0.043661, 0.037258, 0.031889, 0.027462, 0.023898, 0.021128, 0.019099, 0.017769, 0.017111
0.017861, 0.018548, 0.019936, 0.022054, 0.024945, 0.028666, 0.033287, 0.038891, 0.045575, 0.053448, 0.062627, 0.073242, 0.085429, 0.099331, 0.115095, 0.132869, 0.152801, 0.175034, 0.199702, 0.226928, 0.256820, 0.289465, 0.324925, 0.363234, 0.404393, 0.448366, 0.495078, 0.544407, 0.596188, 0.650206, 0.706200, 0.763857, 0.822818, 0.882680, 0.942995, 1.003281, 1.063023, 1.121680, 1.178696, 1.233504, 1.285540, 1.334248, 1.379091, 1.419565, 1.455202, 1.485582, 1.510342, 1.529182, 1.541874, 1.548259, 1.548259, 1.541874, 1.529183, 1.510343, 1.485583, 1.455204, 1.419567, 1.379094, 1.334250, 1.285543, 1.233508, 1.178699, 1.121684, 1.063026, 1.003285, 0.942999, 0.882684, 0.822822, 0.763860, 0.706203, 0.650210, 0.596191, 0.544410, 0.495081, 0.448369, 0.404396, 0.363236, 0.324927, 0.289467, 0.256822, 0.226930, 0.199703, 0.175035, 0.152802, 0.132870, 0.115096, 0.099332, 0.085430, 0.073243, 0.062628, 0.053448, 0.045576, 0.038891, 0.033287, 0.028666, 0.024946, 0.022054, 0.019936, 0.018548, 0.017861
0.018557, 0.019270, 0.020713, 0.022913, 0.025917, 0.029782, 0.034583, 0.040405, 0.047350, 0.055529, 0.065065, 0.076093, 0.088755, 0.103198, 0.119575, 0.138041, 0.158749, 0.181847, 0.207475, 0.235761, 0.266817, 0.300732, 0.337571, 0.377371, 0.420132, 0.465816, 0.514345, 0.565594, 0.619389, 0.675510, 0.733682, 0.793582, 0.854837, 0.917028, 0.979690, 1.042321, 1.104387, 1.165327, 1.224561, 1.281502, 1.335562, 1.386165, 1.432753, 1.474801, 1.511823, 1.543386, 1.569109, 1.588683, 1.601868, 1.608501, 1.608502, 1.601868, 1.588684, 1.569110, 1.543387, 1.511826, 1.474803, 1.432755, 1.386168, 1.335565, 1.281505, 1.224564, 1.165330, 1.104391, 1.042325, 0.979694, 0.917032, 0.854841, 0.793586, 0.733685, 0.675513, 0.619393, 0.565597, 0.514348, 0.465819, 0.420135, 0.377374, 0.337574, 0.300734, 0.266819, 0.235763, 0.207477, 0.181848, 0.158750, 0.138042, 0.119576, 0.103199, 0.088755, 0.076094, 0.065066, 0.055529, 0.047350, 0.040406, 0.034583, 0.029783, 0.025917, 0.022913, 0.020713, 0.019270, 0.018557
0.019189, 0.019927, 0.021418, 0.023694, 0.026799, 0.030797, 0.035761, 0.041781, 0.048962, 0.057419, 0.067281, 0.078684, 0.091776, 0.106711, 0.123645, 0.142740, 0.164152, 0.188037, 0.214537, 0.243786, 0.275898, 0.310967, 0.349060, 0.390214, 0.434430, 0.481669, 0.531849, 0.584841, 0.640467, 0.698496, 0.758648, 0.820586, 0.883925, 0.948231, 1.013025, 1.077787, 1.141964, 1.204977, 1.266226, 1.325104, 1.381003, 1.433327, 1.481500, 1.524979, 1.563261, 1.595896, 1.622495, 1.642735, 1.656368, 1.663228, 1.663228, 1.656369, 1.642736, 1.622496, 1.595898, 1.563263, 1.524981, 1.481503, 1.433330, 1.381006, 1.325107, 1.266230, 1.204980, 1.141968, 1.077791, 1.013029, 0.948235, 0.883929, 0.820590, 0.758651, 0.698500, 0.640470, 0.584844, 0.531852, 0.481672, 0.434433, 0.390217, 0.349063, 0.310969, 0.275900, 0.243788, 0.214539, 0.188038, 0.164154, 0.142741, 0.123646, 0.106712, 0.091777, 0.078685, 0.067281, 0.057420, 0.048963, 0.041782, 0.035761, 0.030797, 0.026800, 0.023694, 0.021418, 0.019927, 0.019189
0.019749, 0.020508, 0.022043, 0.024385, 0.027582, 0.031695, 0.036804, 0.043001, 0.050391, 0.059095, 0.069244, 0.080980, 0.094454, 0.109824, 0.127252, 0.146904, 0.168941, 0.193522, 0.220795, 0.250897, 0.283945, 0.320037, 0.359241, 0.401595, 0.447100, 0.495716, 0.547359, 0.601896, 0.659143, 0.718865, 0.780770, 0.844514, 0.909700, 0.975880, 1.042563, 1.109213, 1.175261, 1.240111, 1.303145, 1.363740, 1.421269, 1.475118, 1.524695, 1.569441, 1.608839, 1.642426, 1.669800, 1.690630, 1.704661, 1.711720, 1.711720, 1.704661, 1.690631, 1.669802, 1.642428, 1.608842, 1.569444, 1.524698, 1.475121, 1.421272, 1.363743, 1.303149, 1.240115, 1.175265, 1.109217, 1.042567, 0.975885, 0.909704, 0.844518, 0.780774, 0.718869, 0.659147, 0.601899, 0.547362, 0.495719, 0.447103, 0.401598, 0.359244, 0.320039, 0.283947, 0.250899, 0.220797, 0.193523, 0.168942, 0.146905, 0.127253, 0.109825, 0.094455, 0.080980, 0.069244, 0.059095, 0.050391, 0.043001, 0.036805, 0.031696, 0.027582, 0.024385, 0.022043, 0.020508, 0.019749
0.020230, 0.021008, 0.022580, 0.024979, 0.028253, 0.032467, 0.037700, 0.044047, 0.051617, 0.060533, 0.070929, 0.082950, 0.096751, 0.112495, 0.130348, 0.150477, 0.173050, 0.198229, 0.226165, 0.256999, 0.290851, 0.327820, 0.367977, 0.411361, 0.457972, 0.507769, 0.560668, 0.616531, 0.675170, 0.736343, 0.799753, 0.865046, 0.931816, 0.999605, 1.067908, 1.136178, 1.203832, 1.270257, 1.334824, 1.396891, 1.455818, 1.510976, 1.561758, 1.607592, 1.647947, 1.682350, 1.710389, 1.731725, 1.746097, 1.753328, 1.753328, 1.746098, 1.731726, 1.710391, 1.682352, 1.647950, 1.607594, 1.561761, 1.510979, 1.455821, 1.396894, 1.334828, 1.270261, 1.203836, 1.136183, 1.067912, 0.999609, 0.931820, 0.865050, 0.799757, 0.736347, 0.675174, 0.616534, 0.560671, 0.507772, 0.457975, 0.411363, 0.367980, 0.327822, 0.290853, 0.257001, 0.226167, 0.198230, 0.173052, 0.150478, 0.130349, 0.112496, 0.096752, 0.082951, 0.070929, 0.060533, 0.051618, 0.044047, 0.037700, 0.032467, 0.028253, 0.024979, 0.022580, 0.021008, 0.020230
0.020624, 0.021417, 0.023020, 0.025466, 0.028804, 0.033100, 0.038435, 0.044906, 0.052624, 0.061713, 0.072312, 0.084567, 0.098638, 0.114689, 0.132889, 0.153411, 0.176424, 0.202093, 0.230574, 0.262008, 0.296520, 0.334209, 0.375149, 0.419377, 0.466896, 0.517664, 0.571593, 0.628544, 0.688325, 0.750690, 0.815335, 0.881900, 0.949970, 1.019079, 1.088713, 1.158313, 1.227284, 1.295003, 1.360827, 1.424103, 1.484178, 1.540410, 1.592181, 1.638908, 1.680049, 1.715122, 1.743707, 1.765458, 1.780110, 1.787482, 1.787482, 1.780110, 1.765459, 1.743708, 1.715124, 1.680052, 1.638910, 1.592184, 1.540413, 1.484181, 1.424107, 1.360831, 1.295007, 1.227288, 1.158318, 1.088717, 1.019083, 0.949974, 0.881904, 0.815339, 0.750694, 0.688329, 0.628547, 0.571596, 0.517667, 0.466899, 0.419380, 0.375151, 0.334211, 0.296522, 0.262010, 0.230575, 0.202094, 0.176425, 0.153412, 0.132890, 0.114690, 0.098639, 0.084568, 0.072312, 0.061714, 0.052624, 0.044907, 0.038436, 0.033100, 0.028804, 0.025466, 0.023021, 0.021418, 0.020624
0.020928, 0.021732, 0.023359, 0.025841, 0.029228, 0.033587, 0.039000, 0.045566, 0.053397, 0.062620, 0.073374, 0.085810, 0.100087, 0.116373, 0.134841, 0.155664, 0.179014, 0.205060, 0.233959, 0.265855, 0.300873, 0.339115, 0.380655, 0.425533, 0.473749, 0.525262, 0.579982, 0.637768, 0.698427, 0.761706, 0.827299, 0.894841, 0.963909, 1.034032, 1.104687, 1.175307, 1.245291, 1.314003, 1.380792, 1.444997, 1.505952, 1.563010, 1.615541, 1.662952, 1.704697, 1.740284, 1.769287, 1.791358, 1.806224, 1.813704, 1.813704, 1.806224, 1.791359, 1.769289, 1.740286, 1.704699, 1.662955, 1.615544, 1.563013, 1.505956, 1.445001, 1.380796, 1.314007, 1.245295, 1.175312, 1.104691, 1.034036, 0.963914, 0.894845, 0.827303, 0.761710, 0.698431, 0.637772, 0.579985, 0.525265, 0.473752, 0.425536, 0.380658, 0.339118, 0.300875, 0.265857, 0.233961, 0.205062, 0.179016, 0.155665, 0.134842, 0.116374, 0.100088, 0.085810, 0.073375, 0.062621, 0.053398, 0.045567, 0.039001, 0.033587, 0.029228, 0.025841, 0.023359, 0.021733, 0.020928
0.021135, 0.021948, 0.023590, 0.026097, 0.029517, 0.033920, 0.039387, 0.046017, 0.053926, 0.063240, 0.074101, 0.086659, 0.101077, 0.117525, 0.136175, 0.157204, 0.180786, 0.207089, 0.236274, 0.268485, 0.303849, 0.342469, 0.384420, 0.429741, 0.478434, 0.530455, 0.585716, 0.644073, 0.705331, 0.769236, 0.835477, 0.903686, 0.973437, 1.044252, 1.115605, 1.186924, 1.257598, 1.326988, 1.394439, 1.459278, 1.520835, 1.578455, 1.631507, 1.679388, 1.721546, 1.757483, 1.786774, 1.809061, 1.824074, 1.831627, 1.831627, 1.824075, 1.809062, 1.786775, 1.757486, 1.721548, 1.679391, 1.631510, 1.578458, 1.520838, 1.459282, 1.394443, 1.326992, 1.257602, 1.186928, 1.115609, 1.044256, 0.973441, 0.903690, 0.835481, 0.769240, 0.705335, 0.644077, 0.585719, 0.530458, 0.478437, 0.429744, 0.384423, 0.342472, 0.303851, 0.268487, 0.236275, 0.207091, 0.180787, 0.157205, 0.136176, 0.117526, 0.101078, 0.086660, 0.074101, 0.063241, 0.053927, 0.046018, 0.039387, 0.033920, 0.029518, 0.026097, 0.023591, 0.021948, 0.021135
0.021244, 0.022061, 0.023712, 0.026231, 0.029669, 0.034094, 0.039589, 0.046254, 0.054203, 0.063565, 0.074481, 0.087103, 0.101596, 0.118127, 0.136873, 0.158010, 0.181712, 0.208150, 0.237484, 0.269859, 0.305404, 0.344222, 0.386388, 0.431940, 0.480882, 0.533169, 0.588712, 0.647368, 0.708939, 0.773170, 0.839750, 0.908307, 0.978415, 1.049593, 1.121310, 1.192996, 1.264032, 1.333778, 1.401572, 1.466741, 1.528613, 1.586527, 1.639846, 1.687971, 1.730342, 1.766464, 1.795904, 1.818305, 1.833395, 1.840986, 1.840987, 1.833395, 1.818306, 1.795905, 1.766466, 1.730345, 1.687973, 1.639850, 1.586531, 1.528617, 1.466745, 1.401576, 1.333782, 1.264036, 1.193000, 1.121314, 1.049598, 0.978420, 0.908312, 0.839754, 0.773174, 0.708943, 0.647372, 0.588715, 0.533172, 0.480885, 0.431943, 0.386390, 0.344225, 0.305407, 0.269862, 0.237486, 0.208152, 0.181714, 0.158011, 0.136874, 0.118128, 0.101597, 0.087104, 0.074481, 0.063565, 0.054203, 0.046254, 0.039589, 0.034094, 0.029669, 0.026231, 0.023712, 0.022061, 0.021244
0.021252, 0.022069, 0.023721, 0.026241, 0.029681, 0.034107, 0.039604, 0.046271, 0.054223, 0.063589, 0.074508, 0.087136, 0.101634, 0.118172, 0.136924, 0.158069, 0.181780, 0.208227, 0.237572, 0.269959, 0.305517, 0.344349, 0.386529, 0.432098, 0.481057, 0.533364, 0.588927, 0.647603, 0.709197, 0.773452, 0.840056, 0.908638, 0.978772, 1.049975, 1.121720, 1.193431, 1.264491, 1.334261, 1.402078, 1.467270, 1.529163, 1.587097, 1.640435, 1.688575, 1.730962, 1.767096, 1.796546, 1.818956, 1.834050, 1.841645, 1.841645, 1.834051, 1.818957, 1.796548, 1.767098, 1.730964, 1.688578, 1.640438, 1.587100, 1.529167, 1.467274, 1.402082, 1.334265, 1.264495, 1.193436, 1.121725, 1.049979, 0.978776, 0.908642, 0.840060, 0.773456, 0.709200, 0.647607, 0.588930, 0.533367, 0.481061, 0.432101, 0.386532, 0.344351, 0.305519, 0.269961, 0.237574, 0.208229, 0.181781, 0.158070, 0.136926, 0.118173, 0.101635, 0.087137, 0.074509, 0.063589, 0.054224, 0.046272, 0.039604, 0.034107, 0.029681, 0.026241, 0.023721, 0.022069, 0.021252
0.021160, 0.021974, 0.023618, 0.026127, 0.029552, 0.033959, 0.039432, 0.046070, 0.053987, 0.063312, 0.074184, 0.086757, 0.101191, 0.117657, 0.136328, 0.157380, 0.180987, 0.207319, 0.236536, 0.268781, 0.304184, 0.342846, 0.384842, 0.430212, 0.478957, 0.531034, 0.586355, 0.644775, 0.706099, 0.770073, 0.836387, 0.904671, 0.974498, 1.045392, 1.116822, 1.188216, 1.258965, 1.328429, 1.395949, 1.460854, 1.522476, 1.580156, 1.633260, 1.681189, 1.723390, 1.759365, 1.788687, 1.810998, 1.826027, 1.833588, 1.833588, 1.826028, 1.810999, 1.788688, 1.759368, 1.723392, 1.681192, 1.633263, 1.580159, 1.522480, 1.460858, 1.395953, 1.328433, 1.258969, 1.188220, 1.116826, 1.045396, 0.974503, 0.904675, 0.836391, 0.770077, 0.706103, 0.644779, 0.586358, 0.531038, 0.478960, 0.430215, 0.384845, 0.342849, 0.304186, 0.268783, 0.236537, 0.207321, 0.180989, 0.157381, 0.136329, 0.117658, 0.101192, 0.086757, 0.074185, 0.063312, 0.053988, 0.046071, 0.039432, 0.033959, 0.029552, 0.026127, 0.023618, 0.021974, 0.021160
0.020968, 0.021775, 0.023404, 0.025890, 0.029284, 0.033651, 0.039075, 0.045653, 0.053498, 0.062738, 0.073511, 0.085970, 0.100273, 0.116590, 0.135091, 0.155952, 0.179345, 0.205438, 0.234389, 0.266342, 0.301423, 0.339734, 0.381349, 0.426306, 0.474608, 0.526213, 0.581030, 0.638921, 0.699688, 0.763083, 0.828793, 0.896456, 0.965648, 1.035897, 1.106677, 1.177423, 1.247527, 1.316360, 1.383265, 1.447580, 1.508642, 1.565797, 1.618418, 1.665911, 1.707728, 1.743377, 1.772431, 1.794539, 1.809431, 1.816924, 1.816924, 1.809432, 1.794540, 1.772433, 1.743379, 1.707731, 1.665914, 1.618421, 1.565800, 1.508645, 1.447584, 1.383269, 1.316364, 1.247532, 1.177427, 1.106682, 1.035901, 0.965653, 0.896460, 0.828798, 0.763087, 0.699692, 0.638925, 0.581034, 0.526216, 0.474612, 0.426309, 0.381351, 0.339736, 0.301425, 0.266344, 0.234391, 0.205440, 0.179347, 0.155953, 0.135092, 0.116591, 0.100274, 0.085971, 0.073512, 0.062738, 0.053498, 0.045653, 0.039075, 0.033651, 0.029284, 0.025891, 0.023404, 0.021775, 0.020968
0.020680, 0.021475, 0.023082, 0.025534, 0.028881, 0.033188, 0.038537, 0.045024, 0.052762, 0.061874, 0.072500, 0.084787, 0.098893, 0.114985, 0.133232, 0.153805, 0.176876, 0.202610, 0.231162, 0.262675, 0.297272, 0.335055, 0.376097, 0.420435, 0.468072, 0.518966, 0.573028, 0.630121, 0.690053, 0.752573, 0.817377, 0.884107, 0.952345, 1.021625, 1.091429, 1.161199, 1.230337, 1.298221, 1.364204, 1.427632, 1.487851, 1.544219, 1.596115, 1.642953, 1.684193, 1.719350, 1.748004, 1.769807, 1.784494, 1.791883, 1.791883, 1.784495, 1.769808, 1.748005, 1.719352, 1.684195, 1.642955, 1.596117, 1.544222, 1.487855, 1.427636, 1.364208, 1.298225, 1.230341, 1.161203, 1.091434, 1.021629, 0.952349, 0.884111, 0.817381, 0.752577, 0.690057, 0.630125, 0.573031, 0.518969, 0.468075, 0.420438, 0.376099, 0.335058, 0.297274, 0.262677, 0.231164, 0.202611, 0.176878, 0.153807, 0.133233, 0.114986, 0.098894, 0.084788, 0.072500, 0.061875, 0.052762, 0.045025, 0.038537, 0.033188, 0.028881, 0.025535, 0.023082, 0.021475, 0.020680
0.020299, 0.021080, 0.022657, 0.025064, 0.028349, 0.032577, 0.037827, 0.044194, 0.051789, 0.060734, 0.071163, 0.083224, 0.097070, 0.112865, 0.130775, 0.150969, 0.173614, 0.198873, 0.226898, 0.257830, 0.291789, 0.328875, 0.369159, 0.412680, 0.459438, 0.509393, 0.562459, 0.618500, 0.677324, 0.738689, 0.802297, 0.867794, 0.934772, 1.002773, 1.071289, 1.139770, 1.207632, 1.274262, 1.339027, 1.401285, 1.460392, 1.515719, 1.566657, 1.612630, 1.653109, 1.687617, 1.715741, 1.737143, 1.751558, 1.758810, 1.758811, 1.751559, 1.737144, 1.715743, 1.687619, 1.653111, 1.612633, 1.566660, 1.515722, 1.460396, 1.401289, 1.339031, 1.274266, 1.207636, 1.139774, 1.071293, 1.002777, 0.934776, 0.867798, 0.802301, 0.738693, 0.677327, 0.618503, 0.562462, 0.509397, 0.459441, 0.412683, 0.369162, 0.328878, 0.291791, 0.257832, 0.226900, 0.198875, 0.173616, 0.150970, 0.130776, 0.112866, 0.097071, 0.083224, 0.071164, 0.060734, 0.051790, 0.044195, 0.037827, 0.032577, 0.028349, 0.025064, 0.022657, 0.021080, 0.020299
0.019831, 0.020593, 0.022134, 0.024485, 0.027694, 0.031824, 0.036953, 0.043174, 0.050593, 0.059331, 0.069520, 0.081302, 0.094828, 0.110258, 0.127755, 0.147482, 0.169604, 0.194279, 0.221657, 0.251874, 0.285049, 0.321278, 0.360631, 0.403146, 0.448824, 0.497626, 0.549467, 0.604211, 0.661675, 0.721621, 0.783759, 0.847742, 0.913172, 0.979600, 1.046532, 1.113431, 1.179724, 1.244814, 1.308082, 1.368900, 1.426641, 1.480689, 1.530449, 1.575359, 1.614902, 1.648612, 1.676087, 1.696993, 1.711076, 1.718160, 1.718161, 1.711076, 1.696994, 1.676088, 1.648614, 1.614905, 1.575362, 1.530451, 1.480692, 1.426645, 1.368904, 1.308086, 1.244818, 1.179728, 1.113435, 1.046536, 0.979604, 0.913176, 0.847746, 0.783763, 0.721625, 0.661678, 0.604214, 0.549470, 0.497629, 0.448827, 0.403149, 0.360633, 0.321280, 0.285051, 0.251876, 0.221659, 0.194281, 0.169606, 0.147483, 0.127756, 0.110259, 0.094829, 0.081302, 0.069521, 0.059332, 0.050594, 0.043174, 0.036954, 0.031825, 0.027695, 0.024485, 0.022134, 0.020593, 0.019831
0.019281, 0.020022, 0.021521, 0.023807, 0.026927, 0.030942, 0.035929, 0.041977, 0.049191, 0.057686, 0.067592, 0.079047, 0.092199, 0.107201, 0.124212, 0.143392, 0.164901, 0.188891, 0.215509, 0.244888, 0.277142, 0.312366, 0.350628, 0.391963, 0.436374, 0.483823, 0.534225, 0.587450, 0.643319, 0.701602, 0.762015, 0.824222, 0.887836, 0.952421, 1.017496, 1.082537, 1.146991, 1.210275, 1.271787, 1.330917, 1.387055, 1.439603, 1.487982, 1.531646, 1.570091, 1.602866, 1.629577, 1.649903, 1.663595, 1.670483, 1.670484, 1.663596, 1.649904, 1.629579, 1.602867, 1.570093, 1.531648, 1.487985, 1.439606, 1.387058, 1.330920, 1.271791, 1.210279, 1.146995, 1.082541, 1.017500, 0.952425, 0.887840, 0.824226, 0.762019, 0.701606, 0.643322, 0.587453, 0.534228, 0.483826, 0.436377, 0.391966, 0.350630, 0.312368, 0.277144, 0.244890, 0.215511, 0.188893, 0.164902, 0.143393, 0.124213, 0.107202, 0.092200, 0.079048, 0.067593, 0.057687, 0.049191, 0.041977, 0.035929, 0.030942, 0.026927, 0.023807, 0.021521, 0.020022, 0.019281
0.018657, 0.019375, 0.020825, 0.023037, 0.026056, 0.029941, 0.034767, 0.040619, 0.047600, 0.055820, 0.065406, 0.076490, 0.089216, 0.103733, 0.120193, 0.138753, 0.159566, 0.182780, 0.208537, 0.236965, 0.268175, 0.302260, 0.339283, 0.379281, 0.422255, 0.468168, 0.516938, 0.568440, 0.622501, 0.678898, 0.737356, 0.797549, 0.859104, 0.921598, 0.984566, 1.047503, 1.109870, 1.171105, 1.230626, 1.287842, 1.342163, 1.393010, 1.439823, 1.482073, 1.519274, 1.550987, 1.576834, 1.596502, 1.609750, 1.616416, 1.616416, 1.609751, 1.596503, 1.576836, 1.550989, 1.519276, 1.482076, 1.439825, 1.393013, 1.342167, 1.287845, 1.230630, 1.171109, 1.109874, 1.047507, 0.984570, 0.921602, 0.859108, 0.797553, 0.737359, 0.678901, 0.622505, 0.568444, 0.516941, 0.468171, 0.422258, 0.379284, 0.339285, 0.302262, 0.268178, 0.236967, 0.208539, 0.182782, 0.159567, 0.138754, 0.120195, 0.103734, 0.089217, 0.076491, 0.065407, 0.055821, 0.047600, 0.040620, 0.034767, 0.029942, 0.026056, 0.023037, 0.020825, 0.019375, 0.018657
0.017968, 0.018659, 0.020055, 0.022186, 0.025093, 0.028835, 0.033482, 0.039119, 0.045841, 0.053758, 0.062990, 0.073664, 0.085920, 0.099900, 0.115753, 0.133626, 0.153670, 0.176026, 0.200831, 0.228209, 0.258265, 0.291090, 0.326745, 0.365265, 0.406651, 0.450866, 0.497833, 0.547432, 0.599495, 0.653806, 0.710103, 0.768072, 0.827351, 0.887535, 0.948175, 1.008785, 1.068847, 1.127818, 1.185139, 1.240240, 1.292552, 1.341519, 1.386601, 1.427290, 1.463115, 1.493656, 1.518548, 1.537488, 1.550247, 1.556665, 1.556666, 1.550247, 1.537489, 1.518549, 1.493658, 1.463117, 1.427292, 1.386604, 1.341522, 1.292555, 1.240243, 1.185142, 1.127822, 1.068851, 1.008789, 0.948179, 0.887539, 0.827355, 0.768075, 0.710107, 0.653810, 0.599498, 0.547435, 0.497837, 0.450869, 0.406654, 0.365268, 0.326747, 0.291092, 0.258267, 0.228210, 0.200833, 0.176028, 0.153671, 0.133628, 0.115754, 0.099901, 0.085921, 0.073665, 0.062990, 0.053759, 0.045842, 0.039119, 0.033483, 0.028836, 0.025094, 0.022186, 0.020055, 0.018659, 0.017968
0.017222, 0.017885, 0.019223, 0.021265, 0.024052, 0.027638, 0.032092, 0.037495, 0.043938, 0.051526, 0.060374, 0.070606, 0.082352, 0.095752, 0.110946, 0.128077, 0.147288, 0.168716, 0.192491, 0.218731, 0.247539, 0.279000, 0.313174, 0.350094, 0.389761, 0.432139, 0.477155, 0.524693, 0.574593, 0.626648, 0.680606, 0.736166, 0.792983, 0.850666, 0.908787, 0.966879, 1.024445, 1.080966, 1.135905, 1.188717, 1.238856, 1.285788, 1.328997, 1.367995, 1.402332, 1.431604, 1.455461, 1.473615, 1.485843, 1.491996, 1.491996, 1.485844, 1.473616, 1.455463, 1.431606, 1.402334, 1.367998, 1.329000, 1.285791, 1.238859, 1.188720, 1.135908, 1.080970, 1.024449, 0.966882, 0.908791, 0.850670, 0.792987, 0.736170, 0.680610, 0.626652, 0.574596, 0.524696, 0.477158, 0.432142, 0.389763, 0.350096, 0.313176, 0.279002, 0.247541, 0.218732, 0.192492, 0.168717, 0.147289, 0.128078, 0.110947, 0.095753, 0.082353, 0.070606, 0.060375, 0.051527, 0.043938, 0.037495, 0.032093, 0.027638, 0.024052, 0.021265, 0.019223, 0.017885, 0.017222
0.016429, 0.017060, 0.018337, 0.020285, 0.022943, 0.026365, 0.030614, 0.035767, 0.041913, 0.049152, 0.057592, 0.067352, 0.078557, 0.091339, 0.105832, 0.122174, 0.140499, 0.160940, 0.183618, 0.208649, 0.236129, 0.266140, 0.298738, 0.333956, 0.371795, 0.412219, 0.455159, 0.500506, 0.548105, 0.597760, 0.649231, 0.702229, 0.756426, 0.811450, 0.866891, 0.922304, 0.977216, 1.031131, 1.083537, 1.133913, 1.181740, 1.226509, 1.267725, 1.304925, 1.337679, 1.365601, 1.388359, 1.405675, 1.417340, 1.423208, 1.423209, 1.417341, 1.405676, 1.388360, 1.365603, 1.337681, 1.304927, 1.267728, 1.226512, 1.181743, 1.133916, 1.083540, 1.031134, 0.977219, 0.922307, 0.866894, 0.811453, 0.756430, 0.702233, 0.649234, 0.597764, 0.548108, 0.500509, 0.455162, 0.412222, 0.371797, 0.333958, 0.298740, 0.266142, 0.236131, 0.208651, 0.183620, 0.160941, 0.140501, 0.122175, 0.105833, 0.091340, 0.078558, 0.067352, 0.057592, 0.049152, 0.041913, 0.035767, 0.030614, 0.026365, 0.022944, 0.020285, 0.018337, 0.017061, 0.016429
0.015597, 0.016197, 0.017409, 0.019258, 0.021782, 0.025030, 0.029064, 0.033956, 0.039791, 0.046663, 0.054676, 0.063942, 0.074580, 0.086714, 0.100474, 0.115988, 0.133386, 0.152791, 0.174321, 0.198084, 0.224173, 0.252664, 0.283611, 0.317046, 0.352967, 0.391345, 0.432110, 0.475160, 0.520349, 0.567490, 0.616353, 0.666667, 0.718119, 0.770356, 0.822989, 0.875595, 0.927726, 0.978910, 1.028662, 1.076487, 1.121892, 1.164392, 1.203521, 1.238837, 1.269932, 1.296440, 1.318044, 1.334484, 1.345557, 1.351129, 1.351129, 1.345558, 1.334485, 1.318045, 1.296441, 1.269933, 1.238839, 1.203524, 1.164395, 1.121894, 1.076489, 1.028665, 0.978914, 0.927729, 0.875598, 0.822992, 0.770359, 0.718122, 0.666670, 0.616356, 0.567493, 0.520352, 0.475163, 0.432113, 0.391347, 0.352970, 0.317048, 0.283613, 0.252666, 0.224175, 0.198086, 0.174323, 0.152792, 0.133387, 0.115989, 0.100475, 0.086715, 0.074580, 0.063942, 0.054677, 0.046664, 0.039792, 0.033957, 0.029064, 0.025030, 0.021782, 0.019258, 0.017409, 0.016197, 0.015597
0.014737, 0.015304, 0.016449, 0.018196, 0.020581, 0.023650, 0.027461, 0.032084, 0.037597, 0.044090, 0.051661, 0.060415, 0.070466, 0.081932, 0.094933, 0.109591, 0.126029, 0.144364, 0.164706, 0.187159, 0.211808, 0.238727, 0.267968, 0.299557, 0.333497, 0.369758, 0.408274, 0.448949, 0.491645, 0.536185, 0.582353, 0.629891, 0.678504, 0.727859, 0.777588, 0.827292, 0.876547, 0.924907, 0.971914, 1.017100, 1.059999, 1.100156, 1.137125, 1.170493, 1.199872, 1.224918, 1.245330, 1.260863, 1.271325, 1.276588, 1.276588, 1.271325, 1.260864, 1.245332, 1.224919, 1.199874, 1.170495, 1.137128, 1.100158, 1.060002, 1.017103, 0.971916, 0.924910, 0.876550, 0.827295, 0.777591, 0.727862, 0.678507, 0.629894, 0.582356, 0.536188, 0.491648, 0.448952, 0.408277, 0.369760, 0.333499, 0.299559, 0.267970, 0.238729, 0.211810, 0.187160, 0.164708, 0.144365, 0.126030, 0.109592, 0.094933, 0.081933, 0.070467, 0.060416, 0.051661, 0.044090, 0.037597, 0.032084, 0.027461, 0.023650, 0.020581, 0.018196, 0.016449, 0.015304, 0.014737
0.013858, 0.014391, 0.015468, 0.017111, 0.019353, 0.022239, 0.025823, 0.030170, 0.035354, 0.041460, 0.048579, 0.056811, 0.066263, 0.077044, 0.089269, 0.103053, 0.118510, 0.135751, 0.154880, 0.175993, 0.199172, 0.224484, 0.251980, 0.281684, 0.313599, 0.347696, 0.383914, 0.422162, 0.462310, 0.504192, 0.547605, 0.592306, 0.638019, 0.684428, 0.731190, 0.777928, 0.824243, 0.869717, 0.913918, 0.956408, 0.996747, 1.034507, 1.069271, 1.100646, 1.128273, 1.151824, 1.171019, 1.185625, 1.195462, 1.200411, 1.200411, 1.195462, 1.185625, 1.171020, 1.151825, 1.128274, 1.100648, 1.069273, 1.034510, 0.996750, 0.956411, 0.913921, 0.869720, 0.824246, 0.777930, 0.731193, 0.684431, 0.638022, 0.592309, 0.547608, 0.504195, 0.462312, 0.422164, 0.383917, 0.347698, 0.313601, 0.281686, 0.251982, 0.224486, 0.199173, 0.175994, 0.154881, 0.135752, 0.118511, 0.103054, 0.089270, 0.077045, 0.066263, 0.056812, 0.048579, 0.041460, 0.035355, 0.030170, 0.025823, 0.022239, 0.019353, 0.017111, 0.015468, 0.014391, 0.013858
0.012970, 0.013468, 0.014476, 0.016014, 0.018112, 0.020813, 0.024167, 0.028235, 0.033087, 0.038801, 0.045463, 0.053167, 0.062013, 0.072102, 0.083543, 0.096443, 0.110909, 0.127043, 0.144945, 0.164703, 0.186395, 0.210084, 0.235816, 0.263615, 0.293482, 0.325391, 0.359286, 0.395080, 0.432652, 0.471847, 0.512475, 0.554308, 0.597087, 0.640519, 0.684281, 0.728020, 0.771363, 0.813920, 0.855285, 0.895049, 0.932800, 0.968137, 1.000671, 1.030034, 1.055887, 1.077927, 1.095890, 1.109558, 1.118765, 1.123397, 1.123397, 1.118765, 1.109559, 1.095891, 1.077928, 1.055888, 1.030035, 1.000672, 0.968139, 0.932803, 0.895051, 0.855288, 0.813923, 0.771366, 0.728022, 0.684283, 0.640522, 0.597090, 0.554311, 0.512478, 0.471850, 0.432654, 0.395082, 0.359288, 0.325393, 0.293484, 0.263617, 0.235818, 0.210086, 0.186397, 0.164705, 0.144946, 0.127044, 0.110910, 0.096444, 0.083544, 0.072103, 0.062013, 0.053168, 0.045464, 0.038801, 0.033087, 0.028235, 0.024167, 0.020813, 0.018112, 0.016014, 0.014476, 0.013468, 0.012970
0.012080, 0.012544, 0.013483, 0.014915, 0.016870, 0.019385, 0.022509, 0.026298, 0.030817, 0.036139, 0.042344, 0.049520, 0.057758, 0.067156, 0.077811, 0.089826, 0.103299, 0.118327, 0.135000, 0.153403, 0.173606, 0.195670, 0.219636, 0.245527, 0.273344, 0.303064, 0.334633, 0.367970, 0.402964, 0.439469, 0.477309, 0.516271, 0.556115, 0.596567, 0.637325, 0.678062, 0.718432, 0.758068, 0.796594, 0.833629, 0.868789, 0.901701, 0.932002, 0.959350, 0.983429, 1.003956, 1.020686, 1.033417, 1.041991, 1.046306, 1.046306, 1.041992, 1.033417, 1.020687, 1.003957, 0.983430, 0.959351, 0.932003, 0.901703, 0.868792, 0.833631, 0.796597, 0.758070, 0.718434, 0.678065, 0.637327, 0.596569, 0.556118, 0.516274, 0.477311, 0.439471, 0.402966, 0.367972, 0.334635, 0.303066, 0.273346, 0.245528, 0.219637, 0.195671, 0.173608, 0.153404, 0.135001, 0.118328, 0.103300, 0.089827, 0.077812, 0.067156, 0.057759, 0.049520, 0.042345, 0.036139, 0.030817, 0.026298, 0.022509, 0.019385, 0.016870, 0.014915, 0.013483, 0.012544, 0.012080
0.011198, 0.011628, 0.012498, 0.013826, 0.015637, 0.017969, 0.020865, 0.024377, 0.028566, 0.033499, 0.039251, 0.045902, 0.053539, 0.062250, 0.072127, 0.083264, 0.095752, 0.109682, 0.125138, 0.142195, 0.160922, 0.181374, 0.203589, 0.227588, 0.253372, 0.280920, 0.310182, 0.341084, 0.373521, 0.407358, 0.442433, 0.478549, 0.515481, 0.552977, 0.590757, 0.628518, 0.665937, 0.702677, 0.738388, 0.772716, 0.805307, 0.835814, 0.863900, 0.889249, 0.911569, 0.930596, 0.946104, 0.957904, 0.965852, 0.969851, 0.969851, 0.965853, 0.957905, 0.946104, 0.930597, 0.911570, 0.889251, 0.863902, 0.835816, 0.805309, 0.772718, 0.738390, 0.702679, 0.665939, 0.628520, 0.590759, 0.552979, 0.515484, 0.478551, 0.442435, 0.407361, 0.373523, 0.341086, 0.310184, 0.280921, 0.253374, 0.227589, 0.203590, 0.181375, 0.160924, 0.142196, 0.125139, 0.109683, 0.095753, 0.083264, 0.072127, 0.062250, 0.053539, 0.045903, 0.039251, 0.033499, 0.028566, 0.024377, 0.020865, 0.017969, 0.015638, 0.013826, 0.012498, 0.011628, 0.011198
0.010330, 0.010727, 0.011530, 0.012754, 0.014426, 0.016577, 0.019248, 0.022488, 0.026352, 0.030903, 0.036210, 0.042346, 0.049390, 0.057426, 0.066538, 0.076812, 0.088333, 0.101183, 0.115441, 0.131176, 0.148453, 0.167319, 0.187812, 0.209952, 0.233738, 0.259150, 0.286144, 0.314651, 0.344574, 0.375790, 0.408146, 0.441463, 0.475533, 0.510123, 0.544975, 0.579809, 0.614328, 0.648220, 0.681164, 0.712832, 0.742897, 0.771039, 0.796949, 0.820334, 0.840923, 0.858476, 0.872782, 0.883667, 0.890999, 0.894688, 0.894689, 0.891000, 0.883668, 0.872782, 0.858477, 0.840924, 0.820335, 0.796950, 0.771041, 0.742899, 0.712834, 0.681166, 0.648222, 0.614330, 0.579811, 0.544977, 0.510125, 0.475535, 0.441465, 0.408148, 0.375792, 0.344576, 0.314653, 0.286146, 0.259151, 0.233739, 0.209953, 0.187814, 0.167320, 0.148454, 0.131177, 0.115442, 0.101184, 0.088333, 0.076813, 0.066539, 0.057427, 0.049391, 0.042346, 0.036210, 0.030904, 0.026353, 0.022488, 0.019248, 0.016577, 0.014426, 0.012755, 0.011530, 0.010727, 0.010330
0.009484, 0.009849, 0.010586, 0.011710, 0.013245, 0.015219, 0.017672, 0.020647, 0.024194, 0.028373, 0.033244, 0.038878, 0.045345, 0.052723, 0.061089, 0.070521, 0.081099, 0.092896, 0.105986, 0.120433, 0.136294, 0.153616, 0.172430, 0.192756, 0.214594, 0.237925, 0.262708, 0.288879, 0.316352, 0.345011, 0.374717, 0.405305, 0.436584, 0.468341, 0.500338, 0.532319, 0.564010, 0.595126, 0.625371, 0.654445, 0.682048, 0.707885, 0.731672, 0.753141, 0.772044, 0.788159, 0.801292, 0.811286, 0.818018, 0.821405, 0.821405, 0.818018, 0.811287, 0.801293, 0.788159, 0.772045, 0.753142, 0.731673, 0.707886, 0.682049, 0.654447, 0.625373, 0.595128, 0.564012, 0.532321, 0.500340, 0.468342, 0.436586, 0.405306, 0.374718, 0.345012, 0.316354, 0.288881, 0.262709, 0.237926, 0.214595, 0.192757, 0.172431, 0.153617, 0.136295, 0.120434, 0.105987, 0.092897, 0.081099, 0.070522, 0.061089, 0.052724, 0.045346, 0.038878, 0.033245, 0.028373, 0.024195, 0.020647, 0.017672, 0.015220, 0.013245, 0.011710, 0.010586, 0.009849, 0.009484
0.008666, 0.008999, 0.009672, 0.010700, 0.012102, 0.013906, 0.016147, 0.018865, 0.022107, 0.025924, 0.030376, 0.035523, 0.041433, 0.048174, 0.055818, 0.064436, 0.074101, 0.084880, 0.096841, 0.110041, 0.124533, 0.140360, 0.157551, 0.176123, 0.196076, 0.217393, 0.240037, 0.263950, 0.289051, 0.315237, 0.342380, 0.370328, 0.398908, 0.427924, 0.457159, 0.486380, 0.515337, 0.543767, 0.571402, 0.597967, 0.623187, 0.646794, 0.668528, 0.688145, 0.705416, 0.720140, 0.732140, 0.741272, 0.747422, 0.750517, 0.750517, 0.747423, 0.741272, 0.732141, 0.720141, 0.705417, 0.688146, 0.668530, 0.646796, 0.623188, 0.597968, 0.571404, 0.543769, 0.515338, 0.486382, 0.457161, 0.427925, 0.398909, 0.370329, 0.342381, 0.315239, 0.289053, 0.263951, 0.240038, 0.217394, 0.196077, 0.176124, 0.157552, 0.140361, 0.124534, 0.110042, 0.096841, 0.084881, 0.074101, 0.064437, 0.055818, 0.048174, 0.041433, 0.035524, 0.030376, 0.025925, 0.022107, 0.018865, 0.016147, 0.013906, 0.012102, 0.010700, 0.009672, 0.008999, 0.008666
0.007880, 0.008183, 0.008796, 0.009730, 0.011005, 0.012646, 0.014683, 0.017155, 0.020103, 0.023574, 0.027622, 0.032303, 0.037677, 0.043806, 0.050757, 0.058594, 0.067383, 0.077185, 0.088061, 0.100064, 0.113242, 0.127634, 0.143266, 0.160154, 0.178298, 0.197682, 0.218273, 0.240018, 0.262843, 0.286654, 0.311336, 0.336750, 0.362738, 0.389123, 0.415708, 0.442279, 0.468610, 0.494463, 0.519592, 0.543747, 0.566681, 0.588147, 0.607911, 0.625748, 0.641454, 0.654843, 0.665755, 0.674058, 0.679651, 0.682465, 0.682465, 0.679651, 0.674058, 0.665755, 0.654843, 0.641455, 0.625749, 0.607912, 0.588149, 0.566682, 0.543749, 0.519593, 0.494464, 0.468611, 0.442281, 0.415709, 0.389125, 0.362740, 0.336751, 0.311337, 0.286655, 0.262844, 0.240019, 0.218274, 0.197684, 0.178299, 0.160155, 0.143267, 0.127635, 0.113243, 0.100065, 0.088061, 0.077186, 0.067383, 0.058595, 0.050758, 0.043807, 0.037677, 0.032303, 0.027622, 0.023574, 0.020103, 0.017155, 0.014684, 0.012646, 0.011005, 0.009730, 0.008796, 0.008183, 0.007880
0.007132, 0.007406, 0.007960, 0.008805, 0.009959, 0.011444, 0.013288, 0.015525, 0.018193, 0.021334, 0.024998, 0.029234, 0.034097, 0.039644, 0.045935, 0.053027, 0.060980, 0.069851, 0.079693, 0.090556, 0.102482, 0.115506, 0.129653, 0.144936, 0.161356, 0.178898, 0.197532, 0.217210, 0.237866, 0.259414, 0.281750, 0.304750, 0.328269, 0.352146, 0.376205, 0.400251, 0.424080, 0.447475, 0.470216, 0.492077, 0.512831, 0.532257, 0.550143, 0.566285, 0.580498, 0.592615, 0.602490, 0.610004, 0.615065, 0.617612, 0.617612, 0.615066, 0.610004, 0.602490, 0.592615, 0.580499, 0.566286, 0.550144, 0.532258, 0.512832, 0.492078, 0.470218, 0.447477, 0.424081, 0.400252, 0.376206, 0.352148, 0.328270, 0.304751, 0.281751, 0.259416, 0.237868, 0.217212, 0.197534, 0.178899, 0.161357, 0.144937, 0.129654, 0.115507, 0.102483, 0.090557, 0.079694, 0.069852, 0.060981, 0.053027, 0.045935, 0.039645, 0.034097, 0.029234, 0.024998, 0.021335, 0.018193, 0.015525, 0.013289, 0.011444, 0.009959, 0.008805, 0.007960, 0.007406, 0.007132
0.006423, 0.006670, 0.007169, 0.007931, 0.008970, 0.010307, 0.011968, 0.013983, 0.016385, 0.019215, 0.022514, 0.026329, 0.030709, 0.035706, 0.041371, 0.047759, 0.054922, 0.062911, 0.071776, 0.081559, 0.092300, 0.104030, 0.116771, 0.130536, 0.145324, 0.161123, 0.177906, 0.195629, 0.214232, 0.233639, 0.253755, 0.274469, 0.295651, 0.317156, 0.338824, 0.360481, 0.381942, 0.403013, 0.423495, 0.443183, 0.461875, 0.479371, 0.495479, 0.510017, 0.522818, 0.533730, 0.542624, 0.549392, 0.553950, 0.556244, 0.556244, 0.553951, 0.549392, 0.542625, 0.533731, 0.522819, 0.510018, 0.495480, 0.479372, 0.461876, 0.443184, 0.423496, 0.403015, 0.381943, 0.360482, 0.338825, 0.317158, 0.295652, 0.274470, 0.253756, 0.233640, 0.214233, 0.195630, 0.177907, 0.161124, 0.145325, 0.130537, 0.116772, 0.104031, 0.092301, 0.081560, 0.071776, 0.062912, 0.054922, 0.047759, 0.041371, 0.035706, 0.030710, 0.026330, 0.022514, 0.019215, 0.016386, 0.013983, 0.011968, 0.010307, 0.008970, 0.007931, 0.007169, 0.006670, 0.006423
0.005757, 0.005979, 0.006426, 0.007109, 0.008040, 0.009239, 0.010728, 0.012533, 0.014687, 0.017223, 0.020180, 0.023600, 0.027526, 0.032004, 0.037082, 0.042808, 0.049228, 0.056389, 0.064335, 0.073104, 0.082731, 0.093245, 0.104665, 0.117003, 0.130258, 0.144419, 0.159462, 0.175347, 0.192021, 0.209416, 0.227447, 0.246012, 0.264998, 0.284273, 0.303695, 0.323106, 0.342343, 0.361229, 0.379587, 0.397234, 0.413987, 0.429670, 0.444108, 0.457139, 0.468612, 0.478393, 0.486365, 0.492431, 0.496516, 0.498572, 0.498572, 0.496517, 0.492431, 0.486365, 0.478394, 0.468613, 0.457139, 0.444108, 0.429671, 0.413988, 0.397235, 0.379588, 0.361230, 0.342344, 0.323108, 0.303696, 0.284274, 0.264999, 0.246013, 0.227448, 0.209417, 0.192022, 0.175348, 0.159462, 0.144420, 0.130259, 0.117004, 0.104666, 0.093246, 0.082732, 0.073104, 0.064335, 0.056390, 0.049228, 0.042808, 0.037082, 0.032004, 0.027526, 0.023600, 0.020180, 0.017223, 0.014687, 0.012533, 0.010728, 0.009239, 0.008040, 0.007109, 0.006426, 0.005979, 0.005757
0.005136, 0.005333, 0.005732, 0.006341, 0.007172, 0.008241, 0.009569, 0.011180, 0.013101, 0.015364, 0.018001, 0.021052, 0.024554, 0.028549, 0.033078, 0.038186, 0.043913, 0.050301, 0.057388, 0.065211, 0.073799, 0.083177, 0.093364, 0.104370, 0.116194, 0.128826, 0.142244, 0.156414, 0.171288, 0.186804, 0.202888, 0.219449, 0.236384, 0.253578, 0.270902, 0.288218, 0.305377, 0.322224, 0.338600, 0.354341, 0.369286, 0.383275, 0.396154, 0.407777, 0.418012, 0.426737, 0.433848, 0.439258, 0.442903, 0.444737, 0.444737, 0.442903, 0.439259, 0.433848, 0.426737, 0.418012, 0.407778, 0.396154, 0.383275, 0.369287, 0.354342, 0.338601, 0.322225, 0.305378, 0.288219, 0.270903, 0.253579, 0.236385, 0.219450, 0.202889, 0.186805, 0.171289, 0.156415, 0.142245, 0.128826, 0.116194, 0.104370, 0.093365, 0.083178, 0.073799, 0.065211, 0.057389, 0.050301, 0.043913, 0.038186, 0.033079, 0.028549, 0.024554, 0.021052, 0.018002, 0.015364, 0.013101, 0.011180, 0.009570, 0.008242, 0.007172, 0.006341, 0.005732, 0.005333, 0.005136
0.004559, 0.004735, 0.005089, 0.005629, 0.006367, 0.007316, 0.008495, 0.009925, 0.011631, 0.013639, 0.015981, 0.018689, 0.021798, 0.025344, 0.029365, 0.033899, 0.038984, 0.044655, 0.050947, 0.057891, 0.065515, 0.073841, 0.082884, 0.092654, 0.103151, 0.114365, 0.126277, 0.138856, 0.152060, 0.165835, 0.180113, 0.194815, 0.209849, 0.225113, 0.240492, 0.255863, 0.271096, 0.286051, 0.300589, 0.314563, 0.327830, 0.340249, 0.351682, 0.362001, 0.371086, 0.378832, 0.385144, 0.389948, 0.393183, 0.394811, 0.394811, 0.393183, 0.389948, 0.385145, 0.378832, 0.371087, 0.362002, 0.351683, 0.340250, 0.327831, 0.314564, 0.300590, 0.286052, 0.271097, 0.255864, 0.240493, 0.225113, 0.209850, 0.194816, 0.180114, 0.165836, 0.152061, 0.138857, 0.126277, 0.114365, 0.103151, 0.092655, 0.082885, 0.073841, 0.065515, 0.057891, 0.050947, 0.044655, 0.038984, 0.033900, 0.029366, 0.025344, 0.021798, 0.018689, 0.015981, 0.013639, 0.011631, 0.009925, 0.008495, 0.007317, 0.006367, 0.005630, 0.005089, 0.004735, 0.004559
0.004028, 0.004183, 0.004496, 0.004974, 0.005625, 0.006464, 0.007506, 0.008769, 0.010276, 0.012050, 0.014119, 0.016512, 0.019258, 0.022391, 0.025944, 0.029950, 0.034442, 0.039452, 0.045011, 0.051146, 0.057882, 0.065237, 0.073227, 0.081859, 0.091132, 0.101040, 0.111564, 0.122677, 0.134343, 0.146513, 0.159127, 0.172116, 0.185398, 0.198883, 0.212470, 0.226051, 0.239508, 0.252721, 0.265564, 0.277910, 0.289631, 0.300602, 0.310704, 0.319821, 0.327848, 0.334691, 0.340267, 0.344511, 0.347370, 0.348808, 0.348808, 0.347370, 0.344511, 0.340268, 0.334691, 0.327848, 0.319821, 0.310705, 0.300603, 0.289632, 0.277911, 0.265565, 0.252722, 0.239509, 0.226051, 0.212471, 0.198884, 0.185399, 0.172116, 0.159128, 0.146513, 0.134344, 0.122678, 0.111564, 0.101040, 0.091133, 0.081859, 0.073228, 0.065238, 0.057882, 0.051146, 0.045011, 0.039452, 0.034442, 0.029950, 0.025944, 0.022392, 0.019258, 0.016512, 0.014119, 0.012050, 0.010276, 0.008769, 0.007506, 0.006464, 0.005625, 0.004974, 0.004496, 0.004183, 0.004028
0.003542, 0.003678, 0.003953, 0.004373, 0.004946, 0.005684, 0.006599, 0.007710, 0.009035, 0.010595, 0.012414, 0.014518, 0.016933, 0.019688, 0.022811, 0.026334, 0.030283, 0.034688, 0.039576, 0.044970, 0.050892, 0.057360, 0.064385, 0.071974, 0.080128, 0.088839, 0.098092, 0.107863, 0.118120, 0.128820, 0.139911, 0.151332, 0.163010, 0.174867, 0.186813, 0.198753, 0.210586, 0.222203, 0.233495, 0.244350, 0.254655, 0.264302, 0.273183, 0.281198, 0.288256, 0.294272, 0.299176, 0.302907, 0.305421, 0.306685, 0.306685, 0.305421, 0.302907, 0.299176, 0.294273, 0.288256, 0.281199, 0.273183, 0.264302, 0.254656, 0.244351, 0.233496, 0.222204, 0.210586, 0.198754, 0.186814, 0.174867, 0.163011, 0.151332, 0.139912, 0.128821, 0.118121, 0.107864, 0.098092, 0.088839, 0.080128, 0.071975, 0.064385, 0.057360, 0.050893, 0.044970, 0.039576, 0.034688, 0.030283, 0.026334, 0.022812, 0.019688, 0.016933, 0.014518, 0.012414, 0.010595, 0.009035, 0.007710, 0.006599, 0.005684, 0.004946, 0.004373, 0.003953, 0.003678, 0.003542
0.003099, 0.003218, 0.003459, 0.003827, 0.004328, 0.004973, 0.005775, 0.006747, 0.007906, 0.009271, 0.010863, 0.012704, 0.014817, 0.017227, 0.019961, 0.023043, 0.026498, 0.030353, 0.034630, 0.039350, 0.044532, 0.050191, 0.056338, 0.062979, 0.070114, 0.077736, 0.085833, 0.094383, 0.103358, 0.112721, 0.122425, 0.132418, 0.142637, 0.153012, 0.163465, 0.173913, 0.184267, 0.194432, 0.204313, 0.213811, 0.222828, 0.231269, 0.239040, 0.246054, 0.252229, 0.257494, 0.261784, 0.265049, 0.267248, 0.268355, 0.268355, 0.267248, 0.265049, 0.261785, 0.257494, 0.252229, 0.246054, 0.239041, 0.231270, 0.222829, 0.213811, 0.204313, 0.194433, 0.184267, 0.173914, 0.163466, 0.153013, 0.142638, 0.132419, 0.122426, 0.112721, 0.103359, 0.094383, 0.085833, 0.077736, 0.070114, 0.062980, 0.056339, 0.050192, 0.044533, 0.039350, 0.034630, 0.030353, 0.026499, 0.023043, 0.019961, 0.017228, 0.014817, 0.012704, 0.010863, 0.009271, 0.007906, 0.006747, 0.005775, 0.004973, 0.004328, 0.003827, 0.003459, 0.003218, 0.003099
0.002699, 0.002803, 0.003012, 0.003332, 0.003769, 0.004331, 0.005029, 0.005875, 0.006885, 0.008074, 0.009460, 0.011063, 0.012903, 0.015002, 0.017382, 0.020066, 0.023076, 0.026432, 0.030157, 0.034267, 0.038780, 0.043708, 0.049061, 0.054844, 0.061057, 0.067694, 0.074745, 0.082191, 0.090006, 0.098160, 0.106611, 0.115313, 0.124212, 0.133246, 0.142349, 0.151447, 0.160463, 0.169315, 0.177919, 0.186191, 0.194043, 0.201393, 0.208161, 0.214268, 0.219646, 0.224230, 0.227967, 0.230810, 0.232725, 0.233688, 0.233688, 0.232725, 0.230810, 0.227967, 0.224231, 0.219646, 0.214269, 0.208161, 0.201394, 0.194044, 0.186191, 0.177920, 0.169316, 0.160464, 0.151448, 0.142349, 0.133247, 0.124212, 0.115313, 0.106611, 0.098160, 0.090007, 0.082191, 0.074746, 0.067695, 0.061057, 0.054844, 0.049061, 0.043708, 0.038780, 0.034267, 0.030157, 0.026433, 0.023076, 0.020066, 0.017383, 0.015002, 0.012903, 0.011063, 0.009460, 0.008074, 0.006885, 0.005875, 0.005029, 0.004331, 0.003769, 0.003332, 0.003012, 0.002803, 0.002699
0.002339, 0.002429, 0.002611, 0.002888, 0.003266, 0.003753, 0.004358, 0.005092, 0.005967, 0.006997, 0.008198, 0.009588, 0.011182, 0.013002, 0.015064, 0.017390, 0.019998, 0.022908, 0.026135, 0.029697, 0.033608, 0.037879, 0.042518, 0.047530, 0.052915, 0.058667, 0.064777, 0.071230, 0.078004, 0.085069, 0.092394, 0.099935, 0.107647, 0.115477, 0.123366, 0.131250, 0.139064, 0.146736, 0.154192, 0.161360, 0.168166, 0.174536, 0.180401, 0.185694, 0.190354, 0.194327, 0.197565, 0.200029, 0.201689, 0.202524, 0.202524, 0.201689, 0.200029, 0.197565, 0.194327, 0.190354, 0.185694, 0.180401, 0.174536, 0.168166, 0.161361, 0.154193, 0.146736, 0.139064, 0.131251, 0.123366, 0.115477, 0.107648, 0.099936, 0.092394, 0.085070, 0.078004, 0.071231, 0.064778, 0.058667, 0.052915, 0.047530, 0.042519, 0.037880, 0.033609, 0.029698, 0.026135, 0.022908, 0.019999, 0.017390, 0.015065, 0.013002, 0.011182, 0.009588, 0.008198, 0.006997, 0.005967, 0.005092, 0.004358, 0.003754, 0.003267, 0.002888, 0.002611, 0.002429, 0.002339
0.002018, 0.002095, 0.002252, 0.002491, 0.002817, 0.003237, 0.003759, 0.004392, 0.005146, 0.006035, 0.007071, 0.008269, 0.009645, 0.011214, 0.012993, 0.014999, 0.017249, 0.019758, 0.022542, 0.025614, 0.028987, 0.032671, 0.036672, 0.040994, 0.045638, 0.050600, 0.055870, 0.061436, 0.067277, 0.073372, 0.079689, 0.086193, 0.092845, 0.099598, 0.106402, 0.113202, 0.119941, 0.126558, 0.132989, 0.139172, 0.145041, 0.150535, 0.155593, 0.160159, 0.164178, 0.167605, 0.170398, 0.172523, 0.173954, 0.174674, 0.174674, 0.173954, 0.172523, 0.170398, 0.167605, 0.164178, 0.160159, 0.155594, 0.150535, 0.145042, 0.139172, 0.132990, 0.126558, 0.119942, 0.113203, 0.106402, 0.099598, 0.092845, 0.086194, 0.079689, 0.073372, 0.067278, 0.061436, 0.055870, 0.050600, 0.045639, 0.040995, 0.036672, 0.032671, 0.028987, 0.025614, 0.022542, 0.019758, 0.017249, 0.014999, 0.012993, 0.011214, 0.009645, 0.008269, 0.007071, 0.006035, 0.005146, 0.004392, 0.003759, 0.003237, 0.002817, 0.002491, 0.002252, 0.002095, 0.002018
0.001732, 0.001798, 0.001933, 0.002138, 0.002418, 0.002779, 0.003227, 0.003770, 0.004417, 0.005180, 0.006070, 0.007098, 0.008279, 0.009626, 0.011153, 0.012875, 0.014806, 0.016959, 0.019349, 0.021986, 0.024882, 0.028044, 0.031478, 0.035188, 0.039175, 0.043433, 0.047957, 0.052734, 0.057749, 0.062980, 0.068402, 0.073985, 0.079695, 0.085491, 0.091332, 0.097169, 0.102954, 0.108633, 0.114154, 0.119460, 0.124498, 0.129214, 0.133556, 0.137475, 0.140925, 0.143866, 0.146263, 0.148088, 0.149316, 0.149934, 0.149934, 0.149316, 0.148088, 0.146264, 0.143866, 0.140925, 0.137475, 0.133556, 0.129215, 0.124499, 0.119461, 0.114154, 0.108633, 0.102954, 0.097169, 0.091332, 0.085492, 0.079695, 0.073986, 0.068403, 0.062980, 0.057749, 0.052735, 0.047957, 0.043434, 0.039175, 0.035189, 0.031478, 0.028044, 0.024882, 0.021987, 0.019349, 0.016960, 0.014806, 0.012875, 0.011153, 0.009626, 0.008279, 0.007098, 0.006070, 0.005180, 0.004417, 0.003770, 0.003227, 0.002779, 0.002418, 0.002138, 0.001933, 0.001798, 0.001732
0.001479, 0.001536, 0.001651, 0.001827, 0.002066, 0.002374, 0.002757, 0.003220, 0.003774, 0.004425, 0.005185, 0.006064, 0.007073, 0.008223, 0.009528, 0.010999, 0.012648, 0.014488, 0.016530, 0.018783, 0.021256, 0.023957, 0.026891, 0.030061, 0.033466, 0.037105, 0.040969, 0.045050, 0.049334, 0.053803, 0.058435, 0.063204, 0.068082, 0.073034, 0.078023, 0.083010, 0.087951, 0.092803, 0.097519, 0.102053, 0.106357, 0.110385, 0.114094, 0.117442, 0.120389, 0.122902, 0.124950, 0.126508, 0.127558, 0.128086, 0.128086, 0.127558, 0.126508, 0.124950, 0.122902, 0.120389, 0.117442, 0.114095, 0.110385, 0.106357, 0.102053, 0.097520, 0.092803, 0.087952, 0.083010, 0.078023, 0.073034, 0.068082, 0.063205, 0.058435, 0.053803, 0.049334, 0.045050, 0.040969, 0.037105, 0.033467, 0.030061, 0.026891, 0.023957, 0.021256, 0.018783, 0.016530, 0.014488, 0.012649, 0.010999, 0.009528, 0.008223, 0.007073, 0.006064, 0.005185, 0.004425, 0.003774, 0.003221, 0.002757, 0.002374, 0.002066, 0.001827, 0.001651, 0.001536, 0.001479
0.001258, 0.001306, 0.001404, 0.001553, 0.001757, 0.002019, 0.002344, 0.002738, 0.003209, 0.003763, 0.004409, 0.005156, 0.006013, 0.006992, 0.008101, 0.009352, 0.010754, 0.012319, 0.014054, 0.015970, 0.018073, 0.020370, 0.022864, 0.025559, 0.028455, 0.031548, 0.034834, 0.038304, 0.041946, 0.045745, 0.049684, 0.053739, 0.057886, 0.062096, 0.066338, 0.070578, 0.074780, 0.078905, 0.082915, 0.086769, 0.090429, 0.093854, 0.097008, 0.099854, 0.102360, 0.104496, 0.106238, 0.107563, 0.108455, 0.108904, 0.108904, 0.108455, 0.107563, 0.106238, 0.104497, 0.102360, 0.099854, 0.097008, 0.093854, 0.090429, 0.086770, 0.082915, 0.078905, 0.074780, 0.070579, 0.066339, 0.062097, 0.057886, 0.053739, 0.049684, 0.045746, 0.041946, 0.038304, 0.034834, 0.031548, 0.028455, 0.025559, 0.022864, 0.020370, 0.018073, 0.015970, 0.014054, 0.012319, 0.010754, 0.009352, 0.008101, 0.006992, 0.006014, 0.005156, 0.004409, 0.003763, 0.003209, 0.002738, 0.002344, 0.002019, 0.001757, 0.001553, 0.001404, 0.001306, 0.001258
0.001065, 0.001106, 0.001188, 0.001314, 0.001487, 0.001708, 0.001983, 0.002317, 0.002715, 0.003184, 0.003731, 0.004363, 0.005089, 0.005917, 0.006856, 0.007914, 0.009101, 0.010425, 0.011894, 0.013515, 0.015295, 0.017238, 0.019349, 0.021630, 0.024080, 0.026698, 0.029479, 0.032415, 0.035498, 0.038713, 0.042046, 0.045478, 0.048988, 0.052550, 0.056140, 0.059729, 0.063284, 0.066775, 0.070169, 0.073431, 0.076527, 0.079426, 0.082095, 0.084504, 0.086624, 0.088432, 0.089906, 0.091027, 0.091782, 0.092162, 0.092162, 0.091782, 0.091027, 0.089906, 0.088432, 0.086624, 0.084504, 0.082095, 0.079426, 0.076528, 0.073431, 0.070169, 0.066775, 0.063284, 0.059729, 0.056141, 0.052551, 0.048988, 0.045478, 0.042046, 0.038713, 0.035498, 0.032416, 0.029479, 0.026698, 0.024081, 0.021630, 0.019350, 0.017238, 0.015295, 0.013515, 0.011894, 0.010425, 0.009101, 0.007914, 0.006856, 0.005917, 0.005089, 0.004363, 0.003731, 0.003184, 0.002715, 0.002317, 0.001984, 0.001708, 0.001487, 0.001314, 0.001188, 0.001106, 0.001065
0.000897, 0.000931, 0.001001, 0.001107, 0.001252, 0.001439, 0.001671, 0.001952, 0.002288, 0.002683, 0.003143, 0.003676, 0.004287, 0.004984, 0.005775, 0.006667, 0.007667, 0.008782, 0.010019, 0.011385, 0.012884, 0.014522, 0.016300, 0.018221, 0.020285, 0.022491, 0.024833, 0.027307, 0.029903, 0.032612, 0.035420, 0.038311, 0.041267, 0.044268, 0.047293, 0.050315, 0.053310, 0.056251, 0.059110, 0.061858, 0.064466, 0.066908, 0.069156, 0.071186, 0.072972, 0.074495, 0.075736, 0.076681, 0.077317, 0.077637, 0.077637, 0.077317, 0.076681, 0.075736, 0.074495, 0.072972, 0.071186, 0.069157, 0.066908, 0.064467, 0.061858, 0.059110, 0.056251, 0.053311, 0.050315, 0.047293, 0.044269, 0.041267, 0.038311, 0.035420, 0.032612, 0.029903, 0.027307, 0.024833, 0.022491, 0.020286, 0.018221, 0.016300, 0.014522, 0.012884, 0.011385, 0.010019, 0.008782, 0.007667, 0.006667, 0.005775, 0.004985, 0.004287, 0.003676, 0.003143, 0.002683, 0.002288, 0.001952, 0.001671, 0.001439, 0.001252, 0.001107, 0.001001, 0.000931, 0.000897
0.000752, 0.000781, 0.000839, 0.000929, 0.001050, 0.001207, 0.001401, 0.001637, 0.001918, 0.002250, 0.002636, 0.003083, 0.003595, 0.004180, 0.004844, 0.005591, 0.006430, 0.007365, 0.008403, 0.009548, 0.010806, 0.012179, 0.013670, 0.015282, 0.017013, 0.018862, 0.020827, 0.022901, 0.025079, 0.027351, 0.029705, 0.032130, 0.034609, 0.037126, 0.039663, 0.042198, 0.044710, 0.047176, 0.049573, 0.051878, 0.054066, 0.056114, 0.057999, 0.059701, 0.061199, 0.062476, 0.063517, 0.064310, 0.064843, 0.065112, 0.065112, 0.064843, 0.064310, 0.063518, 0.062477, 0.061199, 0.059701, 0.057999, 0.056114, 0.054066, 0.051878, 0.049574, 0.047176, 0.044710, 0.042198, 0.039663, 0.037127, 0.034609, 0.032130, 0.029705, 0.027351, 0.025079, 0.022901, 0.020827, 0.018862, 0.017013, 0.015282, 0.013670, 0.012179, 0.010806, 0.009548, 0.008403, 0.007365, 0.006430, 0.005591, 0.004844, 0.004180, 0.003595, 0.003083, 0.002636, 0.002250, 0.001919, 0.001637, 0.001401, 0.001207, 0.001050, 0.000929, 0.000839, 0.000781, 0.000752
0.000628, 0.000652, 0.000701, 0.000776, 0.000877, 0.001008, 0.001170, 0.001367, 0.001602, 0.001879, 0.002201, 0.002575, 0.003003, 0.003491, 0.004045, 0.004670, 0.005370, 0.006151, 0.007018, 0.007974, 0.009024, 0.010171, 0.011417, 0.012763, 0.014208, 0.015753, 0.017394, 0.019126, 0.020945, 0.022842, 0.024809, 0.026833, 0.028904, 0.031006, 0.033125, 0.035242, 0.037340, 0.039399, 0.041402, 0.043326, 0.045153, 0.046864, 0.048438, 0.049860, 0.051111, 0.052178, 0.053047, 0.053709, 0.054154, 0.054378, 0.054378, 0.054154, 0.053709, 0.053047, 0.052178, 0.051111, 0.049860, 0.048438, 0.046864, 0.045153, 0.043326, 0.041402, 0.039400, 0.037340, 0.035242, 0.033125, 0.031007, 0.028904, 0.026834, 0.024809, 0.022842, 0.020945, 0.019126, 0.017394, 0.015753, 0.014208, 0.012763, 0.011417, 0.010171, 0.009025, 0.007974, 0.007018, 0.006151, 0.005370, 0.004670, 0.004045, 0.003491, 0.003003, 0.002575, 0.002202, 0.001879, 0.001602, 0.001367, 0.001170, 0.001008, 0.000877, 0.000776, 0.000701, 0.000652, 0.000628
0.000523, 0.000543, 0.000583, 0.000645, 0.000730, 0.000839, 0.000974, 0.001138, 0.001333, 0.001563, 0.001832, 0.002142, 0.002498, 0.002905, 0.003366, 0.003885, 0.004468, 0.005118, 0.005839, 0.006635, 0.007508, 0.008462, 0.009499, 0.010618, 0.011821, 0.013106, 0.014471, 0.015913, 0.017426, 0.019004, 0.020640, 0.022325, 0.024048, 0.025797, 0.027559, 0.029321, 0.031066, 0.032780, 0.034446, 0.036047, 0.037567, 0.038990, 0.040300, 0.041482, 0.042523, 0.043411, 0.044134, 0.044685, 0.045055, 0.045242, 0.045242, 0.045055, 0.044685, 0.044134, 0.043411, 0.042524, 0.041482, 0.040300, 0.038990, 0.037567, 0.036047, 0.034446, 0.032780, 0.031066, 0.029321, 0.027559, 0.025797, 0.024048, 0.022325, 0.020641, 0.019004, 0.017426, 0.015913, 0.014471, 0.013106, 0.011821, 0.010618, 0.009499, 0.008462, 0.007508, 0.006635, 0.005839, 0.005118, 0.004468, 0.003885, 0.003366, 0.002905, 0.002498, 0.002142, 0.001832, 0.001563, 0.001333, 0.001138, 0.000974, 0.000839, 0.000730, 0.000645, 0.000583, 0.000543, 0.000523
0.000433, 0.000450, 0.000484, 0.000535, 0.000605, 0.000696, 0.000808, 0.000943, 0.001106, 0.001296, 0.001519, 0.001776, 0.002072, 0.002409, 0.002791, 0.003222, 0.003705, 0.004244, 0.004842, 0.005502, 0.006227, 0.007018, 0.007878, 0.008806, 0.009804, 0.010870, 0.012002, 0.013197, 0.014452, 0.015761, 0.017118, 0.018515, 0.019944, 0.021395, 0.022856, 0.024317, 0.025765, 0.027186, 0.028567, 0.029895, 0.031156, 0.032336, 0.033423, 0.034403, 0.035267, 0.036003, 0.036603, 0.037059, 0.037367, 0.037521, 0.037521, 0.037367, 0.037059, 0.036603, 0.036003, 0.035267, 0.034403, 0.033423, 0.032336, 0.031156, 0.029895, 0.028567, 0.027186, 0.025765, 0.024317, 0.022856, 0.021395, 0.019944, 0.018515, 0.017118, 0.015761, 0.014452, 0.013197, 0.012002, 0.010870, 0.009804, 0.008806, 0.007878, 0.007018, 0.006227, 0.005502, 0.004842, 0.004244, 0.003705, 0.003222, 0.002791, 0.002409, 0.002072, 0.001776, 0.001519, 0.001296, 0.001106, 0.000943, 0.000808, 0.000696, 0.000605, 0.000535, 0.000484, 0.000450, 0.000433
0.000359, 0.000372, 0.000400, 0.000443, 0.000501, 0.000576, 0.000668, 0.000781, 0.000915, 0.001073, 0.001257, 0.001470, 0.001715, 0.001994, 0.002310, 0.002666, 0.003066, 0.003512, 0.004007, 0.004553, 0.005153, 0.005808, 0.006519, 0.007288, 0.008113, 0.008995, 0.009932, 0.010921, 0.011960, 0.013043, 0.014166, 0.015322, 0.016505, 0.017705, 0.018914, 0.020123, 0.021321, 0.022498, 0.023641, 0.024740, 0.025783, 0.026760, 0.027659, 0.028470, 0.029185, 0.029794, 0.030290, 0.030668, 0.030923, 0.031051, 0.031051, 0.030923, 0.030668, 0.030290, 0.029794, 0.029185, 0.028470, 0.027659, 0.026760, 0.025783, 0.024740, 0.023641, 0.022498, 0.021321, 0.020123, 0.018915, 0.017705, 0.016505, 0.015322, 0.014166, 0.013043, 0.011960, 0.010921, 0.009932, 0.008995, 0.008113, 0.007288, 0.006519, 0.005808, 0.005153, 0.004553, 0.004007, 0.003512, 0.003066, 0.002666, 0.002310, 0.001994, 0.001715, 0.001470, 0.001257, 0.001073, 0.000915, 0.000781, 0.000668, 0.000576, 0.000501, 0.000443, 0.000400, 0.000372, 0.000359
0.000297, 0.000308, 0.000331, 0.000366, 0.000414, 0.000476, 0.000553, 0.000646, 0.000757, 0.000887, 0.001040, 0.001216, 0.001418, 0.001649, 0.001910, 0.002205, 0.002536, 0.002905, 0.003314, 0.003766, 0.004262, 0.004803, 0.005392, 0.006027, 0.006710, 0.007439, 0.008214, 0.009032, 0.009891, 0.010787, 0.011716, 0.012672, 0.013650, 0.014643, 0.015643, 0.016643, 0.017634, 0.018606, 0.019552, 0.020461, 0.021324, 0.022131, 0.022875, 0.023546, 0.024137, 0.024641, 0.025051, 0.025364, 0.025574, 0.025680, 0.025680, 0.025574, 0.025364, 0.025051, 0.024641, 0.024137, 0.023546, 0.022875, 0.022131, 0.021324, 0.020461, 0.019552, 0.018606, 0.017634, 0.016643, 0.015643, 0.014643, 0.013650, 0.012672, 0.011716, 0.010787, 0.009891, 0.009032, 0.008214, 0.007439, 0.006710, 0.006027, 0.005392, 0.004803, 0.004262, 0.003766, 0.003314, 0.002905, 0.002536, 0.002205, 0.001910, 0.001649, 0.001418, 0.001216, 0.001040, 0.000887, 0.000757, 0.000646, 0.000553, 0.000476, 0.000414, 0.000366, 0.000331, 0.000308, 0.000297
0.000246, 0.000255, 0.000274, 0.000303, 0.000343, 0.000394, 0.000458, 0.000535, 0.000627, 0.000735, 0.000861, 0.001007, 0.001175, 0.001366, 0.001583, 0.001827, 0.002101, 0.002407, 0.002746, 0.003120, 0.003531, 0.003980, 0.004467, 0.004994, 0.005559, 0.006164, 0.006806, 0.007484, 0.008195, 0.008937, 0.009707, 0.010499, 0.011309, 0.012132, 0.012961, 0.013789, 0.014610, 0.015416, 0.016199, 0.016953, 0.017667, 0.018337, 0.018953, 0.019509, 0.019999, 0.020416, 0.020756, 0.021015, 0.021189, 0.021277, 0.021277, 0.021189, 0.021015, 0.020756, 0.020416, 0.019999, 0.019509, 0.018953, 0.018337, 0.017668, 0.016953, 0.016199, 0.015416, 0.014610, 0.013789, 0.012961, 0.012132, 0.011310, 0.010499, 0.009707, 0.008938, 0.008195, 0.007484, 0.006806, 0.006164, 0.005559, 0.004994, 0.004467, 0.003980, 0.003531, 0.003120, 0.002746, 0.002407, 0.002101, 0.001827, 0.001583, 0.001366, 0.001175, 0.001007, 0.000861, 0.000735, 0.000627, 0.000535, 0.000458, 0.000394, 0.000343, 0.000303, 0.000274, 0.000255, 0.000246
0.000205, 0.000213, 0.000229, 0.000253, 0.000286, 0.000329, 0.000381, 0.000446, 0.000522, 0.000612, 0.000718, 0.000839, 0.000979, 0.001138, 0.001319, 0.001522, 0.001750, 0.002005, 0.002287, 0.002599, 0.002942, 0.003315, 0.003721, 0.004160, 0.004631, 0.005135, 0.005670, 0.006234, 0.006827, 0.007446, 0.008087, 0.008747, 0.009422, 0.010107, 0.010798, 0.011488, 0.012172, 0.012843, 0.013496, 0.014123, 0.014719, 0.015276, 0.015789, 0.016253, 0.016661, 0.017008, 0.017292, 0.017507, 0.017653, 0.017726, 0.017726, 0.017653, 0.017507, 0.017292, 0.017008, 0.016661, 0.016253, 0.015789, 0.015276, 0.014719, 0.014123, 0.013496, 0.012843, 0.012172, 0.011488, 0.010798, 0.010107, 0.009422, 0.008747, 0.008087, 0.007446, 0.006827, 0.006234, 0.005670, 0.005135, 0.004631, 0.004160, 0.003721, 0.003315, 0.002942, 0.002599, 0.002288, 0.002005, 0.001750, 0.001522, 0.001319, 0.001138, 0.000979, 0.000839, 0.000718, 0.000612, 0.000522, 0.000446, 0.000381, 0.000329, 0.000286, 0.000253, 0.000229, 0.000213, 0.000205
0.000172, 0.000179, 0.000192, 0.000213, 0.000241, 0.000277, 0.000321, 0.000375, 0.000440, 0.000516, 0.000604, 0.000707, 0.000824, 0.000958, 0.001110, 0.001282, 0.001474, 0.001688, 0.001926, 0.002189, 0.002477, 0.002792, 0.003134, 0.003503, 0.003900, 0.004324, 0.004775, 0.005250, 0.005749, 0.006270, 0.006810, 0.007366, 0.007934, 0.008512, 0.009093, 0.009674, 0.010250, 0.010816, 0.011365, 0.011894, 0.012395, 0.012865, 0.013297, 0.013687, 0.014031, 0.014324, 0.014562, 0.014744, 0.014866, 0.014928, 0.014928, 0.014866, 0.014744, 0.014562, 0.014324, 0.014031, 0.013687, 0.013297, 0.012865, 0.012395, 0.011894, 0.011365, 0.010816, 0.010250, 0.009674, 0.009093, 0.008512, 0.007934, 0.007366, 0.006810, 0.006270, 0.005749, 0.005250, 0.004775, 0.004324, 0.003900, 0.003503, 0.003134, 0.002792, 0.002477, 0.002189, 0.001926, 0.001688, 0.001474, 0.001282, 0.001110, 0.000958, 0.000824, 0.000707, 0.000604, 0.000516, 0.000440, 0.000375, 0.000321, 0.000277, 0.000241, 0.000213, 0.000192, 0.000179, 0.000172
0.000148, 0.000153, 0.000165, 0.000183, 0.000206, 0.000237, 0.000275, 0.000322, 0.000377, 0.000442, 0.000518, 0.000606, 0.000707, 0.000822, 0.000952, 0.001099, 0.001264, 0.001448, 0.001652, 0.001877, 0.002124, 0.002394, 0.002687, 0.003004, 0.003345, 0.003708, 0.004094, 0.004502, 0.004930, 0.005377, 0.005840, 0.006317, 0.006804, 0.007299, 0.007798, 0.008296, 0.008790, 0.009275, 0.009746, 0.010200, 0.010630, 0.011032, 0.011403, 0.011738, 0.012032, 0.012284, 0.012488, 0.012644, 0.012749, 0.012802, 0.012802, 0.012749, 0.012644, 0.012488, 0.012284, 0.012032, 0.011738, 0.011403, 0.011032, 0.010630, 0.010200, 0.009746, 0.009275, 0.008790, 0.008296, 0.007798, 0.007299, 0.006804, 0.006317, 0.005840, 0.005377, 0.004930, 0.004502, 0.004094, 0.003708, 0.003345, 0.003004, 0.002687, 0.002394, 0.002124, 0.001877, 0.001652, 0.001448, 0.001264, 0.001099, 0.000952, 0.000822, 0.000707, 0.000606, 0.000518, 0.000442, 0.000377, 0.000322, 0.000275, 0.000237, 0.000206, 0.000183, 0.000165, 0.000153, 0.000148
0.000130, 0.000135, 0.000145, 0.000161, 0.000182, 0.000209, 0.000243, 0.000284, 0.000332, 0.000390, 0.000457, 0.000534, 0.000623, 0.000724, 0.000839, 0.000969, 0.001114, 0.001276, 0.001456, 0.001654, 0.001872, 0.002110, 0.002368, 0.002647, 0.002947, 0.003268, 0.003608, 0.003968, 0.004345, 0.004739, 0.005147, 0.005567, 0.005997, 0.006433, 0.006872, 0.007312, 0.007747, 0.008174, 0.008590, 0.008989, 0.009368, 0.009723, 0.010050, 0.010345, 0.010605, 0.010826, 0.011006, 0.011144, 0.011236, 0.011283, 0.011283, 0.011236, 0.011144, 0.011006, 0.010826, 0.010605, 0.010345, 0.010050, 0.009723, 0.009368, 0.008989, 0.008590, 0.008174, 0.007747, 0.007312, 0.006872, 0.006433, 0.005997, 0.005567, 0.005147, 0.004739, 0.004345, 0.003968, 0.003608, 0.003268, 0.002947, 0.002648, 0.002368, 0.002110, 0.001872, 0.001654, 0.001456, 0.001276, 0.001114, 0.000969, 0.000839, 0.000724, 0.000623, 0.000534, 0.000457, 0.000390, 0.000332, 0.000284, 0.000243, 0.000209, 0.000182, 0.000161, 0.000145, 0.000135, 0.000130
0.000119, 0.000124, 0.000133, 0.000147, 0.000166, 0.000191, 0.000222, 0.000259, 0.000304, 0.000356, 0.000418, 0.000488, 0.000570, 0.000662, 0.000767, 0.000886, 0.001019, 0.001167, 0.001332, 0.001513, 0.001712, 0.001930, 0.002167, 0.002422, 0.002696, 0.002990, 0.003301, 0.003630, 0.003975, 0.004335, 0.004709, 0.005093, 0.005486, 0.005885, 0.006287, 0.006689, 0.007088, 0.007479, 0.007859, 0.008224, 0.008571, 0.008896, 0.009195, 0.009465, 0.009702, 0.009905, 0.010070, 0.010195, 0.010280, 0.010323, 0.010323, 0.010280, 0.010195, 0.010070, 0.009905, 0.009702, 0.009465, 0.009195, 0.008896, 0.008571, 0.008224, 0.007859, 0.007479, 0.007088, 0.006689, 0.006287, 0.005885, 0.005486, 0.005093, 0.004709, 0.004335, 0.003975, 0.003630, 0.003301, 0.002990, 0.002696, 0.002422, 0.002167, 0.001930, 0.001712, 0.001513, 0.001332, 0.001167, 0.001019, 0.000886, 0.000767, 0.000662, 0.000570, 0.000488, 0.000418, 0.000356, 0.000304, 0.000259, 0.000222, 0.000191, 0.000166, 0.000147, 0.000133, 0.000124, 0.000119
0.000114, 0.000118, 0.000127, 0.000141, 0.000159, 0.000183, 0.000213, 0.000248, 0.000291, 0.000341, 0.000400, 0.000468, 0.000546, 0.000634, 0.000735, 0.000849, 0.000976, 0.001118, 0.001276, 0.001450, 0.001640, 0.001849, 0.002075, 0.002320, 0.002583, 0.002864, 0.003162, 0.003477, 0.003808, 0.004153, 0.004511, 0.004879, 0.005256, 0.005638, 0.006023, 0.006409, 0.006790, 0.007165, 0.007529, 0.007879, 0.008211, 0.008523, 0.008809, 0.009068, 0.009295, 0.009489, 0.009647, 0.009768, 0.009849, 0.009890, 0.009890, 0.009849, 0.009768, 0.009647, 0.009489, 0.009295, 0.009068, 0.008809, 0.008523, 0.008212, 0.007879, 0.007529, 0.007165, 0.006790, 0.006409, 0.006023, 0.005638, 0.005256, 0.004879, 0.004511, 0.004153, 0.003808, 0.003477, 0.003162, 0.002864, 0.002583, 0.002320, 0.002075, 0.001849, 0.001640, 0.001450, 0.001276, 0.001118, 0.000976, 0.000849, 0.000735, 0.000634, 0.000546, 0.000468, 0.000400, 0.000341, 0.000291, 0.000248, 0.000213, 0.000183, 0.000159, 0.000141, 0.000127, 0.000118, 0.000114
0.000115, 0.000119, 0.000128, 0.000142, 0.000161, 0.000184, 0.000214, 0.000250, 0.000293, 0.000344, 0.000403, 0.000471, 0.000550, 0.000639, 0.000741, 0.000855, 0.000984, 0.001127, 0.001286, 0.001461, 0.001653, 0.001863, 0.002092, 0.002338, 0.002603, 0.002886, 0.003187, 0.003505, 0.003838, 0.004186, 0.004547, 0.004918, 0.005297, 0.005683, 0.006071, 0.006459, 0.006844, 0.007222, 0.007589, 0.007942, 0.008277, 0.008590, 0.008879, 0.009140, 0.009369, 0.009565, 0.009724, 0.009845, 0.009927, 0.009968, 0.009968, 0.009927, 0.009845, 0.009724, 0.009565, 0.009369, 0.009140, 0.008879, 0.008590, 0.008277, 0.007942, 0.007589, 0.007222, 0.006844, 0.006459, 0.006071, 0.005683, 0.005297, 0.004918, 0.004547, 0.004186, 0.003838, 0.003505, 0.003187, 0.002886, 0.002603, 0.002338, 0.002092, 0.001863, 0.001653, 0.001461, 0.001286, 0.001127, 0.000984, 0.000855, 0.000741, 0.000639, 0.000550, 0.000471, 0.000403, 0.000344, 0.000293, 0.000250, 0.000214, 0.000184, 0.000161, 0.000142, 0.000128, 0.000119, 0.000115
0.000122, 0.000126, 0.000136, 0.000150, 0.000170, 0.000195, 0.000227, 0.000265, 0.000311, 0.000364, 0.000427, 0.000499, 0.000582, 0.000677, 0.000785, 0.000906, 0.001042, 0.001193, 0.001362, 0.001547, 0.001751, 0.001974, 0.002215, 0.002477, 0.002757, 0.003057, 0.003376, 0.003712, 0.004065, 0.004434, 0.004816, 0.005209, 0.005611, 0.006019, 0.006431, 0.006842, 0.007249, 0.007649, 0.008038, 0.008412, 0.008767, 0.009099, 0.009405, 0.009681, 0.009924, 0.010131, 0.010300, 0.010429, 0.010515, 0.010559, 0.010559, 0.010515, 0.010429, 0.010300, 0.010131, 0.009924, 0.009681, 0.009405, 0.009099, 0.008767, 0.008412, 0.008038, 0.007649, 0.007249, 0.006842, 0.006431, 0.006019, 0.005611, 0.005209, 0.004816, 0.004434, 0.004065, 0.003712, 0.003376, 0.003057, 0.002757, 0.002477, 0.002215, 0.001974, 0.001751, 0.001547, 0.001362, 0.001193, 0.001042, 0.000906, 0.000785, 0.000677, 0.000582, 0.000499, 0.000427, 0.000364, 0.000311, 0.000265, 0.000227, 0.000195, 0.000170, 0.000150, 0.000136, 0.000126, 0.000122
0.000135, 0.000140, 0.000150, 0.000166, 0.000188, 0.000216, 0.000251, 0.000293, 0.000343, 0.000403, 0.000472, 0.000552, 0.000644, 0.000749, 0.000868, 0.001002, 0.001152, 0.001320, 0.001506, 0.001711, 0.001936, 0.002183, 0.002450, 0.002739, 0.003049, 0.003381, 0.003733, 0.004105, 0.004496, 0.004903, 0.005326, 0.005761, 0.006205, 0.006657, 0.007112, 0.007566, 0.008017, 0.008460, 0.008890, 0.009303, 0.009696, 0.010063, 0.010401, 0.010707, 0.010976, 0.011205, 0.011391, 0.011534, 0.011629, 0.011678, 0.011678, 0.011629, 0.011534, 0.011392, 0.011205, 0.010976, 0.010707, 0.010401, 0.010063, 0.009696, 0.009303, 0.008890, 0.008460, 0.008017, 0.007567, 0.007112, 0.006657, 0.006205, 0.005761, 0.005326, 0.004903, 0.004496, 0.004105, 0.003733, 0.003381, 0.003049, 0.002739, 0.002450, 0.002183, 0.001936, 0.001711, 0.001506, 0.001320, 0.001152, 0.001002, 0.000868, 0.000749, 0.000644, 0.000552, 0.000472, 0.000403, 0.000343, 0.000293, 0.000251, 0.000216, 0.000188, 0.000166, 0.000150, 0.000140, 0.000135
0.000154, 0.000160, 0.000172, 0.000190, 0.000215, 0.000247, 0.000287, 0.000335, 0.000393, 0.000461, 0.000540, 0.000631, 0.000736, 0.000856, 0.000992, 0.001146, 0.001317, 0.001509, 0.001722, 0.001957, 0.002215, 0.002496, 0.002802, 0.003133, 0.003488, 0.003867, 0.004270, 0.004695, 0.005142, 0.005608, 0.006091, 0.006589, 0.007097, 0.007614, 0.008134, 0.008654, 0.009170, 0.009676, 0.010168, 0.010641, 0.011090, 0.011510, 0.011897, 0.012246, 0.012554, 0.012816, 0.013029, 0.013192, 0.013302, 0.013357, 0.013357, 0.013302, 0.013192, 0.013029, 0.012816, 0.012554, 0.012246, 0.011897, 0.011510, 0.011090, 0.010641, 0.010168, 0.009676, 0.009170, 0.008654, 0.008134, 0.007614, 0.007097, 0.006589, 0.006091, 0.005608, 0.005142, 0.004695, 0.004270, 0.003867, 0.003488, 0.003133, 0.002802, 0.002496, 0.002215, 0.001957, 0.001722, 0.001509, 0.001317, 0.001146, 0.000992, 0.000856, 0.000736, 0.000631, 0.000540, 0.000461, 0.000393, 0.000335, 0.000287, 0.000247, 0.000215, 0.000190, 0.000172, 0.000160, 0.000154
0.000180, 0.000187, 0.000201, 0.000223, 0.000252, 0.000289, 0.000336, 0.000393, 0.000460, 0.000540, 0.000632, 0.000739, 0.000863, 0.001003, 0.001162, 0.001342, 0.001543, 0.001768, 0.002017, 0.002292, 0.002594, 0.002924, 0.003282, 0.003669, 0.004085, 0.004529, 0.005001, 0.005500, 0.006023, 0.006569, 0.007134, 0.007717, 0.008313, 0.008918, 0.009527, 0.010137, 0.010740, 0.011333, 0.011909, 0.012463, 0.012989, 0.013481, 0.013935, 0.014344, 0.014704, 0.015011, 0.015261, 0.015452, 0.015580, 0.015644, 0.015644, 0.015580, 0.015452, 0.015261, 0.015011, 0.014704, 0.014344, 0.013935, 0.013482, 0.012989, 0.012463, 0.011909, 0.011333, 0.010740, 0.010137, 0.009527, 0.008918, 0.008313, 0.007717, 0.007134, 0.006569, 0.006023, 0.005500, 0.005001, 0.004529, 0.004085, 0.003669, 0.003282, 0.002924, 0.002594, 0.002292, 0.002017, 0.001768, 0.001543, 0.001342, 0.001162, 0.001003, 0.000863, 0.000739, 0.000632, 0.000540, 0.000460, 0.000393, 0.000336, 0.000289, 0.000252, 0.000223, 0.000201, 0.000187, 0.000180
0.000214, 0.000223, 0.000239, 0.000265, 0.000299, 0.000344, 0.000400, 0.000467, 0.000547, 0.000642, 0.000752, 0.000879, 0.001026, 0.001193, 0.001382, 0.001596, 0.001835, 0.002102, 0.002399, 0.002726, 0.003085, 0.003477, 0.003903, 0.004363, 0.004858, 0.005386, 0.005948, 0.006540, 0.007163, 0.007812, 0.008485, 0.009178, 0.009886, 0.010606, 0.011331, 0.012055, 0.012773, 0.013478, 0.014163, 0.014822, 0.015448, 0.016033, 0.016572, 0.017059, 0.017487, 0.017852, 0.018150, 0.018376, 0.018529, 0.018605, 0.018605, 0.018529, 0.018376, 0.018150, 0.017852, 0.017487, 0.017059, 0.016572, 0.016033, 0.015448, 0.014822, 0.014163, 0.013478, 0.012773, 0.012055, 0.011331, 0.010606, 0.009886, 0.009178, 0.008485, 0.007812, 0.007163, 0.006540, 0.005948, 0.005386, 0.004858, 0.004363, 0.003903, 0.003477, 0.003085, 0.002726, 0.002399, 0.002102, 0.001835, 0.001596, 0.001382, 0.001193, 0.001026, 0.000879, 0.000752, 0.000642, 0.000547, 0.000467, 0.000400, 0.000344, 0.000299, 0.000265, 0.000239, 0.000223, 0.000214
0.000257, 0.000267, 0.000287, 0.000318, 0.000359, 0.000413, 0.000479, 0.000560, 0.000656, 0.000770, 0.000902, 0.001055, 0.001231, 0.001431, 0.001658, 0.001914, 0.002201, 0.002522, 0.002877, 0.003270, 0.003701, 0.004171, 0.004682, 0.005235, 0.005828, 0.006462, 0.007135, 0.007846, 0.008593, 0.009372, 0.010179, 0.011010, 0.011860, 0.012723, 0.013593, 0.014462, 0.015324, 0.016169, 0.016991, 0.017782, 0.018532, 0.019234, 0.019881, 0.020465, 0.020979, 0.021417, 0.021774, 0.022045, 0.022228, 0.022320, 0.022320, 0.022228, 0.022045, 0.021774, 0.021417, 0.020979, 0.020465, 0.019881, 0.019234, 0.018532, 0.017782, 0.016991, 0.016169, 0.015324, 0.014462, 0.013593, 0.012723, 0.011860, 0.011010, 0.010179, 0.009372, 0.008593, 0.007846, 0.007135, 0.006462, 0.005828, 0.005235, 0.004682, 0.004171, 0.003701, 0.003270, 0.002877, 0.002522, 0.002201, 0.001914, 0.001658, 0.001431, 0.001231, 0.001055, 0.000902, 0.000770, 0.000656, 0.000560, 0.000479, 0.000413, 0.000359, 0.000318, 0.000287, 0.000267, 0.000257
0.000310, 0.000322, 0.000346, 0.000382, 0.000433, 0.000497, 0.000577, 0.000675, 0.000791, 0.000927, 0.001087, 0.001271, 0.001482, 0.001724, 0.001997, 0.002306, 0.002652, 0.003038, 0.003466, 0.003939, 0.004458, 0.005025, 0.005640, 0.006305, 0.007020, 0.007784, 0.008595, 0.009451, 0.010351, 0.011289, 0.012261, 0.013262, 0.014286, 0.015326, 0.016374, 0.017421, 0.018458, 0.019477, 0.020468, 0.021419, 0.022323, 0.023169, 0.023948, 0.024651, 0.025270, 0.025798, 0.026228, 0.026555, 0.026776, 0.026887, 0.026887, 0.026776, 0.026555, 0.026228, 0.025798, 0.025270, 0.024651, 0.023948, 0.023169, 0.022323, 0.021420, 0.020468, 0.019477, 0.018458, 0.017421, 0.016374, 0.015326, 0.014287, 0.013263, 0.012261, 0.011289, 0.010351, 0.009451, 0.008595, 0.007784, 0.007020, 0.006305, 0.005640, 0.005025, 0.004458, 0.003939, 0.003466, 0.003038, 0.002652, 0.002306, 0.001997, 0.001724, 0.001482, 0.001271, 0.001087, 0.000927, 0.000791, 0.000675, 0.000577, 0.000497, 0.000433, 0.000382, 0.000346, 0.000322, 0.000310
0.000373, 0.000388, 0.000417, 0.000461, 0.000522, 0.000600, 0.000696, 0.000813, 0.000953, 0.001118, 0.001310, 0.001532, 0.001787, 0.002078, 0.002408, 0.002780, 0.003197, 0.003663, 0.004179, 0.004749, 0.005375, 0.006058, 0.006801, 0.007603, 0.008464, 0.009385, 0.010363, 0.011396, 0.012480, 0.013611, 0.014784, 0.015991, 0.017226, 0.018479, 0.019742, 0.021005, 0.022256, 0.023484, 0.024678, 0.025826, 0.026916, 0.027936, 0.028875, 0.029723, 0.030469, 0.031105, 0.031624, 0.032019, 0.032284, 0.032418, 0.032418, 0.032284, 0.032019, 0.031624, 0.031105, 0.030469, 0.029723, 0.028875, 0.027936, 0.026916, 0.025826, 0.024678, 0.023484, 0.022256, 0.021005, 0.019742, 0.018479, 0.017226, 0.015991, 0.014784, 0.013611, 0.012480, 0.011396, 0.010363, 0.009385, 0.008464, 0.007603, 0.006801, 0.006058, 0.005375, 0.004749, 0.004179, 0.003663, 0.003197, 0.002780, 0.002408, 0.002078, 0.001787, 0.001532, 0.001310, 0.001118, 0.000953, 0.000813, 0.000696, 0.000600, 0.000522, 0.000461, 0.000417, 0.000388, 0.000373
0.000450, 0.000467, 0.000502, 0.000555, 0.000628, 0.000722, 0.000839, 0.000980, 0.001148, 0.001347, 0.001578, 0.001846, 0.002153, 0.002503, 0.002900, 0.003349, 0.003851, 0.004412, 0.005033, 0.005720, 0.006474, 0.007297, 0.008191, 0.009157, 0.010195, 0.011303, 0.012481, 0.013725, 0.015031, 0.016393, 0.017806, 0.019260, 0.020747, 0.022256, 0.023778, 0.025298, 0.026805, 0.028285, 0.029723, 0.031105, 0.032418, 0.033646, 0.034777, 0.035798, 0.036697, 0.037463, 0.038088, 0.038563, 0.038883, 0.039044, 0.039044, 0.038883, 0.038563, 0.038088, 0.037464, 0.036697, 0.035798, 0.034777, 0.033646, 0.032418, 0.031105, 0.029723, 0.028285, 0.026805, 0.025298, 0.023778, 0.022257, 0.020747, 0.019260, 0.017806, 0.016394, 0.015031, 0.013725, 0.012481, 0.011303, 0.010195, 0.009157, 0.008191, 0.007297, 0.006474, 0.005720, 0.005033, 0.004412, 0.003851, 0.003349, 0.002901, 0.002503, 0.002153, 0.001846, 0.001578, 0.001347, 0.001148, 0.000980, 0.000839, 0.000722, 0.000628, 0.000555, 0.000502, 0.000467, 0.000450
0.000540, 0.000561, 0.000603, 0.000667, 0.000755, 0.000868, 0.001008, 0.001177, 0.001380, 0.001618, 0.001896, 0.002217, 0.002587, 0.003008, 0.003485, 0.004023, 0.004627, 0.005301, 0.006048, 0.006873, 0.007778, 0.008767, 0.009841, 0.011002, 0.012249, 0.013581, 0.014997, 0.016491, 0.018060, 0.019697, 0.021394, 0.023141, 0.024928, 0.026742, 0.028569, 0.030396, 0.032207, 0.033984, 0.035712, 0.037373, 0.038950, 0.040426, 0.041785, 0.043012, 0.044092, 0.045013, 0.045763, 0.046334, 0.046719, 0.046912, 0.046912, 0.046719, 0.046334, 0.045763, 0.045013, 0.044092, 0.043012, 0.041786, 0.040426, 0.038950, 0.037373, 0.035712, 0.033984, 0.032207, 0.030396, 0.028569, 0.026742, 0.024928, 0.023141, 0.021394, 0.019697, 0.018060, 0.016491, 0.014997, 0.013581, 0.012249, 0.011002, 0.009841, 0.008767, 0.007778, 0.006873, 0.006048, 0.005301, 0.004627, 0.004023, 0.003485, 0.003008, 0.002587, 0.002217, 0.001896, 0.001618, 0.001380, 0.001177, 0.001008, 0.000868, 0.000755, 0.000667, 0.000603, 0.000561, 0.000540
0.000647, 0.000672, 0.000723, 0.000799, 0.000904, 0.001039, 0.001207, 0.001410, 0.001652, 0.001938, 0.002271, 0.002656, 0.003098, 0.003602, 0.004174, 0.004819, 0.005542, 0.006348, 0.007243, 0.008231, 0.009315, 0.010500, 0.011786, 0.013176, 0.014670, 0.016266, 0.017961, 0.019751, 0.021630, 0.023590, 0.025622, 0.027714, 0.029854, 0.032027, 0.034216, 0.036404, 0.038572, 0.040701, 0.042770, 0.044759, 0.046648, 0.048416, 0.050043, 0.051512, 0.052806, 0.053909, 0.054807, 0.055491, 0.055952, 0.056184, 0.056184, 0.055952, 0.055491, 0.054807, 0.053909, 0.052806, 0.051513, 0.050044, 0.048416, 0.046648, 0.044759, 0.042770, 0.040701, 0.038572, 0.036404, 0.034216, 0.032027, 0.029854, 0.027714, 0.025622, 0.023590, 0.021630, 0.019751, 0.017961, 0.016266, 0.014670, 0.013177, 0.011787, 0.010500, 0.009316, 0.008231, 0.007243, 0.006348, 0.005542, 0.004819, 0.004174, 0.003602, 0.003098, 0.002656, 0.002271, 0.001938, 0.001652, 0.001410, 0.001207, 0.001039, 0.000904, 0.000799, 0.000723, 0.000672, 0.000647
0.000772, 0.000802, 0.000862, 0.000954, 0.001079, 0.001240, 0.001440, 0.001682, 0.001972, 0.002312, 0.002709, 0.003169, 0.003696, 0.004298, 0.004980, 0.005749, 0.006612, 0.007574, 0.008642, 0.009821, 0.011115, 0.012528, 0.014063, 0.015721, 0.017503, 0.019407, 0.021430, 0.023565, 0.025807, 0.028146, 0.030571, 0.033067, 0.035620, 0.038212, 0.040824, 0.043434, 0.046021, 0.048562, 0.051031, 0.053404, 0.055657, 0.057767, 0.059709, 0.061461, 0.063005, 0.064320, 0.065393, 0.066208, 0.066758, 0.067035, 0.067035, 0.066758, 0.066208, 0.065393, 0.064320, 0.063005, 0.061461, 0.059709, 0.057767, 0.055658, 0.053404, 0.051031, 0.048562, 0.046022, 0.043435, 0.040824, 0.038212, 0.035620, 0.033067, 0.030571, 0.028146, 0.025807, 0.023565, 0.021430, 0.019407, 0.017503, 0.015722, 0.014063, 0.012528, 0.011115, 0.009821, 0.008642, 0.007575, 0.006612, 0.005749, 0.004980, 0.004298, 0.003696, 0.003169, 0.002709, 0.002312, 0.001972, 0.001682, 0.001440, 0.001240, 0.001079, 0.000954, 0.000862, 0.000802, 0.000772
0.000918, 0.000953, 0.001025, 0.001133, 0.001282, 0.001473, 0.001711, 0.001999, 0.002343, 0.002748, 0.003220, 0.003765, 0.004392, 0.005107, 0.005918, 0.006832, 0.007857, 0.009001, 0.010270, 0.011670, 0.013208, 0.014887, 0.016711, 0.018682, 0.020799, 0.023061, 0.025464, 0.028002, 0.030666, 0.033445, 0.036326, 0.039293, 0.042327, 0.045407, 0.048510, 0.051612, 0.054686, 0.057704, 0.060638, 0.063459, 0.066136, 0.068642, 0.070950, 0.073033, 0.074867, 0.076430, 0.077704, 0.078674, 0.079327, 0.079655, 0.079655, 0.079327, 0.078674, 0.077704, 0.076430, 0.074867, 0.073033, 0.070950, 0.068643, 0.066136, 0.063459, 0.060638, 0.057705, 0.054686, 0.051612, 0.048510, 0.045407, 0.042327, 0.039293, 0.036327, 0.033446, 0.030666, 0.028002, 0.025464, 0.023061, 0.020799, 0.018682, 0.016711, 0.014887, 0.013208, 0.011670, 0.010270, 0.009001, 0.007857, 0.006832, 0.005918, 0.005107, 0.004392, 0.003765, 0.003220, 0.002748, 0.002343, 0.001999, 0.001711, 0.001473, 0.001282, 0.001133, 0.001025, 0.000953, 0.000918
0.001086, 0.001128, 0.001212, 0.001341, 0.001517, 0.001743, 0.002024, 0.002365, 0.002772, 0.003251, 0.003809, 0.004455, 0.005197, 0.006043, 0.007002, 0.008084, 0.009297, 0.010650, 0.012151, 0.013808, 0.015627, 0.017614, 0.019772, 0.022104, 0.024609, 0.027286, 0.030129, 0.033132, 0.036284, 0.039572, 0.042981, 0.046491, 0.050080, 0.053725, 0.057397, 0.061067, 0.064704, 0.068275, 0.071746, 0.075083, 0.078251, 0.081217, 0.083947, 0.086411, 0.088581, 0.090431, 0.091938, 0.093085, 0.093858, 0.094247, 0.094247, 0.093858, 0.093085, 0.091938, 0.090431, 0.088581, 0.086411, 0.083947, 0.081217, 0.078252, 0.075083, 0.071747, 0.068275, 0.064704, 0.061067, 0.057397, 0.053725, 0.050081, 0.046491, 0.042981, 0.039573, 0.036284, 0.033132, 0.030129, 0.027286, 0.024609, 0.022104, 0.019772, 0.017614, 0.015627, 0.013808, 0.012151, 0.010650, 0.009297, 0.008084, 0.007002, 0.006043, 0.005197, 0.004455, 0.003810, 0.003251, 0.002772, 0.002365, 0.002024, 0.001743, 0.001517, 0.001341, 0.001212, 0.001128, 0.001086
0.001279, 0.001329, 0.001428, 0.001580, 0.001787, 0.002054, 0.002385, 0.002786, 0.003265, 0.003830, 0.004488, 0.005248, 0.006122, 0.007118, 0.008248, 0.009523, 0.010951, 0.012545, 0.014314, 0.016266, 0.018409, 0.020749, 0.023292, 0.026038, 0.028989, 0.032142, 0.035492, 0.039029, 0.042742, 0.046616, 0.050631, 0.054765, 0.058994, 0.063286, 0.067612, 0.071935, 0.076220, 0.080426, 0.084515, 0.088446, 0.092178, 0.095671, 0.098887, 0.101790, 0.104346, 0.106525, 0.108301, 0.109652, 0.110562, 0.111020, 0.111020, 0.110562, 0.109652, 0.108301, 0.106525, 0.104346, 0.101790, 0.098888, 0.095671, 0.092178, 0.088446, 0.084516, 0.080427, 0.076220, 0.071936, 0.067612, 0.063287, 0.058994, 0.054766, 0.050631, 0.046616, 0.042742, 0.039029, 0.035492, 0.032143, 0.028990, 0.026038, 0.023292, 0.020749, 0.018409, 0.016266, 0.014314, 0.012545, 0.010952, 0.009523, 0.008249, 0.007119, 0.006122, 0.005248, 0.004488, 0.003830, 0.003266, 0.002786, 0.002385, 0.002054, 0.001787, 0.001580, 0.001428, 0.001329, 0.001279
0.001500, 0.001558, 0.001675, 0.001853, 0.002096, 0.002408, 0.002797, 0.003268, 0.003830, 0.004491, 0.005263, 0.006155, 0.007179, 0.008348, 0.009673, 0.011167, 0.012843, 0.014712, 0.016786, 0.019075, 0.021588, 0.024333, 0.027314, 0.030535, 0.033996, 0.037693, 0.041621, 0.045769, 0.050123, 0.054666, 0.059374, 0.064223, 0.069181, 0.074216, 0.079288, 0.084358, 0.089382, 0.094315, 0.099110, 0.103720, 0.108096, 0.112193, 0.115964, 0.119368, 0.122365, 0.124920, 0.127003, 0.128587, 0.129655, 0.130192, 0.130192, 0.129655, 0.128587, 0.127003, 0.124920, 0.122365, 0.119368, 0.115964, 0.112193, 0.108096, 0.103720, 0.099111, 0.094315, 0.089382, 0.084358, 0.079288, 0.074216, 0.069182, 0.064223, 0.059375, 0.054666, 0.050124, 0.045769, 0.041621, 0.037694, 0.033996, 0.030535, 0.027314, 0.024333, 0.021588, 0.019075, 0.016786, 0.014712, 0.012843, 0.011167, 0.009673, 0.008348, 0.007179, 0.006155, 0.005263, 0.004491, 0.003830, 0.003268, 0.002797, 0.002408, 0.002096, 0.001853, 0.001675, 0.001558, 0.001500
0.001752, 0.001819, 0.001955, 0.002163, 0.002447, 0.002812, 0.003265, 0.003815, 0.004471, 0.005243, 0.006144, 0.007185, 0.008381, 0.009745, 0.011292, 0.013037, 0.014993, 0.017175, 0.019596, 0.022268, 0.025202, 0.028406, 0.031886, 0.035646, 0.039686, 0.044003, 0.048588, 0.053430, 0.058513, 0.063816, 0.069312, 0.074972, 0.080761, 0.086637, 0.092559, 0.098477, 0.104342, 0.110101, 0.115699, 0.121079, 0.126188, 0.130970, 0.135373, 0.139347, 0.142845, 0.145828, 0.148259, 0.150109, 0.151355, 0.151982, 0.151982, 0.151355, 0.150109, 0.148259, 0.145828, 0.142846, 0.139347, 0.135373, 0.130970, 0.126188, 0.121080, 0.115699, 0.110101, 0.104343, 0.098478, 0.092559, 0.086638, 0.080761, 0.074973, 0.069313, 0.063816, 0.058513, 0.053430, 0.048588, 0.044003, 0.039687, 0.035646, 0.031886, 0.028406, 0.025202, 0.022268, 0.019596, 0.017175, 0.014993, 0.013037, 0.011292, 0.009745, 0.008381, 0.007185, 0.006144, 0.005243, 0.004471, 0.003815, 0.003265, 0.002812, 0.002447, 0.002163, 0.001955, 0.001819, 0.001752
0.002035, 0.002114, 0.002272, 0.002513, 0.002843, 0.003267, 0.003794, 0.004433, 0.005195, 0.006093, 0.007139, 0.008350, 0.009739, 0.011325, 0.013122, 0.015149, 0.017422, 0.019958, 0.022771, 0.025876, 0.029286, 0.033009, 0.037053, 0.041423, 0.046117, 0.051133, 0.056461, 0.062088, 0.067995, 0.074157, 0.080544, 0.087121, 0.093847, 0.100676, 0.107557, 0.114435, 0.121250, 0.127942, 0.134446, 0.140699, 0.146635, 0.152192, 0.157308, 0.161926, 0.165992, 0.169457, 0.172282, 0.174432, 0.175880, 0.176608, 0.176608, 0.175880, 0.174432, 0.172282, 0.169458, 0.165992, 0.161926, 0.157309, 0.152193, 0.146636, 0.140699, 0.134447, 0.127942, 0.121250, 0.114435, 0.107557, 0.100677, 0.093848, 0.087122, 0.080544, 0.074157, 0.067995, 0.062089, 0.056462, 0.051134, 0.046118, 0.041423, 0.037054, 0.033009, 0.029286, 0.025877, 0.022771, 0.019958, 0.017423, 0.015149, 0.013122, 0.011325, 0.009740, 0.008350, 0.007139, 0.006093, 0.005195, 0.004433, 0.003794, 0.003267, 0.002843, 0.002513, 0.002272, 0.002114, 0.002035
0.002354, 0.002445, 0.002628, 0.002907, 0.003289, 0.003779, 0.004389, 0.005128, 0.006009, 0.007048, 0.008258, 0.009659, 0.011266, 0.013100, 0.015179, 0.017524, 0.020153, 0.023086, 0.026340, 0.029932, 0.033875, 0.038182, 0.042860, 0.047915, 0.053345, 0.059147, 0.065310, 0.071818, 0.078651, 0.085778, 0.093166, 0.100774, 0.108554, 0.116453, 0.124412, 0.132367, 0.140251, 0.147991, 0.155515, 0.162747, 0.169614, 0.176042, 0.181959, 0.187300, 0.192003, 0.196012, 0.199280, 0.201766, 0.203441, 0.204283, 0.204283, 0.203441, 0.201766, 0.199280, 0.196012, 0.192003, 0.187301, 0.181960, 0.176042, 0.169614, 0.162748, 0.155515, 0.147992, 0.140251, 0.132368, 0.124413, 0.116454, 0.108555, 0.100775, 0.093167, 0.085779, 0.078651, 0.071819, 0.065310, 0.059147, 0.053345, 0.047915, 0.042861, 0.038182, 0.033876, 0.029932, 0.026340, 0.023086, 0.020153, 0.017524, 0.015179, 0.013100, 0.011266, 0.009659, 0.008259, 0.007048, 0.006010, 0.005128, 0.004389, 0.003779, 0.003289, 0.002907, 0.002628, 0.002445, 0.002354
0.002711, 0.002815, 0.003026, 0.003348, 0.003787, 0.004352, 0.005053, 0.005904, 0.006919, 0.008115, 0.009509, 0.011121, 0.012972, 0.015083, 0.017477, 0.020177, 0.023204, 0.026581, 0.030328, 0.034464, 0.039004, 0.043963, 0.049349, 0.055169, 0.061421, 0.068101, 0.075197, 0.082691, 0.090557, 0.098764, 0.107271, 0.116030, 0.124988, 0.134083, 0.143246, 0.152406, 0.161482, 0.170394, 0.179057, 0.187384, 0.195290, 0.202691, 0.209504, 0.215654, 0.221068, 0.225684, 0.229446, 0.232309, 0.234237, 0.235208, 0.235208, 0.234237, 0.232309, 0.229446, 0.225685, 0.221069, 0.215654, 0.209505, 0.202691, 0.195291, 0.187385, 0.179058, 0.170395, 0.161483, 0.152406, 0.143247, 0.134083, 0.124989, 0.116031, 0.107271, 0.098764, 0.090558, 0.082691, 0.075198, 0.068101, 0.061421, 0.055169, 0.049350, 0.043963, 0.039004, 0.034464, 0.030328, 0.026581, 0.023204, 0.020177, 0.017477, 0.015083, 0.012972, 0.011121, 0.009509, 0.008115, 0.006919, 0.005904, 0.005053, 0.004352, 0.003787, 0.003348, 0.003026, 0.002815, 0.002711
0.003107, 0.003227, 0.003468, 0.003837, 0.004340, 0.004988, 0.005792, 0.006767, 0.007930, 0.009301, 0.010898, 0.012746, 0.014867, 0.017287, 0.020031, 0.023125, 0.026594, 0.030464, 0.034759, 0.039498, 0.044702, 0.050385, 0.056558, 0.063228, 0.070393, 0.078049, 0.086182, 0.094770, 0.103786, 0.113191, 0.122940, 0.132979, 0.143246, 0.153669, 0.164171, 0.174668, 0.185070, 0.195284, 0.205212, 0.214756, 0.223816, 0.232298, 0.240106, 0.247154, 0.253359, 0.258649, 0.262961, 0.266242, 0.268452, 0.269564, 0.269564, 0.268452, 0.266242, 0.262961, 0.258649, 0.253360, 0.247154, 0.240106, 0.232298, 0.223817, 0.214756, 0.205212, 0.195285, 0.185071, 0.174669, 0.164171, 0.153669, 0.143246, 0.132980, 0.122941, 0.113192, 0.103786, 0.094771, 0.086182, 0.078050, 0.070394, 0.063228, 0.056559, 0.050385, 0.044702, 0.039499, 0.034759, 0.030465, 0.026594, 0.023125, 0.020031, 0.017287, 0.014867, 0.012746, 0.010898, 0.009301, 0.007930, 0.006767, 0.005792, 0.004988, 0.004340, 0.003837, 0.003468, 0.003227, 0.003107
0.003545, 0.003681, 0.003957, 0.004377, 0.004951, 0.005690, 0.006607, 0.007720, 0.009047, 0.010610, 0.012433, 0.014540, 0.016960, 0.019721, 0.022851, 0.026380, 0.030339, 0.034754, 0.039652, 0.045059, 0.050996, 0.057479, 0.064521, 0.072129, 0.080304, 0.089037, 0.098315, 0.108112, 0.118397, 0.129126, 0.140248, 0.151700, 0.163411, 0.175302, 0.187282, 0.199257, 0.211124, 0.222775, 0.234100, 0.244987, 0.255323, 0.264999, 0.273907, 0.281946, 0.289025, 0.295060, 0.299979, 0.303721, 0.306242, 0.307511, 0.307511, 0.306242, 0.303721, 0.299979, 0.295060, 0.289026, 0.281947, 0.273907, 0.264999, 0.255324, 0.244988, 0.234101, 0.222776, 0.211124, 0.199258, 0.187283, 0.175302, 0.163412, 0.151701, 0.140249, 0.129127, 0.118398, 0.108113, 0.098315, 0.089038, 0.080304, 0.072130, 0.064522, 0.057479, 0.050996, 0.045060, 0.039653, 0.034754, 0.030339, 0.026381, 0.022851, 0.019721, 0.016960, 0.014540, 0.012433, 0.010610, 0.009047, 0.007720, 0.006607, 0.005690, 0.004951, 0.004377, 0.003957, 0.003681, 0.003545
0.004025, 0.004180, 0.004493, 0.004971, 0.005622, 0.006461, 0.007503, 0.008766, 0.010273, 0.012048, 0.014118, 0.016511, 0.019259, 0.022393, 0.025948, 0.029955, 0.034450, 0.039463, 0.045026, 0.051165, 0.057906, 0.065268, 0.073264, 0.081904, 0.091186, 0.101103, 0.111637, 0.122762, 0.134440, 0.146623, 0.159252, 0.172256, 0.185554, 0.199055, 0.212659, 0.226256, 0.239730, 0.252960, 0.265820, 0.278182, 0.289919, 0.300905, 0.311020, 0.320149, 0.328187, 0.335039, 0.340624, 0.344874, 0.347737, 0.349177, 0.349177, 0.347737, 0.344874, 0.340624, 0.335040, 0.328187, 0.320149, 0.311020, 0.300906, 0.289919, 0.278183, 0.265821, 0.252961, 0.239731, 0.226256, 0.212659, 0.199056, 0.185554, 0.172256, 0.159252, 0.146624, 0.134441, 0.122763, 0.111638, 0.101103, 0.091186, 0.081904, 0.073265, 0.065268, 0.057907, 0.051166, 0.045026, 0.039464, 0.034450, 0.029956, 0.025948, 0.022393, 0.019259, 0.016511, 0.014118, 0.012048, 0.010273, 0.008766, 0.007503, 0.006461, 0.005622, 0.004971, 0.004493, 0.004180, 0.004025
0.004550, 0.004725, 0.005078, 0.005618, 0.006355, 0.007303, 0.008480, 0.009908, 0.011611, 0.013618, 0.015957, 0.018662, 0.021767, 0.025310, 0.029327, 0.033857, 0.038937, 0.044604, 0.050891, 0.057830, 0.065449, 0.073769, 0.082807, 0.092571, 0.103062, 0.114271, 0.126177, 0.138751, 0.151950, 0.165720, 0.179993, 0.194690, 0.209720, 0.224979, 0.240355, 0.255723, 0.270952, 0.285905, 0.300439, 0.314411, 0.327677, 0.340094, 0.351526, 0.361844, 0.370928, 0.378673, 0.384985, 0.389789, 0.393024, 0.394652, 0.394652, 0.393024, 0.389789, 0.384986, 0.378674, 0.370929, 0.361844, 0.351526, 0.340094, 0.327677, 0.314412, 0.300440, 0.285906, 0.270953, 0.255723, 0.240355, 0.224980, 0.209721, 0.194691, 0.179994, 0.165721, 0.151951, 0.138752, 0.126178, 0.114271, 0.103063, 0.092572, 0.082808, 0.073769, 0.065449, 0.057830, 0.050891, 0.044604, 0.038938, 0.033858, 0.029328, 0.025310, 0.021768, 0.018662, 0.015957, 0.013618, 0.011612, 0.009908, 0.008480, 0.007303, 0.006355, 0.005618, 0.005078, 0.004725, 0.004550
0.005118, 0.005315, 0.005713, 0.006321, 0.007149, 0.008216, 0.009540, 0.011147, 0.013063, 0.015320, 0.017952, 0.020995, 0.024489, 0.028474, 0.032994, 0.038090, 0.043805, 0.050180, 0.057253, 0.065059, 0.073630, 0.082991, 0.093159, 0.104143, 0.115946, 0.128555, 0.141950, 0.156096, 0.170944, 0.186435, 0.202492, 0.219026, 0.235934, 0.253101, 0.270398, 0.287687, 0.304820, 0.321642, 0.337993, 0.353712, 0.368635, 0.382604, 0.395465, 0.407072, 0.417292, 0.426005, 0.433106, 0.438510, 0.442150, 0.443981, 0.443981, 0.442150, 0.438510, 0.433107, 0.426006, 0.417293, 0.407073, 0.395465, 0.382605, 0.368636, 0.353712, 0.337994, 0.321643, 0.304821, 0.287688, 0.270399, 0.253102, 0.235935, 0.219027, 0.202493, 0.186436, 0.170945, 0.156096, 0.141951, 0.128556, 0.115947, 0.104144, 0.093159, 0.082991, 0.073631, 0.065060, 0.057253, 0.050180, 0.043805, 0.038090, 0.032994, 0.028475, 0.024489, 0.020995, 0.017952, 0.015320, 0.013063, 0.011147, 0.009541, 0.008216, 0.007149, 0.006321, 0.005713, 0.005315, 0.005118
0.005732, 0.005952, 0.006398, 0.007078, 0.008006, 0.009200, 0.010683, 0.012483, 0.014628, 0.017155, 0.020102, 0.023510, 0.027422, 0.031886, 0.036947, 0.042653, 0.049053, 0.056191, 0.064111, 0.072853, 0.082450, 0.092932, 0.104318, 0.116618, 0.129834, 0.143954, 0.158953, 0.174793, 0.191420, 0.208765, 0.226746, 0.245260, 0.264194, 0.283417, 0.302786, 0.322145, 0.341330, 0.360167, 0.378477, 0.396077, 0.412788, 0.428430, 0.442831, 0.455828, 0.467273, 0.477029, 0.484981, 0.491031, 0.495107, 0.497157, 0.497157, 0.495107, 0.491031, 0.484981, 0.477030, 0.467273, 0.455829, 0.442832, 0.428431, 0.412789, 0.396078, 0.378478, 0.360168, 0.341331, 0.322146, 0.302787, 0.283418, 0.264195, 0.245261, 0.226747, 0.208767, 0.191421, 0.174794, 0.158954, 0.143955, 0.129835, 0.116619, 0.104318, 0.092933, 0.082451, 0.072853, 0.064111, 0.056191, 0.049053, 0.042653, 0.036947, 0.031886, 0.027423, 0.023510, 0.020102, 0.017156, 0.014628, 0.012483, 0.010684, 0.009200, 0.008006, 0.007078, 0.006398, 0.005952, 0.005732
0.006389, 0.006635, 0.007131, 0.007889, 0.008923, 0.010255, 0.011908, 0.013913, 0.016305, 0.019122, 0.022406, 0.026204, 0.030565, 0.035539, 0.041180, 0.047541, 0.054674, 0.062630, 0.071457, 0.081201, 0.091898, 0.103581, 0.116271, 0.129981, 0.144711, 0.160448, 0.177166, 0.194820, 0.213352, 0.232685, 0.252725, 0.273361, 0.294464, 0.315889, 0.337477, 0.359055, 0.380437, 0.401432, 0.421840, 0.441457, 0.460082, 0.477516, 0.493566, 0.508053, 0.520809, 0.531682, 0.540545, 0.547289, 0.551831, 0.554117, 0.554117, 0.551832, 0.547289, 0.540545, 0.531683, 0.520809, 0.508054, 0.493567, 0.477517, 0.460083, 0.441458, 0.421841, 0.401433, 0.380439, 0.359056, 0.337478, 0.315891, 0.294465, 0.273362, 0.252727, 0.232686, 0.213353, 0.194821, 0.177167, 0.160449, 0.144712, 0.129982, 0.116272, 0.103581, 0.091899, 0.081201, 0.071458, 0.062630, 0.054674, 0.047541, 0.041181, 0.035540, 0.030565, 0.026204, 0.022406, 0.019122, 0.016305, 0.013913, 0.011908, 0.010255, 0.008923, 0.007889, 0.007131, 0.006635, 0.006389
0.007088, 0.007361, 0.007912, 0.008752, 0.009900, 0.011377, 0.013211, 0.015435, 0.018089, 0.021214, 0.024858, 0.029071, 0.033909, 0.039428, 0.045686, 0.052742, 0.060655, 0.069482, 0.079275, 0.090085, 0.101952, 0.114913, 0.128991, 0.144201, 0.160542, 0.178001, 0.196547, 0.216133, 0.236692, 0.258140, 0.280372, 0.303265, 0.326676, 0.350445, 0.374395, 0.398332, 0.422054, 0.445345, 0.467985, 0.489748, 0.510410, 0.529751, 0.547557, 0.563629, 0.577779, 0.589842, 0.599674, 0.607156, 0.612195, 0.614731, 0.614731, 0.612195, 0.607156, 0.599675, 0.589843, 0.577780, 0.563630, 0.547558, 0.529752, 0.510411, 0.489749, 0.467986, 0.445347, 0.422055, 0.398334, 0.374396, 0.350447, 0.326678, 0.303267, 0.280374, 0.258141, 0.236693, 0.216134, 0.196548, 0.178002, 0.160543, 0.144202, 0.128992, 0.114914, 0.101953, 0.090085, 0.079276, 0.069482, 0.060656, 0.052743, 0.045686, 0.039428, 0.033910, 0.029072, 0.024858, 0.021214, 0.018089, 0.015436, 0.013211, 0.011377, 0.009900, 0.008752, 0.007912, 0.007361, 0.007088
0.007827, 0.008128, 0.008737, 0.009665, 0.010932, 0.012563, 0.014588, 0.017045, 0.019975, 0.023425, 0.027449, 0.032102, 0.037444, 0.043538, 0.050449, 0.058241, 0.066979, 0.076725, 0.087539, 0.099475, 0.112580, 0.126891, 0.142437, 0.159232, 0.177277, 0.196555, 0.217034, 0.238661, 0.261363, 0.285047, 0.309596, 0.334875, 0.360726, 0.386972, 0.413418, 0.439850, 0.466044, 0.491763, 0.516762, 0.540793, 0.563609, 0.584965, 0.604627, 0.622374, 0.637999, 0.651319, 0.662176, 0.670437, 0.676001, 0.678801, 0.678802, 0.676002, 0.670437, 0.662176, 0.651320, 0.638000, 0.622375, 0.604629, 0.584966, 0.563610, 0.540795, 0.516763, 0.491764, 0.466046, 0.439852, 0.413419, 0.386974, 0.360728, 0.334877, 0.309598, 0.285048, 0.261365, 0.238662, 0.217035, 0.196556, 0.177278, 0.159233, 0.142438, 0.126892, 0.112581, 0.099476, 0.087540, 0.076726, 0.066979, 0.058241, 0.050449, 0.043539, 0.037445, 0.032102, 0.027449, 0.023426, 0.019975, 0.017045, 0.014588, 0.012563, 0.010932, 0.009665, 0.008737, 0.008128, 0.007827
0.008603, 0.008934, 0.009603, 0.010623, 0.012016, 0.013808, 0.016034, 0.018734, 0.021955, 0.025747, 0.030170, 0.035284, 0.041155, 0.047853, 0.055449, 0.064013, 0.073616, 0.084329, 0.096215, 0.109333, 0.123736, 0.139466, 0.156552, 0.175011, 0.194844, 0.216032, 0.238541, 0.262310, 0.287262, 0.313292, 0.340274, 0.368058, 0.396470, 0.425317, 0.454382, 0.483434, 0.512223, 0.540490, 0.567965, 0.594378, 0.619454, 0.642926, 0.664536, 0.684041, 0.701214, 0.715854, 0.727786, 0.736866, 0.742982, 0.746059, 0.746059, 0.742982, 0.736866, 0.727787, 0.715855, 0.701215, 0.684042, 0.664538, 0.642927, 0.619455, 0.594379, 0.567967, 0.540491, 0.512225, 0.483436, 0.454384, 0.425319, 0.396472, 0.368060, 0.340276, 0.313294, 0.287264, 0.262312, 0.238542, 0.216034, 0.194845, 0.175012, 0.156553, 0.139467, 0.123737, 0.109334, 0.096215, 0.084329, 0.073617, 0.064013, 0.055449, 0.047854, 0.041156, 0.035284, 0.030170, 0.025748, 0.021955, 0.018734, 0.016034, 0.013808, 0.012016, 0.010623, 0.009603, 0.008934, 0.008603
