0.048666, 0.049829, 0.052167, 0.055701, 0.060465, 0.066503, 0.073869, 0.082622, 0.092835, 0.104581, 0.117942, 0.133001, 0.149843, 0.168552, 0.189210, 0.211891, 0.236664, 0.263588, 0.292709, 0.324055, 0.357641, 0.393458, 0.431476, 0.471640, 0.513869, 0.558055, 0.604057, 0.651710, 0.700815, 0.751143, 0.802437, 0.854412, 0.906758, 0.959141, 1.011209, 1.062585, 1.112894, 1.161739, 1.208730, 1.253474, 1.295587, 1.334699, 1.370455, 1.402526, 1.430613, 1.454449, 1.473803, 1.488487, 1.498359, 1.503318, 1.503318, 1.498359, 1.488488, 1.473804, 1.454450, 1.430615, 1.402528, 1.370457, 1.334701, 1.295590, 1.253477, 1.208733, 1.161742, 1.112896, 1.062588, 1.011212, 0.959145, 0.906761, 0.854415, 0.802440, 0.751146, 0.700818, 0.651713, 0.604060, 0.558057, 0.513872, 0.471643, 0.431478, 0.393460, 0.357643, 0.324057, 0.292710, 0.263590, 0.236666, 0.211892, 0.189211, 0.168554, 0.149845, 0.133002, 0.117943, 0.104582, 0.092836, 0.082623, 0.073869, 0.066504, 0.060465, 0.055701, 0.052167, 0.049829, 0.048666
0.048650, 0.049812, 0.052148, 0.055681, 0.060444, 0.066480, 0.073843, 0.082593, 0.092802, 0.104544, 0.117901, 0.132954, 0.149790, 0.168492, 0.189142, 0.211815, 0.236579, 0.263493, 0.292602, 0.323938, 0.357511, 0.393315, 0.431319, 0.471469, 0.513682, 0.557851, 0.603837, 0.651473, 0.700561, 0.750870, 0.802146, 0.854103, 0.906429, 0.958792, 1.010840, 1.062198, 1.112487, 1.161314, 1.208286, 1.253013, 1.295110, 1.334206, 1.369947, 1.402007, 1.430083, 1.453909, 1.473256, 1.487934, 1.497802, 1.502760, 1.502760, 1.497802, 1.487935, 1.473257, 1.453910, 1.430084, 1.402009, 1.369949, 1.334208, 1.295112, 1.253015, 1.208289, 1.161317, 1.112489, 1.062201, 1.010843, 0.958795, 0.906432, 0.854106, 0.802149, 0.750873, 0.700564, 0.651476, 0.603840, 0.557854, 0.513685, 0.471471, 0.431322, 0.393317, 0.357513, 0.323940, 0.292604, 0.263495, 0.236580, 0.211816, 0.189143, 0.168493, 0.149791, 0.132955, 0.117901, 0.104545, 0.092803, 0.082594, 0.073843, 0.066480, 0.060444, 0.055682, 0.052149, 0.049812, 0.048650
0.048441, 0.049599, 0.051925, 0.055442, 0.060185, 0.066194, 0.073525, 0.082239, 0.092404, 0.104095, 0.117394, 0.132383, 0.149146, 0.167768, 0.188329, 0.210904, 0.235561, 0.262359, 0.291344, 0.322544, 0.355973, 0.391622, 0.429463, 0.469440, 0.511471, 0.555451, 0.601240, 0.648671, 0.697548, 0.747641, 0.798694, 0.850426, 0.902526, 0.954663, 1.006485, 1.057622, 1.107693, 1.156309, 1.203079, 1.247612, 1.289527, 1.328453, 1.364040, 1.395961, 1.423916, 1.447639, 1.466902, 1.481518, 1.491342, 1.496279, 1.496279, 1.491342, 1.481518, 1.466903, 1.447640, 1.423917, 1.395963, 1.364043, 1.328455, 1.289529, 1.247615, 1.203082, 1.156312, 1.107696, 1.057625, 1.006488, 0.954666, 0.902529, 0.850429, 0.798697, 0.747644, 0.697551, 0.648674, 0.601243, 0.555454, 0.511474, 0.469442, 0.429465, 0.391625, 0.355975, 0.322546, 0.291345, 0.262361, 0.235563, 0.210905, 0.188330, 0.167769, 0.149147, 0.132384, 0.117395, 0.104096, 0.092404, 0.082239, 0.073526, 0.066195, 0.060185, 0.055443, 0.051925, 0.049599, 0.048441
0.048043, 0.049191, 0.051498, 0.054987, 0.059690, 0.065650, 0.072921, 0.081563, 0.091644, 0.103240, 0.116429, 0.131294, 0.147920, 0.166388, 0.186779, 0.209168, 0.233623, 0.260200, 0.288946, 0.319889, 0.353043, 0.388399, 0.425928, 0.465576, 0.507262, 0.550882, 0.596294, 0.643334, 0.691807, 0.741486, 0.792118, 0.843423, 0.895093, 0.946801, 0.998195, 1.048910, 1.098568, 1.146783, 1.193167, 1.237333, 1.278902, 1.317507, 1.352801, 1.384458, 1.412182, 1.435709, 1.454813, 1.469309, 1.479052, 1.483948, 1.483948, 1.479052, 1.469309, 1.454814, 1.435710, 1.412184, 1.384460, 1.352803, 1.317509, 1.278904, 1.237335, 1.193170, 1.146786, 1.098571, 1.048913, 0.998198, 0.946804, 0.895097, 0.843426, 0.792121, 0.741489, 0.691810, 0.643337, 0.596297, 0.550884, 0.507265, 0.465579, 0.425931, 0.388401, 0.353045, 0.319891, 0.288948, 0.260202, 0.233625, 0.209170, 0.186780, 0.166389, 0.147921, 0.131295, 0.116430, 0.103240, 0.091645, 0.081563, 0.072921, 0.065651, 0.059690, 0.054987, 0.051498, 0.049191, 0.048043
0.047460, 0.048594, 0.050873, 0.054320, 0.058965, 0.064854, 0.072036, 0.080573, 0.090532, 0.101987, 0.115016, 0.129701, 0.146124, 0.164368, 0.184511, 0.206629, 0.230786, 0.257040, 0.285437, 0.316004, 0.348755, 0.383682, 0.420755, 0.459923, 0.501103, 0.544192, 0.589052, 0.635520, 0.683403, 0.732477, 0.782494, 0.833175, 0.884217, 0.935295, 0.986064, 1.036163, 1.085217, 1.132845, 1.178665, 1.222293, 1.263356, 1.301492, 1.336357, 1.367629, 1.395016, 1.418256, 1.437128, 1.451447, 1.461072, 1.465908, 1.465908, 1.461073, 1.451448, 1.437129, 1.418258, 1.395017, 1.367630, 1.336359, 1.301494, 1.263359, 1.222296, 1.178667, 1.132848, 1.085220, 1.036165, 0.986067, 0.935298, 0.884220, 0.833178, 0.782497, 0.732481, 0.683406, 0.635523, 0.589055, 0.544195, 0.501106, 0.459925, 0.420758, 0.383684, 0.348757, 0.316006, 0.285438, 0.257042, 0.230788, 0.206630, 0.184513, 0.164369, 0.146125, 0.129701, 0.115016, 0.101987, 0.090532, 0.080573, 0.072036, 0.064854, 0.058966, 0.054320, 0.050874, 0.048594, 0.047460
0.046699, 0.047815, 0.050058, 0.053449, 0.058020, 0.063814, 0.070881, 0.079281, 0.089080, 0.100351, 0.113171, 0.127620, 0.143780, 0.161731, 0.181551, 0.203313, 0.227083, 0.252916, 0.280856, 0.310933, 0.343158, 0.377526, 0.414004, 0.452543, 0.493063, 0.535459, 0.579599, 0.625320, 0.672433, 0.720720, 0.769933, 0.819799, 0.870021, 0.920279, 0.970232, 1.019526, 1.067792, 1.114655, 1.159738, 1.202666, 1.243070, 1.280593, 1.314897, 1.345667, 1.372613, 1.395481, 1.414049, 1.428138, 1.437608, 1.442366, 1.442367, 1.437609, 1.428139, 1.414050, 1.395482, 1.372615, 1.345668, 1.314899, 1.280595, 1.243072, 1.202669, 1.159741, 1.114658, 1.067795, 1.019529, 0.970235, 0.920282, 0.870024, 0.819802, 0.769936, 0.720723, 0.672436, 0.625323, 0.579601, 0.535462, 0.493066, 0.452546, 0.414007, 0.377528, 0.343161, 0.310935, 0.280858, 0.252917, 0.227084, 0.203315, 0.181552, 0.161732, 0.143781, 0.127621, 0.113172, 0.100351, 0.089080, 0.079281, 0.070881, 0.063814, 0.058020, 0.053449, 0.050058, 0.047815, 0.046699
0.045769, 0.046862, 0.049060, 0.052384, 0.056864, 0.062542, 0.069468, 0.077701, 0.087304, 0.098351, 0.110915, 0.125076, 0.140914, 0.158507, 0.177932, 0.199260, 0.222556, 0.247874, 0.275257, 0.304734, 0.336317, 0.369999, 0.405751, 0.443521, 0.483232, 0.524782, 0.568041, 0.612850, 0.659023, 0.706346, 0.754577, 0.803449, 0.852669, 0.901923, 0.950879, 0.999189, 1.046492, 1.092421, 1.136604, 1.178675, 1.218273, 1.255047, 1.288667, 1.318822, 1.345231, 1.367643, 1.385841, 1.399648, 1.408929, 1.413593, 1.413593, 1.408930, 1.399649, 1.385841, 1.367644, 1.345233, 1.318824, 1.288669, 1.255049, 1.218275, 1.178678, 1.136607, 1.092424, 1.046495, 0.999192, 0.950882, 0.901926, 0.852672, 0.803452, 0.754580, 0.706349, 0.659026, 0.612853, 0.568044, 0.524785, 0.483235, 0.443523, 0.405754, 0.370002, 0.336319, 0.304736, 0.275259, 0.247875, 0.222557, 0.199262, 0.177933, 0.158508, 0.140915, 0.125077, 0.110916, 0.098351, 0.087305, 0.077701, 0.069469, 0.062542, 0.056864, 0.052384, 0.049060, 0.046862, 0.045769
0.044679, 0.045747, 0.047892, 0.051137, 0.055510, 0.061053, 0.067815, 0.075851, 0.085226, 0.096009, 0.108275, 0.122098, 0.137559, 0.154733, 0.173695, 0.194515, 0.217256, 0.241971, 0.268702, 0.297477, 0.328308, 0.361188, 0.396088, 0.432958, 0.471723, 0.512283, 0.554511, 0.598252, 0.643325, 0.689520, 0.736602, 0.784309, 0.832356, 0.880436, 0.928226, 0.975384, 1.021560, 1.066394, 1.109524, 1.150593, 1.189247, 1.225145, 1.257963, 1.287400, 1.313180, 1.335057, 1.352821, 1.366299, 1.375359, 1.379912, 1.379912, 1.375360, 1.366300, 1.352822, 1.335058, 1.313181, 1.287402, 1.257965, 1.225146, 1.189249, 1.150595, 1.109527, 1.066397, 1.021563, 0.975387, 0.928229, 0.880439, 0.832359, 0.784312, 0.736605, 0.689523, 0.643328, 0.598255, 0.554514, 0.512286, 0.471726, 0.432960, 0.396091, 0.361191, 0.328310, 0.297479, 0.268703, 0.241973, 0.217258, 0.194517, 0.173696, 0.154734, 0.137560, 0.122099, 0.108275, 0.096010, 0.085227, 0.075852, 0.067815, 0.061054, 0.055511, 0.051137, 0.047893, 0.045747, 0.044679
0.043443, 0.044481, 0.046568, 0.049722, 0.053975, 0.059364, 0.065938, 0.073752, 0.082868, 0.093353, 0.105278, 0.118720, 0.133752, 0.150450, 0.168888, 0.189132, 0.211243, 0.235274, 0.261265, 0.289244, 0.319221, 0.351191, 0.385125, 0.420973, 0.458664, 0.498101, 0.539160, 0.581689, 0.625514, 0.670430, 0.716208, 0.762594, 0.809310, 0.856059, 0.902524, 0.948376, 0.993273, 1.036865, 1.078802, 1.118733, 1.156316, 1.191220, 1.223129, 1.251751, 1.276816, 1.298088, 1.315360, 1.328465, 1.337274, 1.341700, 1.341700, 1.337274, 1.328466, 1.315361, 1.298089, 1.276818, 1.251752, 1.223131, 1.191221, 1.156318, 1.118735, 1.078805, 1.036868, 0.993276, 0.948379, 0.902527, 0.856062, 0.809313, 0.762596, 0.716211, 0.670433, 0.625517, 0.581692, 0.539162, 0.498104, 0.458667, 0.420976, 0.385127, 0.351193, 0.319223, 0.289246, 0.261267, 0.235275, 0.211245, 0.189133, 0.168889, 0.150452, 0.133753, 0.118720, 0.105279, 0.093353, 0.082868, 0.073753, 0.065939, 0.059365, 0.053975, 0.049722, 0.046568, 0.044481, 0.043443
0.042074, 0.043079, 0.045100, 0.048155, 0.052273, 0.057493, 0.063860, 0.071428, 0.080256, 0.090410, 0.101959, 0.114977, 0.129535, 0.145707, 0.163563, 0.183169, 0.204583, 0.227856, 0.253027, 0.280124, 0.309157, 0.340117, 0.372980, 0.407698, 0.444200, 0.482393, 0.522156, 0.563344, 0.605787, 0.649286, 0.693620, 0.738542, 0.783784, 0.829058, 0.874058, 0.918463, 0.961943, 1.004160, 1.044774, 1.083445, 1.119843, 1.153645, 1.184548, 1.212267, 1.236542, 1.257142, 1.273869, 1.286561, 1.295092, 1.299379, 1.299379, 1.295092, 1.286561, 1.273870, 1.257143, 1.236543, 1.212268, 1.184550, 1.153647, 1.119845, 1.083448, 1.044776, 1.004163, 0.961946, 0.918466, 0.874061, 0.829061, 0.783787, 0.738545, 0.693622, 0.649288, 0.605789, 0.563347, 0.522159, 0.482395, 0.444203, 0.407700, 0.372983, 0.340119, 0.309158, 0.280125, 0.253029, 0.227857, 0.204584, 0.183170, 0.163564, 0.145708, 0.129536, 0.114978, 0.101960, 0.090410, 0.080256, 0.071428, 0.063860, 0.057493, 0.052274, 0.048155, 0.045100, 0.043079, 0.042074
0.040587, 0.041556, 0.043505, 0.046452, 0.050425, 0.055460, 0.061602, 0.068902, 0.077418, 0.087213, 0.098354, 0.110911, 0.124954, 0.140554, 0.157778, 0.176690, 0.197347, 0.219797, 0.244078, 0.270216, 0.298221, 0.328087, 0.359787, 0.393276, 0.428487, 0.465328, 0.503684, 0.543415, 0.584355, 0.626315, 0.669080, 0.712413, 0.756054, 0.799726, 0.843133, 0.885967, 0.927908, 0.968631, 1.007808, 1.045111, 1.080220, 1.112826, 1.142635, 1.169374, 1.192789, 1.212661, 1.228796, 1.241038, 1.249267, 1.253402, 1.253402, 1.249268, 1.241039, 1.228797, 1.212662, 1.192791, 1.169375, 1.142637, 1.112828, 1.080222, 1.045113, 1.007810, 0.968634, 0.927911, 0.885970, 0.843136, 0.799729, 0.756057, 0.712415, 0.669083, 0.626318, 0.584358, 0.543417, 0.503686, 0.465330, 0.428489, 0.393278, 0.359789, 0.328089, 0.298223, 0.270217, 0.244079, 0.219798, 0.197348, 0.176691, 0.157779, 0.140555, 0.124955, 0.110911, 0.098354, 0.087213, 0.077418, 0.068902, 0.061602, 0.055461, 0.050425, 0.046452, 0.043505, 0.041556, 0.040587
0.038996, 0.039928, 0.041801, 0.044632, 0.048449, 0.053287, 0.059188, 0.066202, 0.074384, 0.083795, 0.094499, 0.106564, 0.120057, 0.135045, 0.151594, 0.169765, 0.189612, 0.211181, 0.234511, 0.259624, 0.286532, 0.315226, 0.345683, 0.377859, 0.411689, 0.447085, 0.483937, 0.522110, 0.561445, 0.601760, 0.642848, 0.684482, 0.726411, 0.768371, 0.810076, 0.851230, 0.891526, 0.930652, 0.968292, 1.004132, 1.037865, 1.069193, 1.097833, 1.123523, 1.146020, 1.165112, 1.180615, 1.192377, 1.200284, 1.204257, 1.204257, 1.200284, 1.192377, 1.180616, 1.165113, 1.146021, 1.123524, 1.097835, 1.069195, 1.037867, 1.004135, 0.968294, 0.930655, 0.891529, 0.851233, 0.810078, 0.768373, 0.726414, 0.684484, 0.642851, 0.601763, 0.561448, 0.522113, 0.483939, 0.447087, 0.411691, 0.377861, 0.345685, 0.315228, 0.286534, 0.259626, 0.234512, 0.211183, 0.189613, 0.169766, 0.151595, 0.135046, 0.120058, 0.106565, 0.094500, 0.083795, 0.074384, 0.066202, 0.059188, 0.053287, 0.048449, 0.044632, 0.041801, 0.039928, 0.038996
0.037319, 0.038211, 0.040003, 0.042713, 0.046366, 0.050995, 0.056643, 0.063355, 0.071185, 0.080191, 0.090435, 0.101981, 0.114893, 0.129237, 0.145074, 0.162463, 0.181456, 0.202098, 0.224424, 0.248457, 0.274207, 0.301667, 0.330814, 0.361605, 0.393979, 0.427852, 0.463119, 0.499649, 0.537292, 0.575872, 0.615192, 0.655034, 0.695160, 0.735314, 0.775225, 0.814608, 0.853170, 0.890613, 0.926633, 0.960931, 0.993212, 1.023192, 1.050600, 1.075184, 1.096713, 1.114984, 1.129820, 1.141076, 1.148642, 1.152444, 1.152444, 1.148642, 1.141076, 1.129820, 1.114985, 1.096714, 1.075185, 1.050601, 1.023194, 0.993214, 0.960933, 0.926635, 0.890615, 0.853173, 0.814610, 0.775227, 0.735317, 0.695163, 0.655037, 0.615195, 0.575875, 0.537295, 0.499652, 0.463121, 0.427855, 0.393981, 0.361607, 0.330815, 0.301669, 0.274209, 0.248458, 0.224425, 0.202099, 0.181457, 0.162464, 0.145075, 0.129238, 0.114894, 0.101981, 0.090436, 0.080192, 0.071185, 0.063355, 0.056643, 0.050996, 0.046366, 0.042713, 0.040003, 0.038211, 0.037319
0.035573, 0.036423, 0.038131, 0.040714, 0.044196, 0.048609, 0.053991, 0.060389, 0.067853, 0.076437, 0.086202, 0.097207, 0.109515, 0.123187, 0.138283, 0.154858, 0.172962, 0.192637, 0.213918, 0.236825, 0.261370, 0.287544, 0.315326, 0.344675, 0.375533, 0.407820, 0.441435, 0.476255, 0.512135, 0.548909, 0.586388, 0.624364, 0.662611, 0.700884, 0.738925, 0.776464, 0.813221, 0.848910, 0.883243, 0.915934, 0.946704, 0.975279, 1.001404, 1.024837, 1.045358, 1.062773, 1.076914, 1.087643, 1.094855, 1.098479, 1.098479, 1.094855, 1.087644, 1.076915, 1.062774, 1.045359, 1.024838, 1.001406, 0.975281, 0.946706, 0.915936, 0.883245, 0.848912, 0.813223, 0.776467, 0.738928, 0.700886, 0.662613, 0.624366, 0.586390, 0.548911, 0.512137, 0.476257, 0.441437, 0.407822, 0.375535, 0.344677, 0.315327, 0.287545, 0.261371, 0.236827, 0.213919, 0.192638, 0.172963, 0.154859, 0.138284, 0.123188, 0.109516, 0.097208, 0.086202, 0.076438, 0.067853, 0.060390, 0.053992, 0.048609, 0.044196, 0.040714, 0.038131, 0.036423, 0.035573
0.033773, 0.034580, 0.036202, 0.038654, 0.041960, 0.046149, 0.051260, 0.057334, 0.064420, 0.072570, 0.081840, 0.092288, 0.103974, 0.116954, 0.131286, 0.147022, 0.164209, 0.182889, 0.203092, 0.224841, 0.248142, 0.272992, 0.299368, 0.327232, 0.356528, 0.387181, 0.419094, 0.452151, 0.486215, 0.521128, 0.556709, 0.592763, 0.629074, 0.665410, 0.701526, 0.737164, 0.772060, 0.805943, 0.838538, 0.869574, 0.898786, 0.925915, 0.950717, 0.972964, 0.992446, 1.008980, 1.022405, 1.032591, 1.039438, 1.042879, 1.042879, 1.039438, 1.032592, 1.022406, 1.008981, 0.992448, 0.972965, 0.950719, 0.925917, 0.898788, 0.869576, 0.838540, 0.805945, 0.772063, 0.737167, 0.701528, 0.665412, 0.629076, 0.592766, 0.556712, 0.521130, 0.486217, 0.452154, 0.419096, 0.387183, 0.356530, 0.327233, 0.299369, 0.272994, 0.248144, 0.224842, 0.203094, 0.182890, 0.164210, 0.147023, 0.131287, 0.116955, 0.103974, 0.092289, 0.081841, 0.072570, 0.064420, 0.057334, 0.051260, 0.046150, 0.041960, 0.038654, 0.036202, 0.034580, 0.033773
0.031937, 0.032700, 0.034234, 0.036552, 0.039678, 0.043640, 0.048473, 0.054216, 0.060917, 0.068624, 0.077390, 0.087270, 0.098320, 0.110594, 0.124147, 0.139027, 0.155279, 0.172943, 0.192048, 0.212613, 0.234647, 0.258145, 0.283087, 0.309435, 0.337138, 0.366123, 0.396301, 0.427560, 0.459771, 0.492784, 0.526430, 0.560523, 0.594859, 0.629218, 0.663370, 0.697070, 0.730067, 0.762106, 0.792928, 0.822276, 0.849899, 0.875553, 0.899005, 0.920042, 0.938465, 0.954098, 0.966793, 0.976425, 0.982900, 0.986153, 0.986153, 0.982900, 0.976426, 0.966794, 0.954099, 0.938466, 0.920043, 0.899007, 0.875554, 0.849901, 0.822278, 0.792930, 0.762108, 0.730070, 0.697072, 0.663372, 0.629221, 0.594861, 0.560525, 0.526433, 0.492786, 0.459773, 0.427562, 0.396303, 0.366125, 0.337140, 0.309437, 0.283088, 0.258147, 0.234648, 0.212614, 0.192049, 0.172944, 0.155281, 0.139028, 0.124147, 0.110595, 0.098321, 0.087271, 0.077391, 0.068624, 0.060917, 0.054217, 0.048473, 0.043641, 0.039679, 0.036553, 0.034234, 0.032700, 0.031937
0.030081, 0.030799, 0.032244, 0.034428, 0.037372, 0.041103, 0.045655, 0.051064, 0.057375, 0.064634, 0.072891, 0.082196, 0.092603, 0.104164, 0.116928, 0.130943, 0.146251, 0.162887, 0.180881, 0.200250, 0.221002, 0.243134, 0.266625, 0.291441, 0.317533, 0.344833, 0.373256, 0.402697, 0.433034, 0.464127, 0.495817, 0.527927, 0.560265, 0.592627, 0.624792, 0.656532, 0.687610, 0.717786, 0.746815, 0.774456, 0.800472, 0.824634, 0.846722, 0.866535, 0.883886, 0.898611, 0.910567, 0.919639, 0.925737, 0.928801, 0.928801, 0.925737, 0.919639, 0.910568, 0.898612, 0.883887, 0.866536, 0.846723, 0.824635, 0.800474, 0.774458, 0.746817, 0.717788, 0.687612, 0.656534, 0.624794, 0.592629, 0.560267, 0.527929, 0.495819, 0.464129, 0.433036, 0.402698, 0.373257, 0.344835, 0.317535, 0.291443, 0.266626, 0.243135, 0.221004, 0.200251, 0.180882, 0.162888, 0.146252, 0.130944, 0.116929, 0.104165, 0.092604, 0.082197, 0.072891, 0.064635, 0.057376, 0.051065, 0.045655, 0.041103, 0.037372, 0.034428, 0.032244, 0.030799, 0.030081
0.028219, 0.028893, 0.030248, 0.032297, 0.035059, 0.038559, 0.042829, 0.047904, 0.053824, 0.060634, 0.068379, 0.077109, 0.086872, 0.097717, 0.109691, 0.122838, 0.137198, 0.152805, 0.169684, 0.187854, 0.207322, 0.228083, 0.250120, 0.273401, 0.297877, 0.323487, 0.350150, 0.377768, 0.406228, 0.435395, 0.465123, 0.495245, 0.525582, 0.555939, 0.586113, 0.615888, 0.645042, 0.673350, 0.700582, 0.726512, 0.750917, 0.773582, 0.794303, 0.812889, 0.829166, 0.842979, 0.854195, 0.862705, 0.868425, 0.871300, 0.871300, 0.868426, 0.862705, 0.854196, 0.842980, 0.829167, 0.812890, 0.794304, 0.773583, 0.750918, 0.726513, 0.700583, 0.673351, 0.645044, 0.615890, 0.586115, 0.555941, 0.525584, 0.495247, 0.465125, 0.435397, 0.406229, 0.377770, 0.350152, 0.323489, 0.297879, 0.273402, 0.250121, 0.228084, 0.207323, 0.187855, 0.169685, 0.152806, 0.137199, 0.122839, 0.109692, 0.097718, 0.086872, 0.077109, 0.068380, 0.060634, 0.053825, 0.047905, 0.042830, 0.038560, 0.035059, 0.032297, 0.030248, 0.028893, 0.028219
0.026367, 0.026997, 0.028263, 0.030178, 0.032758, 0.036029, 0.040018, 0.044760, 0.050292, 0.056655, 0.063892, 0.072048, 0.081170, 0.091303, 0.102491, 0.114776, 0.128193, 0.142775, 0.158547, 0.175524, 0.193713, 0.213112, 0.233702, 0.255454, 0.278324, 0.302253, 0.327165, 0.352971, 0.379561, 0.406815, 0.434590, 0.462735, 0.491080, 0.519445, 0.547637, 0.575458, 0.602698, 0.629147, 0.654591, 0.678819, 0.701621, 0.722799, 0.742159, 0.759525, 0.774733, 0.787639, 0.798119, 0.806070, 0.811415, 0.814101, 0.814101, 0.811415, 0.806071, 0.798120, 0.787640, 0.774734, 0.759526, 0.742161, 0.722800, 0.701623, 0.678820, 0.654592, 0.629148, 0.602700, 0.575459, 0.547639, 0.519447, 0.491082, 0.462737, 0.434592, 0.406816, 0.379563, 0.352972, 0.327167, 0.302254, 0.278325, 0.255456, 0.233703, 0.213113, 0.193715, 0.175525, 0.158548, 0.142776, 0.128194, 0.114776, 0.102492, 0.091304, 0.081171, 0.072049, 0.063892, 0.056655, 0.050292, 0.044761, 0.040019, 0.036029, 0.032758, 0.030178, 0.028263, 0.026997, 0.026367
0.024539, 0.025125, 0.026303, 0.028085, 0.030486, 0.033530, 0.037243, 0.041656, 0.046804, 0.052725, 0.059460, 0.067051, 0.075540, 0.084970, 0.095383, 0.106815, 0.119301, 0.132872, 0.147549, 0.163348, 0.180276, 0.198328, 0.217490, 0.237733, 0.259017, 0.281286, 0.304470, 0.328485, 0.353231, 0.378594, 0.404443, 0.430635, 0.457013, 0.483410, 0.509647, 0.535537, 0.560887, 0.585501, 0.609180, 0.631727, 0.652948, 0.672656, 0.690673, 0.706834, 0.720987, 0.732998, 0.742750, 0.750150, 0.755124, 0.757623, 0.757623, 0.755124, 0.750150, 0.742751, 0.732999, 0.720988, 0.706835, 0.690674, 0.672657, 0.652949, 0.631728, 0.609182, 0.585503, 0.560889, 0.535538, 0.509649, 0.483412, 0.457015, 0.430636, 0.404444, 0.378595, 0.353233, 0.328487, 0.304472, 0.281287, 0.259018, 0.237735, 0.217491, 0.198329, 0.180277, 0.163349, 0.147550, 0.132873, 0.119302, 0.106815, 0.095383, 0.084971, 0.075541, 0.067051, 0.059461, 0.052726, 0.046804, 0.041656, 0.037243, 0.033530, 0.030487, 0.028085, 0.026303, 0.025125, 0.024539
0.022746, 0.023289, 0.024381, 0.026033, 0.028259, 0.031080, 0.034522, 0.038612, 0.043384, 0.048873, 0.055115, 0.062151, 0.070020, 0.078761, 0.088412, 0.099009, 0.110583, 0.123162, 0.136766, 0.151411, 0.167101, 0.183834, 0.201595, 0.220359, 0.240087, 0.260729, 0.282218, 0.304478, 0.327416, 0.350925, 0.374884, 0.399162, 0.423612, 0.448080, 0.472399, 0.496397, 0.519894, 0.542709, 0.564657, 0.585556, 0.605226, 0.623493, 0.640194, 0.655173, 0.668292, 0.679425, 0.688465, 0.695323, 0.699934, 0.702250, 0.702250, 0.699934, 0.695324, 0.688465, 0.679425, 0.668293, 0.655174, 0.640195, 0.623494, 0.605227, 0.585557, 0.564659, 0.542711, 0.519896, 0.496398, 0.472401, 0.448081, 0.423614, 0.399164, 0.374886, 0.350926, 0.327417, 0.304480, 0.282220, 0.260730, 0.240088, 0.220360, 0.201596, 0.183835, 0.167102, 0.151412, 0.136767, 0.123163, 0.110584, 0.099010, 0.088413, 0.078762, 0.070021, 0.062152, 0.055116, 0.048873, 0.043384, 0.038612, 0.034522, 0.031080, 0.028259, 0.026033, 0.024381, 0.023289, 0.022746
0.021000, 0.021501, 0.022510, 0.024034, 0.026089, 0.028694, 0.031872, 0.035648, 0.040053, 0.045120, 0.050884, 0.057380, 0.064644, 0.072714, 0.081624, 0.091407, 0.102093, 0.113706, 0.126266, 0.139786, 0.154271, 0.169719, 0.186116, 0.203439, 0.221652, 0.240708, 0.260548, 0.281099, 0.302276, 0.323979, 0.346099, 0.368512, 0.391085, 0.413674, 0.436125, 0.458280, 0.479973, 0.501036, 0.521299, 0.540593, 0.558752, 0.575617, 0.591035, 0.604864, 0.616975, 0.627253, 0.635599, 0.641930, 0.646187, 0.648325, 0.648325, 0.646187, 0.641931, 0.635599, 0.627253, 0.616976, 0.604865, 0.591035, 0.575618, 0.558753, 0.540594, 0.521300, 0.501037, 0.479975, 0.458281, 0.436126, 0.413675, 0.391087, 0.368514, 0.346100, 0.323980, 0.302277, 0.281100, 0.260550, 0.240709, 0.221653, 0.203440, 0.186117, 0.169720, 0.154272, 0.139786, 0.126266, 0.113706, 0.102094, 0.091408, 0.081625, 0.072715, 0.064645, 0.057380, 0.050884, 0.045121, 0.040054, 0.035648, 0.031872, 0.028694, 0.026090, 0.024034, 0.022510, 0.021501, 0.021000
0.019310, 0.019771, 0.020699, 0.022101, 0.023990, 0.026386, 0.029307, 0.032780, 0.036831, 0.041490, 0.046790, 0.052763, 0.059443, 0.066863, 0.075057, 0.084052, 0.093878, 0.104556, 0.116105, 0.128537, 0.141857, 0.156062, 0.171139, 0.187067, 0.203814, 0.221337, 0.239581, 0.258478, 0.277951, 0.297908, 0.318247, 0.338857, 0.359613, 0.380384, 0.401028, 0.421400, 0.441347, 0.460715, 0.479347, 0.497088, 0.513786, 0.529293, 0.543470, 0.556187, 0.567323, 0.576774, 0.584448, 0.590270, 0.594184, 0.596150, 0.596151, 0.594184, 0.590270, 0.584448, 0.576774, 0.567324, 0.556188, 0.543471, 0.529294, 0.513787, 0.497089, 0.479348, 0.460716, 0.441349, 0.421401, 0.401030, 0.380385, 0.359614, 0.338858, 0.318249, 0.297909, 0.277952, 0.258480, 0.239582, 0.221338, 0.203816, 0.187068, 0.171140, 0.156063, 0.141858, 0.128538, 0.116106, 0.104557, 0.093878, 0.084053, 0.075057, 0.066864, 0.059443, 0.052763, 0.046790, 0.041490, 0.036831, 0.032780, 0.029307, 0.026386, 0.023991, 0.022101, 0.020699, 0.019772, 0.019310
0.017686, 0.018108, 0.018957, 0.020241, 0.021972, 0.024166, 0.026841, 0.030022, 0.033732, 0.037999, 0.042853, 0.048323, 0.054442, 0.061238, 0.068741, 0.076980, 0.085979, 0.095759, 0.106336, 0.117722, 0.129921, 0.142930, 0.156738, 0.171326, 0.186664, 0.202712, 0.219420, 0.236727, 0.254561, 0.272839, 0.291467, 0.310343, 0.329352, 0.348375, 0.367282, 0.385940, 0.404208, 0.421946, 0.439010, 0.455258, 0.470551, 0.484753, 0.497737, 0.509383, 0.519582, 0.528238, 0.535266, 0.540598, 0.544182, 0.545983, 0.545983, 0.544182, 0.540598, 0.535266, 0.528238, 0.519583, 0.509384, 0.497738, 0.484754, 0.470551, 0.455259, 0.439011, 0.421947, 0.404209, 0.385941, 0.367283, 0.348376, 0.329353, 0.310344, 0.291469, 0.272841, 0.254562, 0.236729, 0.219421, 0.202713, 0.186665, 0.171327, 0.156739, 0.142931, 0.129921, 0.117723, 0.106337, 0.095759, 0.085979, 0.076981, 0.068742, 0.061238, 0.054442, 0.048324, 0.042853, 0.037999, 0.033732, 0.030022, 0.026842, 0.024166, 0.021972, 0.020241, 0.018957, 0.018108, 0.017686
0.016133, 0.016518, 0.017293, 0.018464, 0.020043, 0.022044, 0.024485, 0.027386, 0.030770, 0.034663, 0.039091, 0.044081, 0.049662, 0.055861, 0.062706, 0.070221, 0.078430, 0.087351, 0.096999, 0.107385, 0.118513, 0.130380, 0.142976, 0.156283, 0.170273, 0.184912, 0.200153, 0.215940, 0.232208, 0.248881, 0.265874, 0.283091, 0.300432, 0.317784, 0.335031, 0.352050, 0.368714, 0.384894, 0.400460, 0.415281, 0.429231, 0.442186, 0.454029, 0.464653, 0.473957, 0.481852, 0.488263, 0.493127, 0.496396, 0.498039, 0.498039, 0.496396, 0.493127, 0.488263, 0.481853, 0.473957, 0.464654, 0.454030, 0.442187, 0.429231, 0.415282, 0.400461, 0.384895, 0.368715, 0.352051, 0.335032, 0.317785, 0.300433, 0.283092, 0.265875, 0.248882, 0.232209, 0.215941, 0.200154, 0.184913, 0.170274, 0.156283, 0.142976, 0.130380, 0.118514, 0.107386, 0.097000, 0.087351, 0.078430, 0.070222, 0.062706, 0.055861, 0.049662, 0.044081, 0.039091, 0.034663, 0.030771, 0.027386, 0.024485, 0.022044, 0.020043, 0.018464, 0.017293, 0.016518, 0.016133
0.014658, 0.015008, 0.015712, 0.016776, 0.018210, 0.020028, 0.022246, 0.024882, 0.027957, 0.031493, 0.035516, 0.040050, 0.045120, 0.050753, 0.056971, 0.063799, 0.071257, 0.079362, 0.088129, 0.097565, 0.107675, 0.118456, 0.129900, 0.141990, 0.154701, 0.168001, 0.181847, 0.196191, 0.210970, 0.226118, 0.241557, 0.257200, 0.272955, 0.288720, 0.304390, 0.319852, 0.334992, 0.349692, 0.363834, 0.377300, 0.389974, 0.401744, 0.412504, 0.422156, 0.430608, 0.437781, 0.443606, 0.448025, 0.450996, 0.452488, 0.452488, 0.450996, 0.448025, 0.443606, 0.437782, 0.430609, 0.422156, 0.412505, 0.401744, 0.389974, 0.377301, 0.363835, 0.349693, 0.334993, 0.319853, 0.304391, 0.288721, 0.272956, 0.257201, 0.241558, 0.226119, 0.210971, 0.196191, 0.181848, 0.168001, 0.154702, 0.141990, 0.129901, 0.118457, 0.107675, 0.097565, 0.088129, 0.079363, 0.071258, 0.063800, 0.056972, 0.050753, 0.045120, 0.040050, 0.035516, 0.031493, 0.027957, 0.024882, 0.022246, 0.020028, 0.018210, 0.016776, 0.015712, 0.015008, 0.014658
0.013264, 0.013581, 0.014218, 0.015181, 0.016479, 0.018124, 0.020131, 0.022516, 0.025299, 0.028499, 0.032139, 0.036242, 0.040830, 0.045927, 0.051554, 0.057733, 0.064482, 0.071816, 0.079749, 0.088288, 0.097436, 0.107193, 0.117548, 0.128488, 0.139991, 0.152026, 0.164556, 0.177535, 0.190909, 0.204616, 0.218586, 0.232742, 0.246999, 0.261265, 0.275445, 0.289437, 0.303137, 0.316440, 0.329237, 0.341422, 0.352890, 0.363541, 0.373278, 0.382012, 0.389661, 0.396152, 0.401422, 0.405421, 0.408109, 0.409460, 0.409460, 0.408109, 0.405421, 0.401422, 0.396152, 0.389661, 0.382013, 0.373279, 0.363542, 0.352891, 0.341423, 0.329238, 0.316441, 0.303138, 0.289438, 0.275446, 0.261266, 0.247000, 0.232743, 0.218587, 0.204617, 0.190910, 0.177536, 0.164556, 0.152026, 0.139991, 0.128489, 0.117549, 0.107193, 0.097437, 0.088288, 0.079749, 0.071817, 0.064482, 0.057734, 0.051555, 0.045927, 0.040830, 0.036242, 0.032139, 0.028499, 0.025299, 0.022516, 0.020131, 0.018124, 0.016479, 0.015181, 0.014218, 0.013581, 0.013264
0.011955, 0.012241, 0.012815, 0.013683, 0.014853, 0.016335, 0.018144, 0.020294, 0.022802, 0.025686, 0.028967, 0.032665, 0.036800, 0.041394, 0.046466, 0.052035, 0.058118, 0.064728, 0.071878, 0.079574, 0.087819, 0.096612, 0.105946, 0.115806, 0.126173, 0.137020, 0.148313, 0.160011, 0.172065, 0.184419, 0.197010, 0.209768, 0.222617, 0.235475, 0.248256, 0.260867, 0.273215, 0.285205, 0.296738, 0.307721, 0.318057, 0.327656, 0.336433, 0.344304, 0.351198, 0.357048, 0.361798, 0.365402, 0.367825, 0.369042, 0.369042, 0.367825, 0.365402, 0.361798, 0.357048, 0.351198, 0.344305, 0.336433, 0.327657, 0.318058, 0.307721, 0.296739, 0.285205, 0.273216, 0.260868, 0.248256, 0.235476, 0.222618, 0.209769, 0.197011, 0.184420, 0.172066, 0.160012, 0.148314, 0.137021, 0.126174, 0.115807, 0.105946, 0.096613, 0.087820, 0.079574, 0.071878, 0.064728, 0.058118, 0.052035, 0.046466, 0.041394, 0.036801, 0.032665, 0.028967, 0.025686, 0.022802, 0.020294, 0.018144, 0.016336, 0.014853, 0.013683, 0.012815, 0.012241, 0.011955
0.010732, 0.010989, 0.011504, 0.012283, 0.013333, 0.014665, 0.016288, 0.018218, 0.020469, 0.023059, 0.026004, 0.029323, 0.033036, 0.037160, 0.041713, 0.046712, 0.052172, 0.058106, 0.064524, 0.071433, 0.078835, 0.086729, 0.095107, 0.103959, 0.113265, 0.123002, 0.133140, 0.143641, 0.154461, 0.165551, 0.176854, 0.188307, 0.199841, 0.211384, 0.222856, 0.234177, 0.245263, 0.256026, 0.266379, 0.276238, 0.285517, 0.294134, 0.302012, 0.309079, 0.315267, 0.320519, 0.324783, 0.328018, 0.330193, 0.331286, 0.331286, 0.330193, 0.328018, 0.324783, 0.320519, 0.315267, 0.309079, 0.302013, 0.294135, 0.285518, 0.276239, 0.266380, 0.256026, 0.245263, 0.234178, 0.222857, 0.211385, 0.199842, 0.188308, 0.176855, 0.165552, 0.154462, 0.143641, 0.133140, 0.123003, 0.113265, 0.103959, 0.095108, 0.086729, 0.078836, 0.071434, 0.064525, 0.058107, 0.052173, 0.046712, 0.041713, 0.037160, 0.033036, 0.029324, 0.026004, 0.023059, 0.020469, 0.018218, 0.016288, 0.014665, 0.013333, 0.012283, 0.011504, 0.010989, 0.010732
0.009596, 0.009825, 0.010286, 0.010983, 0.011922, 0.013112, 0.014564, 0.016289, 0.018302, 0.020617, 0.023251, 0.026219, 0.029538, 0.033225, 0.037296, 0.041766, 0.046648, 0.051954, 0.057693, 0.063870, 0.070488, 0.077546, 0.085037, 0.092951, 0.101272, 0.109978, 0.119042, 0.128431, 0.138106, 0.148022, 0.158128, 0.168368, 0.178681, 0.189001, 0.199258, 0.209380, 0.219291, 0.228914, 0.238172, 0.246987, 0.255284, 0.262989, 0.270032, 0.276351, 0.281884, 0.286579, 0.290392, 0.293285, 0.295229, 0.296206, 0.296206, 0.295229, 0.293285, 0.290392, 0.286579, 0.281884, 0.276351, 0.270033, 0.262989, 0.255284, 0.246988, 0.238173, 0.228915, 0.219292, 0.209381, 0.199259, 0.189001, 0.178681, 0.168368, 0.158128, 0.148022, 0.138107, 0.128432, 0.119043, 0.109979, 0.101272, 0.092952, 0.085037, 0.077546, 0.070488, 0.063870, 0.057693, 0.051954, 0.046649, 0.041766, 0.037297, 0.033225, 0.029538, 0.026219, 0.023251, 0.020617, 0.018302, 0.016289, 0.014564, 0.013112, 0.011922, 0.010983, 0.010286, 0.009825, 0.009596
0.008546, 0.008750, 0.009160, 0.009781, 0.010617, 0.011677, 0.012970, 0.014507, 0.016299, 0.018361, 0.020706, 0.023350, 0.026306, 0.029589, 0.033215, 0.037195, 0.041543, 0.046268, 0.051379, 0.056880, 0.062774, 0.069059, 0.075731, 0.082779, 0.090189, 0.097942, 0.106014, 0.114376, 0.122991, 0.131822, 0.140822, 0.149941, 0.159125, 0.168316, 0.177451, 0.186465, 0.195291, 0.203861, 0.212105, 0.219955, 0.227343, 0.234205, 0.240478, 0.246105, 0.251033, 0.255214, 0.258609, 0.261185, 0.262917, 0.263787, 0.263787, 0.262917, 0.261185, 0.258610, 0.255214, 0.251033, 0.246105, 0.240478, 0.234205, 0.227344, 0.219955, 0.212105, 0.203861, 0.195291, 0.186465, 0.177451, 0.168316, 0.159126, 0.149942, 0.140822, 0.131822, 0.122992, 0.114376, 0.106015, 0.097943, 0.090189, 0.082779, 0.075731, 0.069060, 0.062774, 0.056880, 0.051379, 0.046269, 0.041543, 0.037196, 0.033215, 0.029589, 0.026306, 0.023350, 0.020706, 0.018361, 0.016299, 0.014507, 0.012970, 0.011677, 0.010617, 0.009781, 0.009161, 0.008750, 0.008546
0.007581, 0.007762, 0.008126, 0.008676, 0.009418, 0.010358, 0.011505, 0.012868, 0.014458, 0.016287, 0.018367, 0.020712, 0.023334, 0.026247, 0.029463, 0.032994, 0.036850, 0.041042, 0.045575, 0.050454, 0.055683, 0.061258, 0.067176, 0.073427, 0.080000, 0.086878, 0.094038, 0.101455, 0.109097, 0.116930, 0.124913, 0.133002, 0.141149, 0.149301, 0.157403, 0.165399, 0.173228, 0.180830, 0.188143, 0.195106, 0.201659, 0.207746, 0.213310, 0.218301, 0.222672, 0.226381, 0.229393, 0.231678, 0.233214, 0.233985, 0.233985, 0.233214, 0.231678, 0.229393, 0.226381, 0.222672, 0.218301, 0.213310, 0.207746, 0.201660, 0.195106, 0.188143, 0.180830, 0.173229, 0.165400, 0.157404, 0.149301, 0.141149, 0.133002, 0.124913, 0.116930, 0.109098, 0.101455, 0.094038, 0.086878, 0.080001, 0.073428, 0.067176, 0.061258, 0.055683, 0.050455, 0.045575, 0.041042, 0.036851, 0.032994, 0.029463, 0.026247, 0.023334, 0.020712, 0.018367, 0.016287, 0.014458, 0.012868, 0.011505, 0.010358, 0.009418, 0.008676, 0.008126, 0.007762, 0.007581
0.006698, 0.006858, 0.007180, 0.007666, 0.008321, 0.009152, 0.010165, 0.011370, 0.012774, 0.014390, 0.016228, 0.018300, 0.020617, 0.023190, 0.026032, 0.029151, 0.032559, 0.036262, 0.040267, 0.044579, 0.049198, 0.054124, 0.059352, 0.064876, 0.070683, 0.076760, 0.083086, 0.089639, 0.096392, 0.103312, 0.110365, 0.117512, 0.124710, 0.131913, 0.139072, 0.146136, 0.153053, 0.159770, 0.166231, 0.172383, 0.178173, 0.183550, 0.188467, 0.192876, 0.196738, 0.200015, 0.202676, 0.204695, 0.206052, 0.206734, 0.206734, 0.206052, 0.204695, 0.202676, 0.200015, 0.196738, 0.192877, 0.188467, 0.183551, 0.178173, 0.172383, 0.166231, 0.159770, 0.153054, 0.146137, 0.139072, 0.131913, 0.124710, 0.117513, 0.110366, 0.103312, 0.096392, 0.089639, 0.083087, 0.076760, 0.070684, 0.064876, 0.059353, 0.054124, 0.049198, 0.044579, 0.040268, 0.036262, 0.032559, 0.029152, 0.026032, 0.023190, 0.020617, 0.018300, 0.016229, 0.014391, 0.012775, 0.011370, 0.010165, 0.009152, 0.008321, 0.007666, 0.007180, 0.006858, 0.006698
0.005895, 0.006036, 0.006319, 0.006747, 0.007324, 0.008055, 0.008946, 0.010006, 0.011243, 0.012665, 0.014283, 0.016106, 0.018145, 0.020410, 0.022910, 0.025656, 0.028655, 0.031914, 0.035439, 0.039234, 0.043299, 0.047634, 0.052236, 0.057097, 0.062208, 0.067556, 0.073124, 0.078891, 0.084834, 0.090924, 0.097132, 0.103422, 0.109756, 0.116095, 0.122396, 0.128613, 0.134701, 0.140612, 0.146298, 0.151712, 0.156808, 0.161541, 0.165868, 0.169749, 0.173147, 0.176031, 0.178373, 0.180150, 0.181345, 0.181945, 0.181945, 0.181345, 0.180150, 0.178373, 0.176032, 0.173147, 0.169749, 0.165868, 0.161541, 0.156809, 0.151713, 0.146298, 0.140612, 0.134701, 0.128614, 0.122396, 0.116096, 0.109757, 0.103422, 0.097132, 0.090925, 0.084834, 0.078891, 0.073124, 0.067556, 0.062209, 0.057097, 0.052236, 0.047634, 0.043299, 0.039234, 0.035439, 0.031914, 0.028655, 0.025656, 0.022911, 0.020410, 0.018145, 0.016106, 0.014283, 0.012665, 0.011243, 0.010006, 0.008947, 0.008055, 0.007324, 0.006747, 0.006319, 0.006036, 0.005895
0.005168, 0.005292, 0.005540, 0.005915, 0.006421, 0.007062, 0.007844, 0.008773, 0.009857, 0.011104, 0.012522, 0.014120, 0.015908, 0.017894, 0.020086, 0.022493, 0.025122, 0.027980, 0.031070, 0.034397, 0.037961, 0.041762, 0.045796, 0.050058, 0.054539, 0.059227, 0.064109, 0.069165, 0.074375, 0.079715, 0.085157, 0.090671, 0.096225, 0.101782, 0.107306, 0.112757, 0.118094, 0.123276, 0.128261, 0.133008, 0.137476, 0.141625, 0.145418, 0.148820, 0.151800, 0.154329, 0.156382, 0.157940, 0.158987, 0.159513, 0.159513, 0.158987, 0.157940, 0.156382, 0.154329, 0.151800, 0.148821, 0.145418, 0.141625, 0.137476, 0.133008, 0.128262, 0.123276, 0.118094, 0.112757, 0.107307, 0.101783, 0.096225, 0.090672, 0.085157, 0.079715, 0.074375, 0.069165, 0.064109, 0.059228, 0.054539, 0.050058, 0.045796, 0.041762, 0.037961, 0.034397, 0.031070, 0.027980, 0.025123, 0.022493, 0.020086, 0.017894, 0.015908, 0.014120, 0.012522, 0.011104, 0.009857, 0.008773, 0.007844, 0.007062, 0.006421, 0.005915, 0.005540, 0.005292, 0.005168
0.004514, 0.004622, 0.004839, 0.005166, 0.005608, 0.006168, 0.006851, 0.007663, 0.008609, 0.009698, 0.010937, 0.012333, 0.013894, 0.015629, 0.017544, 0.019646, 0.021943, 0.024438, 0.027138, 0.030043, 0.033156, 0.036476, 0.039999, 0.043722, 0.047636, 0.051731, 0.055994, 0.060410, 0.064961, 0.069625, 0.074378, 0.079194, 0.084045, 0.088899, 0.093724, 0.098484, 0.103146, 0.107672, 0.112026, 0.116172, 0.120074, 0.123698, 0.127011, 0.129983, 0.132585, 0.134794, 0.136587, 0.137948, 0.138862, 0.139322, 0.139322, 0.138862, 0.137948, 0.136587, 0.134794, 0.132586, 0.129983, 0.127011, 0.123698, 0.120075, 0.116172, 0.112026, 0.107672, 0.103146, 0.098485, 0.093724, 0.088899, 0.084045, 0.079195, 0.074378, 0.069625, 0.064961, 0.060411, 0.055994, 0.051731, 0.047636, 0.043722, 0.040000, 0.036476, 0.033156, 0.030043, 0.027138, 0.024439, 0.021943, 0.019646, 0.017544, 0.015629, 0.013895, 0.012333, 0.010937, 0.009698, 0.008609, 0.007663, 0.006851, 0.006168, 0.005608, 0.005166, 0.004839, 0.004622, 0.004514
0.003929, 0.004022, 0.004211, 0.004496, 0.004881, 0.005368, 0.005962, 0.006668, 0.007492, 0.008440, 0.009518, 0.010733, 0.012092, 0.013601, 0.015268, 0.017097, 0.019096, 0.021268, 0.023617, 0.026145, 0.028854, 0.031743, 0.034810, 0.038049, 0.041455, 0.045019, 0.048729, 0.052573, 0.056533, 0.060591, 0.064728, 0.068920, 0.073141, 0.077365, 0.081564, 0.085707, 0.089763, 0.093702, 0.097492, 0.101100, 0.104495, 0.107649, 0.110532, 0.113118, 0.115383, 0.117305, 0.118866, 0.120050, 0.120846, 0.121246, 0.121246, 0.120846, 0.120050, 0.118866, 0.117305, 0.115383, 0.113119, 0.110532, 0.107649, 0.104496, 0.101100, 0.097492, 0.093703, 0.089764, 0.085707, 0.081564, 0.077365, 0.073141, 0.068920, 0.064728, 0.060592, 0.056533, 0.052573, 0.048730, 0.045019, 0.041456, 0.038050, 0.034810, 0.031744, 0.028855, 0.026146, 0.023617, 0.021268, 0.019096, 0.017098, 0.015268, 0.013601, 0.012092, 0.010733, 0.009518, 0.008440, 0.007492, 0.006668, 0.005962, 0.005368, 0.004881, 0.004496, 0.004211, 0.004022, 0.003929
0.003407, 0.003489, 0.003652, 0.003899, 0.004233, 0.004655, 0.005171, 0.005783, 0.006498, 0.007320, 0.008255, 0.009309, 0.010487, 0.011796, 0.013241, 0.014828, 0.016561, 0.018445, 0.020482, 0.022675, 0.025025, 0.027530, 0.030190, 0.032999, 0.035953, 0.039044, 0.042262, 0.045595, 0.049029, 0.052549, 0.056137, 0.059772, 0.063433, 0.067096, 0.070738, 0.074331, 0.077849, 0.081265, 0.084551, 0.087680, 0.090626, 0.093361, 0.095861, 0.098104, 0.100068, 0.101735, 0.103089, 0.104115, 0.104806, 0.105153, 0.105153, 0.104806, 0.104116, 0.103089, 0.101735, 0.100068, 0.098104, 0.095861, 0.093361, 0.090626, 0.087681, 0.084552, 0.081265, 0.077849, 0.074331, 0.070738, 0.067097, 0.063433, 0.059772, 0.056137, 0.052549, 0.049029, 0.045595, 0.042262, 0.039044, 0.035953, 0.032999, 0.030190, 0.027530, 0.025025, 0.022675, 0.020482, 0.018445, 0.016561, 0.014828, 0.013241, 0.011796, 0.010487, 0.009309, 0.008255, 0.007320, 0.006498, 0.005783, 0.005171, 0.004655, 0.004233, 0.003899, 0.003652, 0.003489, 0.003407
0.002946, 0.003016, 0.003157, 0.003371, 0.003659, 0.004025, 0.004470, 0.005000, 0.005618, 0.006328, 0.007137, 0.008048, 0.009066, 0.010198, 0.011448, 0.012820, 0.014318, 0.015946, 0.017708, 0.019604, 0.021635, 0.023801, 0.026100, 0.028529, 0.031083, 0.033755, 0.036537, 0.039418, 0.042388, 0.045431, 0.048532, 0.051675, 0.054840, 0.058007, 0.061155, 0.064262, 0.067304, 0.070257, 0.073098, 0.075803, 0.078349, 0.080714, 0.082876, 0.084815, 0.086513, 0.087954, 0.089124, 0.090012, 0.090609, 0.090908, 0.090908, 0.090609, 0.090012, 0.089124, 0.087954, 0.086513, 0.084815, 0.082876, 0.080714, 0.078349, 0.075803, 0.073098, 0.070257, 0.067304, 0.064262, 0.061156, 0.058008, 0.054840, 0.051675, 0.048533, 0.045431, 0.042388, 0.039419, 0.036537, 0.033755, 0.031083, 0.028529, 0.026100, 0.023801, 0.021635, 0.019604, 0.017708, 0.015947, 0.014318, 0.012820, 0.011448, 0.010198, 0.009067, 0.008048, 0.007137, 0.006328, 0.005618, 0.005000, 0.004470, 0.004025, 0.003660, 0.003371, 0.003157, 0.003016, 0.002946
0.002540, 0.002600, 0.002722, 0.002907, 0.003155, 0.003470, 0.003854, 0.004311, 0.004844, 0.005456, 0.006153, 0.006939, 0.007817, 0.008793, 0.009870, 0.011053, 0.012345, 0.013749, 0.015267, 0.016902, 0.018653, 0.020521, 0.022503, 0.024597, 0.026799, 0.029103, 0.031501, 0.033986, 0.036546, 0.039170, 0.041844, 0.044553, 0.047282, 0.050013, 0.052727, 0.055405, 0.058028, 0.060574, 0.063023, 0.065356, 0.067551, 0.069590, 0.071454, 0.073125, 0.074589, 0.075832, 0.076841, 0.077606, 0.078121, 0.078379, 0.078379, 0.078121, 0.077606, 0.076841, 0.075832, 0.074589, 0.073125, 0.071454, 0.069590, 0.067551, 0.065356, 0.063024, 0.060574, 0.058028, 0.055405, 0.052727, 0.050013, 0.047282, 0.044553, 0.041844, 0.039170, 0.036546, 0.033986, 0.031501, 0.029103, 0.026799, 0.024597, 0.022503, 0.020521, 0.018653, 0.016902, 0.015267, 0.013749, 0.012345, 0.011053, 0.009870, 0.008793, 0.007817, 0.006939, 0.006153, 0.005456, 0.004844, 0.004311, 0.003854, 0.003470, 0.003155, 0.002907, 0.002722, 0.002600, 0.002540
0.002185, 0.002237, 0.002342, 0.002501, 0.002715, 0.002986, 0.003316, 0.003709, 0.004167, 0.004694, 0.005294, 0.005970, 0.006725, 0.007565, 0.008492, 0.009509, 0.010621, 0.011829, 0.013135, 0.014542, 0.016048, 0.017655, 0.019361, 0.021162, 0.023057, 0.025039, 0.027102, 0.029240, 0.031442, 0.033700, 0.036000, 0.038331, 0.040679, 0.043028, 0.045364, 0.047668, 0.049924, 0.052115, 0.054222, 0.056229, 0.058117, 0.059872, 0.061475, 0.062913, 0.064173, 0.065242, 0.066110, 0.066768, 0.067211, 0.067434, 0.067434, 0.067211, 0.066768, 0.066110, 0.065242, 0.064173, 0.062913, 0.061475, 0.059872, 0.058118, 0.056229, 0.054222, 0.052115, 0.049924, 0.047668, 0.045364, 0.043029, 0.040679, 0.038331, 0.036000, 0.033700, 0.031442, 0.029240, 0.027102, 0.025039, 0.023057, 0.021162, 0.019361, 0.017655, 0.016048, 0.014542, 0.013135, 0.011829, 0.010621, 0.009509, 0.008492, 0.007565, 0.006725, 0.005970, 0.005294, 0.004694, 0.004167, 0.003709, 0.003316, 0.002986, 0.002715, 0.002501, 0.002342, 0.002237, 0.002185
0.001878, 0.001922, 0.002013, 0.002149, 0.002333, 0.002565, 0.002849, 0.003187, 0.003581, 0.004034, 0.004549, 0.005130, 0.005779, 0.006500, 0.007297, 0.008171, 0.009126, 0.010164, 0.011287, 0.012495, 0.013790, 0.015171, 0.016636, 0.018185, 0.019812, 0.021515, 0.023289, 0.025125, 0.027018, 0.028958, 0.030935, 0.032938, 0.034955, 0.036974, 0.038981, 0.040961, 0.042899, 0.044782, 0.046593, 0.048317, 0.049940, 0.051447, 0.052825, 0.054061, 0.055143, 0.056062, 0.056808, 0.057374, 0.057754, 0.057945, 0.057945, 0.057754, 0.057374, 0.056808, 0.056062, 0.055143, 0.054061, 0.052825, 0.051447, 0.049940, 0.048317, 0.046593, 0.044782, 0.042900, 0.040961, 0.038981, 0.036974, 0.034955, 0.032938, 0.030935, 0.028958, 0.027018, 0.025125, 0.023289, 0.021516, 0.019812, 0.018185, 0.016636, 0.015171, 0.013790, 0.012495, 0.011287, 0.010164, 0.009126, 0.008171, 0.007297, 0.006500, 0.005779, 0.005130, 0.004549, 0.004034, 0.003581, 0.003187, 0.002849, 0.002565, 0.002333, 0.002149, 0.002013, 0.001922, 0.001878
0.001613, 0.001652, 0.001729, 0.001847, 0.002004, 0.002205, 0.002449, 0.002739, 0.003077, 0.003466, 0.003909, 0.004408, 0.004966, 0.005586, 0.006270, 0.007022, 0.007843, 0.008735, 0.009699, 0.010738, 0.011850, 0.013037, 0.014296, 0.015627, 0.017025, 0.018489, 0.020013, 0.021591, 0.023218, 0.024884, 0.026583, 0.028305, 0.030038, 0.031773, 0.033498, 0.035199, 0.036865, 0.038483, 0.040039, 0.041521, 0.042915, 0.044211, 0.045395, 0.046457, 0.047387, 0.048176, 0.048817, 0.049304, 0.049630, 0.049795, 0.049795, 0.049630, 0.049304, 0.048817, 0.048176, 0.047387, 0.046457, 0.045395, 0.044211, 0.042916, 0.041521, 0.040039, 0.038483, 0.036865, 0.035199, 0.033498, 0.031773, 0.030039, 0.028305, 0.026583, 0.024885, 0.023218, 0.021591, 0.020013, 0.018489, 0.017026, 0.015627, 0.014296, 0.013037, 0.011850, 0.010738, 0.009699, 0.008735, 0.007843, 0.007022, 0.006270, 0.005586, 0.004966, 0.004408, 0.003909, 0.003466, 0.003077, 0.002739, 0.002449, 0.002205, 0.002004, 0.001847, 0.001729, 0.001652, 0.001613
0.001389, 0.001422, 0.001489, 0.001590, 0.001726, 0.001898, 0.002108, 0.002358, 0.002649, 0.002984, 0.003365, 0.003795, 0.004275, 0.004809, 0.005398, 0.006045, 0.006752, 0.007520, 0.008350, 0.009245, 0.010202, 0.011224, 0.012308, 0.013454, 0.014658, 0.015918, 0.017230, 0.018589, 0.019989, 0.021424, 0.022887, 0.024369, 0.025862, 0.027355, 0.028840, 0.030305, 0.031739, 0.033132, 0.034472, 0.035747, 0.036948, 0.038063, 0.039083, 0.039997, 0.040798, 0.041478, 0.042029, 0.042448, 0.042729, 0.042871, 0.042871, 0.042730, 0.042448, 0.042029, 0.041478, 0.040798, 0.039997, 0.039083, 0.038063, 0.036948, 0.035747, 0.034472, 0.033132, 0.031739, 0.030305, 0.028840, 0.027355, 0.025862, 0.024369, 0.022887, 0.021424, 0.019989, 0.018589, 0.017230, 0.015918, 0.014658, 0.013454, 0.012308, 0.011224, 0.010203, 0.009245, 0.008351, 0.007520, 0.006752, 0.006045, 0.005398, 0.004809, 0.004275, 0.003795, 0.003365, 0.002984, 0.002649, 0.002358, 0.002108, 0.001898, 0.001726, 0.001590, 0.001489, 0.001422, 0.001389
0.001201, 0.001230, 0.001287, 0.001375, 0.001492, 0.001641, 0.001823, 0.002039, 0.002291, 0.002581, 0.002910, 0.003282, 0.003697, 0.004159, 0.004668, 0.005228, 0.005839, 0.006503, 0.007221, 0.007994, 0.008822, 0.009706, 0.010643, 0.011634, 0.012675, 0.013765, 0.014899, 0.016075, 0.017285, 0.018526, 0.019791, 0.021073, 0.022364, 0.023655, 0.024939, 0.026206, 0.027446, 0.028651, 0.029809, 0.030913, 0.031951, 0.032915, 0.033797, 0.034588, 0.035280, 0.035868, 0.036345, 0.036707, 0.036950, 0.037073, 0.037073, 0.036950, 0.036707, 0.036345, 0.035868, 0.035280, 0.034588, 0.033797, 0.032915, 0.031951, 0.030913, 0.029809, 0.028651, 0.027446, 0.026206, 0.024939, 0.023655, 0.022364, 0.021073, 0.019791, 0.018527, 0.017286, 0.016075, 0.014900, 0.013765, 0.012675, 0.011634, 0.010643, 0.009706, 0.008822, 0.007994, 0.007221, 0.006503, 0.005839, 0.005228, 0.004668, 0.004159, 0.003697, 0.003282, 0.002910, 0.002581, 0.002291, 0.002039, 0.001823, 0.001641, 0.001492, 0.001375, 0.001287, 0.001230, 0.001201
0.001047, 0.001072, 0.001122, 0.001198, 0.001300, 0.001430, 0.001589, 0.001777, 0.001996, 0.002249, 0.002536, 0.002860, 0.003222, 0.003624, 0.004068, 0.004556, 0.005088, 0.005667, 0.006293, 0.006967, 0.007689, 0.008459, 0.009276, 0.010139, 0.011047, 0.011996, 0.012985, 0.014009, 0.015064, 0.016146, 0.017248, 0.018365, 0.019490, 0.020616, 0.021735, 0.022839, 0.023920, 0.024970, 0.025979, 0.026941, 0.027846, 0.028686, 0.029455, 0.030144, 0.030747, 0.031260, 0.031675, 0.031991, 0.032203, 0.032310, 0.032310, 0.032203, 0.031991, 0.031675, 0.031260, 0.030747, 0.030144, 0.029455, 0.028686, 0.027846, 0.026941, 0.025979, 0.024970, 0.023920, 0.022839, 0.021735, 0.020616, 0.019490, 0.018365, 0.017248, 0.016146, 0.015064, 0.014009, 0.012985, 0.011996, 0.011047, 0.010139, 0.009276, 0.008459, 0.007689, 0.006967, 0.006293, 0.005667, 0.005088, 0.004556, 0.004068, 0.003624, 0.003222, 0.002860, 0.002536, 0.002249, 0.001996, 0.001777, 0.001589, 0.001430, 0.001300, 0.001198, 0.001122, 0.001072, 0.001047
0.000923, 0.000945, 0.000990, 0.001057, 0.001147, 0.001262, 0.001401, 0.001567, 0.001761, 0.001984, 0.002237, 0.002523, 0.002842, 0.003197, 0.003589, 0.004019, 0.004489, 0.004999, 0.005551, 0.006146, 0.006783, 0.007462, 0.008183, 0.008944, 0.009745, 0.010583, 0.011455, 0.012358, 0.013289, 0.014244, 0.015216, 0.016202, 0.017194, 0.018187, 0.019174, 0.020148, 0.021102, 0.022028, 0.022919, 0.023767, 0.024565, 0.025307, 0.025985, 0.026593, 0.027125, 0.027577, 0.027944, 0.028222, 0.028409, 0.028504, 0.028504, 0.028409, 0.028222, 0.027944, 0.027577, 0.027125, 0.026593, 0.025985, 0.025307, 0.024565, 0.023767, 0.022919, 0.022028, 0.021102, 0.020148, 0.019174, 0.018187, 0.017194, 0.016202, 0.015216, 0.014244, 0.013290, 0.012359, 0.011455, 0.010583, 0.009745, 0.008944, 0.008183, 0.007462, 0.006783, 0.006146, 0.005551, 0.004999, 0.004489, 0.004019, 0.003589, 0.003197, 0.002842, 0.002523, 0.002237, 0.001984, 0.001761, 0.001567, 0.001401, 0.001262, 0.001147, 0.001057, 0.000990, 0.000945, 0.000923
0.000829, 0.000849, 0.000888, 0.000948, 0.001030, 0.001132, 0.001258, 0.001407, 0.001581, 0.001781, 0.002008, 0.002265, 0.002551, 0.002870, 0.003221, 0.003607, 0.004029, 0.004488, 0.004983, 0.005517, 0.006089, 0.006698, 0.007345, 0.008029, 0.008748, 0.009500, 0.010283, 0.011094, 0.011930, 0.012786, 0.013659, 0.014544, 0.015435, 0.016327, 0.017213, 0.018087, 0.018943, 0.019775, 0.020574, 0.021336, 0.022053, 0.022718, 0.023327, 0.023873, 0.024351, 0.024756, 0.025086, 0.025336, 0.025504, 0.025588, 0.025588, 0.025504, 0.025336, 0.025086, 0.024756, 0.024351, 0.023873, 0.023327, 0.022718, 0.022053, 0.021336, 0.020575, 0.019775, 0.018943, 0.018087, 0.017213, 0.016327, 0.015435, 0.014544, 0.013660, 0.012787, 0.011930, 0.011094, 0.010283, 0.009500, 0.008748, 0.008029, 0.007345, 0.006698, 0.006089, 0.005517, 0.004983, 0.004488, 0.004029, 0.003608, 0.003221, 0.002870, 0.002551, 0.002265, 0.002008, 0.001781, 0.001581, 0.001407, 0.001258, 0.001132, 0.001030, 0.000948, 0.000888, 0.000849, 0.000829
0.000761, 0.000779, 0.000816, 0.000871, 0.000946, 0.001040, 0.001155, 0.001292, 0.001452, 0.001636, 0.001845, 0.002080, 0.002344, 0.002636, 0.002960, 0.003314, 0.003702, 0.004123, 0.004578, 0.005069, 0.005594, 0.006154, 0.006749, 0.007377, 0.008037, 0.008728, 0.009448, 0.010193, 0.010961, 0.011748, 0.012550, 0.013363, 0.014182, 0.015001, 0.015815, 0.016618, 0.017405, 0.018169, 0.018904, 0.019604, 0.020262, 0.020874, 0.021433, 0.021935, 0.022374, 0.022747, 0.023049, 0.023279, 0.023433, 0.023511, 0.023511, 0.023433, 0.023279, 0.023049, 0.022747, 0.022374, 0.021935, 0.021433, 0.020874, 0.020262, 0.019604, 0.018904, 0.018169, 0.017405, 0.016619, 0.015815, 0.015001, 0.014182, 0.013363, 0.012550, 0.011748, 0.010961, 0.010193, 0.009448, 0.008728, 0.008037, 0.007377, 0.006749, 0.006154, 0.005594, 0.005069, 0.004578, 0.004123, 0.003702, 0.003314, 0.002960, 0.002636, 0.002344, 0.002080, 0.001845, 0.001636, 0.001452, 0.001292, 0.001155, 0.001040, 0.000946, 0.000871, 0.000816, 0.000779, 0.000761
0.000720, 0.000737, 0.000771, 0.000824, 0.000894, 0.000983, 0.001092, 0.001222, 0.001373, 0.001547, 0.001744, 0.001967, 0.002216, 0.002493, 0.002798, 0.003134, 0.003500, 0.003898, 0.004329, 0.004792, 0.005289, 0.005819, 0.006381, 0.006975, 0.007600, 0.008253, 0.008933, 0.009638, 0.010364, 0.011108, 0.011867, 0.012636, 0.013410, 0.014184, 0.014954, 0.015714, 0.016458, 0.017180, 0.017875, 0.018537, 0.019160, 0.019738, 0.020267, 0.020741, 0.021157, 0.021509, 0.021795, 0.022013, 0.022159, 0.022232, 0.022232, 0.022159, 0.022013, 0.021795, 0.021509, 0.021157, 0.020741, 0.020267, 0.019738, 0.019160, 0.018537, 0.017875, 0.017181, 0.016458, 0.015714, 0.014954, 0.014184, 0.013410, 0.012636, 0.011867, 0.011109, 0.010364, 0.009638, 0.008933, 0.008253, 0.007600, 0.006975, 0.006381, 0.005819, 0.005289, 0.004792, 0.004329, 0.003898, 0.003500, 0.003134, 0.002798, 0.002493, 0.002216, 0.001967, 0.001744, 0.001547, 0.001373, 0.001222, 0.001092, 0.000983, 0.000894, 0.000824, 0.000771, 0.000737, 0.000720
0.000703, 0.000720, 0.000754, 0.000805, 0.000874, 0.000961, 0.001067, 0.001194, 0.001341, 0.001511, 0.001704, 0.001922, 0.002165, 0.002436, 0.002734, 0.003062, 0.003420, 0.003809, 0.004230, 0.004683, 0.005168, 0.005686, 0.006235, 0.006816, 0.007426, 0.008065, 0.008729, 0.009418, 0.010128, 0.010855, 0.011596, 0.012348, 0.013104, 0.013861, 0.014614, 0.015356, 0.016083, 0.016789, 0.017468, 0.018115, 0.018723, 0.019289, 0.019805, 0.020269, 0.020675, 0.021019, 0.021299, 0.021511, 0.021654, 0.021726, 0.021726, 0.021654, 0.021511, 0.021299, 0.021019, 0.020675, 0.020269, 0.019806, 0.019289, 0.018724, 0.018115, 0.017468, 0.016789, 0.016083, 0.015356, 0.014614, 0.013861, 0.013104, 0.012348, 0.011596, 0.010855, 0.010128, 0.009418, 0.008729, 0.008065, 0.007426, 0.006816, 0.006235, 0.005686, 0.005168, 0.004683, 0.004230, 0.003809, 0.003420, 0.003062, 0.002734, 0.002436, 0.002165, 0.001922, 0.001704, 0.001511, 0.001341, 0.001194, 0.001067, 0.000961, 0.000874, 0.000805, 0.000754, 0.000720, 0.000703
0.000711, 0.000728, 0.000762, 0.000814, 0.000884, 0.000972, 0.001080, 0.001208, 0.001357, 0.001529, 0.001724, 0.001944, 0.002190, 0.002464, 0.002766, 0.003097, 0.003460, 0.003853, 0.004279, 0.004737, 0.005228, 0.005752, 0.006308, 0.006895, 0.007513, 0.008159, 0.008831, 0.009528, 0.010246, 0.010982, 0.011732, 0.012492, 0.013257, 0.014023, 0.014784, 0.015536, 0.016271, 0.016986, 0.017673, 0.018327, 0.018943, 0.019515, 0.020037, 0.020506, 0.020917, 0.021266, 0.021549, 0.021763, 0.021908, 0.021980, 0.021980, 0.021908, 0.021763, 0.021549, 0.021266, 0.020917, 0.020506, 0.020037, 0.019515, 0.018943, 0.018327, 0.017673, 0.016986, 0.016271, 0.015536, 0.014784, 0.014023, 0.013257, 0.012492, 0.011732, 0.010982, 0.010246, 0.009528, 0.008831, 0.008159, 0.007513, 0.006895, 0.006308, 0.005752, 0.005228, 0.004737, 0.004279, 0.003853, 0.003460, 0.003097, 0.002766, 0.002464, 0.002190, 0.001944, 0.001724, 0.001529, 0.001357, 0.001208, 0.001080, 0.000972, 0.000884, 0.000814, 0.000762, 0.000728, 0.000711
0.000744, 0.000762, 0.000797, 0.000851, 0.000924, 0.001017, 0.001129, 0.001263, 0.001419, 0.001599, 0.001803, 0.002034, 0.002291, 0.002577, 0.002893, 0.003240, 0.003619, 0.004031, 0.004477, 0.004956, 0.005470, 0.006018, 0.006599, 0.007214, 0.007860, 0.008536, 0.009239, 0.009968, 0.010720, 0.011490, 0.012274, 0.013069, 0.013870, 0.014672, 0.015468, 0.016254, 0.017024, 0.017771, 0.018490, 0.019175, 0.019819, 0.020418, 0.020965, 0.021455, 0.021885, 0.022250, 0.022546, 0.022771, 0.022922, 0.022997, 0.022997, 0.022922, 0.022771, 0.022546, 0.022250, 0.021885, 0.021455, 0.020965, 0.020418, 0.019819, 0.019175, 0.018490, 0.017771, 0.017024, 0.016254, 0.015468, 0.014672, 0.013870, 0.013069, 0.012274, 0.011490, 0.010720, 0.009968, 0.009239, 0.008536, 0.007860, 0.007214, 0.006599, 0.006018, 0.005470, 0.004956, 0.004477, 0.004031, 0.003619, 0.003240, 0.002893, 0.002578, 0.002291, 0.002034, 0.001803, 0.001599, 0.001419, 0.001263, 0.001129, 0.001017, 0.000924, 0.000851, 0.000797, 0.000762, 0.000744
0.000802, 0.000821, 0.000860, 0.000918, 0.000996, 0.001096, 0.001217, 0.001362, 0.001530, 0.001724, 0.001944, 0.002192, 0.002470, 0.002778, 0.003119, 0.003493, 0.003902, 0.004345, 0.004826, 0.005343, 0.005896, 0.006487, 0.007114, 0.007776, 0.008473, 0.009202, 0.009960, 0.010746, 0.011556, 0.012386, 0.013232, 0.014089, 0.014953, 0.015817, 0.016676, 0.017523, 0.018353, 0.019158, 0.019934, 0.020672, 0.021366, 0.022011, 0.022601, 0.023130, 0.023594, 0.023987, 0.024306, 0.024548, 0.024711, 0.024793, 0.024793, 0.024711, 0.024548, 0.024306, 0.023987, 0.023594, 0.023130, 0.022601, 0.022011, 0.021366, 0.020672, 0.019934, 0.019158, 0.018353, 0.017523, 0.016676, 0.015817, 0.014953, 0.014089, 0.013232, 0.012386, 0.011556, 0.010746, 0.009960, 0.009202, 0.008473, 0.007776, 0.007114, 0.006487, 0.005896, 0.005343, 0.004826, 0.004346, 0.003902, 0.003493, 0.003119, 0.002778, 0.002470, 0.002192, 0.001944, 0.001724, 0.001530, 0.001362, 0.001217, 0.001096, 0.000996, 0.000918, 0.000860, 0.000821, 0.000802
0.000886, 0.000907, 0.000950, 0.001014, 0.001101, 0.001211, 0.001345, 0.001504, 0.001690, 0.001904, 0.002148, 0.002422, 0.002729, 0.003070, 0.003446, 0.003859, 0.004311, 0.004801, 0.005332, 0.005903, 0.006515, 0.007168, 0.007861, 0.008593, 0.009362, 0.010167, 0.011006, 0.011874, 0.012769, 0.013686, 0.014621, 0.015568, 0.016522, 0.017477, 0.018426, 0.019362, 0.020279, 0.021170, 0.022026, 0.022842, 0.023609, 0.024322, 0.024974, 0.025559, 0.026070, 0.026505, 0.026858, 0.027125, 0.027305, 0.027396, 0.027396, 0.027305, 0.027125, 0.026858, 0.026505, 0.026071, 0.025559, 0.024974, 0.024322, 0.023609, 0.022842, 0.022026, 0.021170, 0.020279, 0.019362, 0.018426, 0.017477, 0.016522, 0.015568, 0.014621, 0.013686, 0.012769, 0.011874, 0.011006, 0.010167, 0.009362, 0.008593, 0.007861, 0.007168, 0.006515, 0.005903, 0.005332, 0.004801, 0.004311, 0.003859, 0.003446, 0.003070, 0.002729, 0.002422, 0.002148, 0.001904, 0.001690, 0.001504, 0.001345, 0.001211, 0.001101, 0.001014, 0.000950, 0.000907, 0.000886
0.000997, 0.001021, 0.001069, 0.001142, 0.001239, 0.001363, 0.001514, 0.001694, 0.001903, 0.002144, 0.002418, 0.002727, 0.003073, 0.003457, 0.003880, 0.004346, 0.004854, 0.005406, 0.006004, 0.006647, 0.007336, 0.008071, 0.008851, 0.009675, 0.010542, 0.011449, 0.012393, 0.013370, 0.014378, 0.015411, 0.016464, 0.017530, 0.018605, 0.019680, 0.020748, 0.021803, 0.022835, 0.023838, 0.024802, 0.025721, 0.026585, 0.027388, 0.028122, 0.028780, 0.029357, 0.029846, 0.030243, 0.030544, 0.030747, 0.030849, 0.030849, 0.030747, 0.030544, 0.030243, 0.029846, 0.029357, 0.028780, 0.028122, 0.027388, 0.026585, 0.025721, 0.024802, 0.023838, 0.022835, 0.021803, 0.020748, 0.019680, 0.018605, 0.017530, 0.016464, 0.015411, 0.014378, 0.013371, 0.012393, 0.011449, 0.010542, 0.009675, 0.008851, 0.008071, 0.007336, 0.006647, 0.006004, 0.005406, 0.004854, 0.004346, 0.003880, 0.003457, 0.003073, 0.002727, 0.002418, 0.002144, 0.001903, 0.001694, 0.001514, 0.001363, 0.001239, 0.001142, 0.001069, 0.001021, 0.000997
0.001138, 0.001166, 0.001220, 0.001303, 0.001414, 0.001556, 0.001728, 0.001933, 0.002172, 0.002447, 0.002760, 0.003113, 0.003507, 0.003945, 0.004429, 0.004960, 0.005540, 0.006170, 0.006852, 0.007586, 0.008373, 0.009211, 0.010102, 0.011042, 0.012031, 0.013066, 0.014143, 0.015260, 0.016410, 0.017588, 0.018790, 0.020007, 0.021233, 0.022460, 0.023680, 0.024883, 0.026062, 0.027206, 0.028307, 0.029355, 0.030341, 0.031258, 0.032095, 0.032847, 0.033505, 0.034063, 0.034516, 0.034860, 0.035092, 0.035208, 0.035208, 0.035092, 0.034860, 0.034516, 0.034063, 0.033505, 0.032847, 0.032095, 0.031258, 0.030342, 0.029355, 0.028307, 0.027206, 0.026062, 0.024883, 0.023680, 0.022460, 0.021233, 0.020007, 0.018790, 0.017588, 0.016410, 0.015260, 0.014144, 0.013066, 0.012031, 0.011042, 0.010102, 0.009211, 0.008373, 0.007586, 0.006852, 0.006170, 0.005540, 0.004960, 0.004429, 0.003945, 0.003507, 0.003113, 0.002760, 0.002447, 0.002172, 0.001933, 0.001728, 0.001556, 0.001414, 0.001303, 0.001220, 0.001166, 0.001138
0.001311, 0.001342, 0.001405, 0.001500, 0.001629, 0.001791, 0.001990, 0.002226, 0.002501, 0.002818, 0.003178, 0.003584, 0.004038, 0.004542, 0.005099, 0.005711, 0.006379, 0.007105, 0.007890, 0.008735, 0.009641, 0.010606, 0.011632, 0.012715, 0.013853, 0.015045, 0.016286, 0.017571, 0.018895, 0.020252, 0.021636, 0.023038, 0.024449, 0.025862, 0.027267, 0.028652, 0.030009, 0.031327, 0.032594, 0.033801, 0.034937, 0.035992, 0.036957, 0.037822, 0.038580, 0.039223, 0.039745, 0.040141, 0.040407, 0.040541, 0.040541, 0.040407, 0.040141, 0.039745, 0.039223, 0.038580, 0.037822, 0.036957, 0.035992, 0.034937, 0.033801, 0.032595, 0.031327, 0.030009, 0.028653, 0.027267, 0.025862, 0.024450, 0.023038, 0.021636, 0.020253, 0.018895, 0.017571, 0.016286, 0.015045, 0.013854, 0.012715, 0.011632, 0.010606, 0.009641, 0.008735, 0.007890, 0.007105, 0.006379, 0.005711, 0.005099, 0.004542, 0.004038, 0.003584, 0.003178, 0.002818, 0.002501, 0.002226, 0.001990, 0.001791, 0.001629, 0.001500, 0.001405, 0.001342, 0.001311
0.001517, 0.001553, 0.001626, 0.001737, 0.001885, 0.002074, 0.002303, 0.002577, 0.002895, 0.003262, 0.003679, 0.004149, 0.004674, 0.005258, 0.005903, 0.006610, 0.007384, 0.008224, 0.009133, 0.010111, 0.011159, 0.012277, 0.013464, 0.014718, 0.016036, 0.017415, 0.018851, 0.020339, 0.021872, 0.023443, 0.025045, 0.026667, 0.028301, 0.029937, 0.031563, 0.033167, 0.034737, 0.036263, 0.037730, 0.039127, 0.040442, 0.041663, 0.042779, 0.043781, 0.044658, 0.045402, 0.046007, 0.046465, 0.046773, 0.046928, 0.046928, 0.046773, 0.046465, 0.046007, 0.045402, 0.044658, 0.043781, 0.042780, 0.041663, 0.040442, 0.039127, 0.037730, 0.036263, 0.034738, 0.033167, 0.031563, 0.029937, 0.028302, 0.026667, 0.025045, 0.023443, 0.021872, 0.020339, 0.018852, 0.017415, 0.016036, 0.014718, 0.013464, 0.012277, 0.011159, 0.010111, 0.009133, 0.008224, 0.007384, 0.006610, 0.005903, 0.005258, 0.004674, 0.004149, 0.003679, 0.003262, 0.002895, 0.002577, 0.002303, 0.002074, 0.001885, 0.001737, 0.001626, 0.001553, 0.001517
0.001761, 0.001803, 0.001887, 0.002015, 0.002188, 0.002407, 0.002673, 0.002990, 0.003360, 0.003785, 0.004269, 0.004815, 0.005424, 0.006102, 0.006850, 0.007672, 0.008569, 0.009544, 0.010599, 0.011734, 0.012951, 0.014248, 0.015625, 0.017080, 0.018610, 0.020211, 0.021877, 0.023604, 0.025383, 0.027206, 0.029065, 0.030948, 0.032844, 0.034742, 0.036629, 0.038490, 0.040313, 0.042083, 0.043786, 0.045407, 0.046933, 0.048351, 0.049646, 0.050809, 0.051826, 0.052690, 0.053391, 0.053924, 0.054281, 0.054461, 0.054461, 0.054281, 0.053924, 0.053391, 0.052690, 0.051826, 0.050809, 0.049646, 0.048351, 0.046933, 0.045407, 0.043786, 0.042083, 0.040313, 0.038491, 0.036629, 0.034742, 0.032844, 0.030948, 0.029065, 0.027206, 0.025383, 0.023604, 0.021878, 0.020211, 0.018610, 0.017080, 0.015625, 0.014248, 0.012951, 0.011734, 0.010599, 0.009544, 0.008569, 0.007672, 0.006850, 0.006102, 0.005424, 0.004815, 0.004269, 0.003785, 0.003360, 0.002990, 0.002673, 0.002407, 0.002188, 0.002015, 0.001887, 0.001803, 0.001761
0.002045, 0.002093, 0.002192, 0.002340, 0.002541, 0.002795, 0.003104, 0.003472, 0.003902, 0.004396, 0.004957, 0.005591, 0.006299, 0.007086, 0.007954, 0.008908, 0.009950, 0.011083, 0.012307, 0.013626, 0.015039, 0.016545, 0.018144, 0.019834, 0.021610, 0.023469, 0.025404, 0.027409, 0.029475, 0.031592, 0.033750, 0.035937, 0.038139, 0.040343, 0.042534, 0.044696, 0.046812, 0.048867, 0.050845, 0.052727, 0.054499, 0.056145, 0.057650, 0.058999, 0.060181, 0.061184, 0.061999, 0.062617, 0.063032, 0.063241, 0.063241, 0.063032, 0.062617, 0.061999, 0.061184, 0.060181, 0.058999, 0.057650, 0.056145, 0.054500, 0.052728, 0.050845, 0.048868, 0.046812, 0.044696, 0.042534, 0.040343, 0.038139, 0.035937, 0.033750, 0.031592, 0.029475, 0.027409, 0.025404, 0.023469, 0.021610, 0.019834, 0.018144, 0.016545, 0.015039, 0.013626, 0.012307, 0.011083, 0.009950, 0.008908, 0.007954, 0.007086, 0.006299, 0.005591, 0.004957, 0.004396, 0.003902, 0.003472, 0.003104, 0.002795, 0.002541, 0.002340, 0.002192, 0.002093, 0.002045
0.002372, 0.002429, 0.002543, 0.002716, 0.002948, 0.003243, 0.003602, 0.004029, 0.004527, 0.005100, 0.005752, 0.006487, 0.007309, 0.008222, 0.009230, 0.010336, 0.011545, 0.012859, 0.014280, 0.015810, 0.017449, 0.019197, 0.021053, 0.023013, 0.025074, 0.027231, 0.029477, 0.031803, 0.034200, 0.036656, 0.039160, 0.041697, 0.044253, 0.046810, 0.049352, 0.051860, 0.054316, 0.056701, 0.058995, 0.061179, 0.063235, 0.065145, 0.066890, 0.068456, 0.069828, 0.070991, 0.071936, 0.072653, 0.073135, 0.073377, 0.073378, 0.073135, 0.072653, 0.071936, 0.070991, 0.069828, 0.068456, 0.066891, 0.065145, 0.063235, 0.061179, 0.058995, 0.056701, 0.054316, 0.051860, 0.049352, 0.046810, 0.044253, 0.041698, 0.039160, 0.036656, 0.034200, 0.031803, 0.029477, 0.027231, 0.025074, 0.023013, 0.021053, 0.019197, 0.017449, 0.015810, 0.014280, 0.012859, 0.011545, 0.010336, 0.009230, 0.008222, 0.007309, 0.006487, 0.005752, 0.005100, 0.004527, 0.004029, 0.003602, 0.003243, 0.002948, 0.002716, 0.002543, 0.002429, 0.002372
0.002748, 0.002814, 0.002946, 0.003145, 0.003415, 0.003756, 0.004172, 0.004667, 0.005244, 0.005908, 0.006663, 0.007514, 0.008465, 0.009523, 0.010690, 0.011972, 0.013372, 0.014894, 0.016540, 0.018312, 0.020211, 0.022235, 0.024385, 0.026655, 0.029043, 0.031541, 0.034141, 0.036836, 0.039612, 0.042457, 0.045357, 0.048296, 0.051256, 0.054218, 0.057162, 0.060067, 0.062912, 0.065674, 0.068331, 0.070861, 0.073242, 0.075454, 0.077476, 0.079290, 0.080878, 0.082226, 0.083320, 0.084151, 0.084709, 0.084990, 0.084990, 0.084709, 0.084151, 0.083320, 0.082226, 0.080878, 0.079290, 0.077476, 0.075454, 0.073242, 0.070861, 0.068331, 0.065674, 0.062912, 0.060067, 0.057162, 0.054218, 0.051256, 0.048296, 0.045358, 0.042458, 0.039612, 0.036836, 0.034142, 0.031541, 0.029043, 0.026655, 0.024385, 0.022236, 0.020211, 0.018312, 0.016540, 0.014894, 0.013373, 0.011972, 0.010690, 0.009523, 0.008465, 0.007514, 0.006663, 0.005908, 0.005244, 0.004667, 0.004172, 0.003756, 0.003415, 0.003145, 0.002946, 0.002814, 0.002748
0.003175, 0.003251, 0.003404, 0.003634, 0.003945, 0.004340, 0.004821, 0.005392, 0.006059, 0.006826, 0.007698, 0.008682, 0.009782, 0.011003, 0.012352, 0.013833, 0.015451, 0.017210, 0.019112, 0.021159, 0.023353, 0.025692, 0.028175, 0.030799, 0.033557, 0.036444, 0.039449, 0.042562, 0.045770, 0.049057, 0.052408, 0.055804, 0.059224, 0.062646, 0.066047, 0.069404, 0.072691, 0.075882, 0.078953, 0.081876, 0.084628, 0.087183, 0.089519, 0.091615, 0.093450, 0.095008, 0.096272, 0.097232, 0.097877, 0.098201, 0.098201, 0.097877, 0.097232, 0.096272, 0.095008, 0.093450, 0.091615, 0.089519, 0.087183, 0.084628, 0.081876, 0.078953, 0.075882, 0.072691, 0.069404, 0.066048, 0.062646, 0.059224, 0.055804, 0.052408, 0.049058, 0.045770, 0.042562, 0.039449, 0.036444, 0.033558, 0.030799, 0.028176, 0.025692, 0.023353, 0.021159, 0.019112, 0.017210, 0.015451, 0.013834, 0.012352, 0.011003, 0.009782, 0.008682, 0.007698, 0.006826, 0.006059, 0.005392, 0.004821, 0.004340, 0.003945, 0.003634, 0.003404, 0.003251, 0.003175
0.003658, 0.003746, 0.003921, 0.004187, 0.004546, 0.005000, 0.005554, 0.006213, 0.006981, 0.007864, 0.008870, 0.010003, 0.011270, 0.012677, 0.014231, 0.015938, 0.017802, 0.019828, 0.022019, 0.024378, 0.026905, 0.029601, 0.032462, 0.035484, 0.038662, 0.041988, 0.045450, 0.049037, 0.052732, 0.056520, 0.060381, 0.064293, 0.068233, 0.072176, 0.076095, 0.079962, 0.083749, 0.087426, 0.090963, 0.094331, 0.097501, 0.100445, 0.103137, 0.105551, 0.107666, 0.109460, 0.110917, 0.112022, 0.112766, 0.113139, 0.113139, 0.112766, 0.112022, 0.110917, 0.109460, 0.107666, 0.105551, 0.103137, 0.100446, 0.097501, 0.094331, 0.090963, 0.087426, 0.083749, 0.079962, 0.076095, 0.072176, 0.068233, 0.064293, 0.060381, 0.056520, 0.052733, 0.049037, 0.045450, 0.041988, 0.038663, 0.035485, 0.032462, 0.029601, 0.026906, 0.024378, 0.022019, 0.019828, 0.017802, 0.015938, 0.014232, 0.012677, 0.011270, 0.010003, 0.008870, 0.007865, 0.006981, 0.006213, 0.005554, 0.005000, 0.004546, 0.004187, 0.003922, 0.003746, 0.003658
0.004201, 0.004302, 0.004504, 0.004809, 0.005221, 0.005742, 0.006379, 0.007135, 0.008017, 0.009032, 0.010187, 0.011488, 0.012943, 0.014559, 0.016344, 0.018304, 0.020445, 0.022772, 0.025288, 0.027997, 0.030900, 0.033995, 0.037281, 0.040752, 0.044402, 0.048221, 0.052197, 0.056316, 0.060561, 0.064911, 0.069345, 0.073837, 0.078362, 0.082890, 0.087391, 0.091832, 0.096181, 0.100404, 0.104466, 0.108334, 0.111975, 0.115356, 0.118447, 0.121220, 0.123648, 0.125709, 0.127382, 0.128652, 0.129505, 0.129934, 0.129934, 0.129505, 0.128652, 0.127382, 0.125709, 0.123648, 0.121220, 0.118447, 0.115356, 0.111975, 0.108335, 0.104466, 0.100404, 0.096182, 0.091833, 0.087391, 0.082891, 0.078362, 0.073838, 0.069345, 0.064911, 0.060561, 0.056316, 0.052198, 0.048221, 0.044402, 0.040753, 0.037281, 0.033995, 0.030900, 0.027997, 0.025288, 0.022772, 0.020445, 0.018304, 0.016345, 0.014560, 0.012943, 0.011488, 0.010187, 0.009032, 0.008017, 0.007135, 0.006379, 0.005742, 0.005221, 0.004809, 0.004504, 0.004302, 0.004201
0.004809, 0.004924, 0.005155, 0.005504, 0.005975, 0.006573, 0.007301, 0.008166, 0.009176, 0.010338, 0.011659, 0.013148, 0.014814, 0.016664, 0.018707, 0.020950, 0.023401, 0.026064, 0.028944, 0.032044, 0.035367, 0.038909, 0.042670, 0.046643, 0.050821, 0.055192, 0.059743, 0.064457, 0.069315, 0.074294, 0.079368, 0.084510, 0.089689, 0.094872, 0.100023, 0.105106, 0.110084, 0.114917, 0.119566, 0.123993, 0.128160, 0.132030, 0.135568, 0.138741, 0.141521, 0.143879, 0.145794, 0.147247, 0.148224, 0.148715, 0.148715, 0.148224, 0.147247, 0.145794, 0.143879, 0.141521, 0.138742, 0.135568, 0.132030, 0.128160, 0.123994, 0.119566, 0.114917, 0.110084, 0.105107, 0.100023, 0.094872, 0.089689, 0.084511, 0.079369, 0.074294, 0.069315, 0.064457, 0.059743, 0.055192, 0.050821, 0.046643, 0.042670, 0.038910, 0.035367, 0.032045, 0.028944, 0.026064, 0.023401, 0.020951, 0.018707, 0.016664, 0.014814, 0.013148, 0.011659, 0.010338, 0.009176, 0.008167, 0.007301, 0.006573, 0.005975, 0.005504, 0.005155, 0.004924, 0.004809
0.005485, 0.005616, 0.005879, 0.006278, 0.006815, 0.007496, 0.008327, 0.009314, 0.010466, 0.011791, 0.013297, 0.014996, 0.016895, 0.019006, 0.021336, 0.023894, 0.026689, 0.029726, 0.033011, 0.036547, 0.040336, 0.044376, 0.048665, 0.053196, 0.057961, 0.062946, 0.068136, 0.073513, 0.079053, 0.084731, 0.090519, 0.096383, 0.102290, 0.108200, 0.114075, 0.119873, 0.125549, 0.131061, 0.136364, 0.141413, 0.146165, 0.150579, 0.154614, 0.158233, 0.161402, 0.164092, 0.166276, 0.167933, 0.169047, 0.169607, 0.169607, 0.169047, 0.167934, 0.166276, 0.164092, 0.161403, 0.158233, 0.154614, 0.150579, 0.146165, 0.141413, 0.136364, 0.131062, 0.125550, 0.119873, 0.114076, 0.108201, 0.102290, 0.096384, 0.090519, 0.084732, 0.079053, 0.073513, 0.068137, 0.062946, 0.057961, 0.053197, 0.048665, 0.044376, 0.040336, 0.036547, 0.033011, 0.029726, 0.026689, 0.023894, 0.021336, 0.019006, 0.016896, 0.014996, 0.013298, 0.011791, 0.010466, 0.009314, 0.008327, 0.007496, 0.006815, 0.006278, 0.005879, 0.005616, 0.005485
0.006233, 0.006382, 0.006681, 0.007134, 0.007745, 0.008518, 0.009462, 0.010584, 0.011893, 0.013398, 0.015111, 0.017041, 0.019199, 0.021597, 0.024245, 0.027152, 0.030328, 0.033779, 0.037512, 0.041530, 0.045835, 0.050427, 0.055301, 0.060450, 0.065864, 0.071528, 0.077426, 0.083536, 0.089831, 0.096284, 0.102860, 0.109524, 0.116236, 0.122952, 0.129628, 0.136216, 0.142667, 0.148930, 0.154955, 0.160693, 0.166093, 0.171108, 0.175693, 0.179805, 0.183407, 0.186463, 0.188945, 0.190828, 0.192094, 0.192730, 0.192730, 0.192094, 0.190829, 0.188945, 0.186464, 0.183407, 0.179806, 0.175693, 0.171108, 0.166093, 0.160693, 0.154956, 0.148930, 0.142667, 0.136216, 0.129629, 0.122953, 0.116236, 0.109525, 0.102861, 0.096284, 0.089832, 0.083536, 0.077427, 0.071529, 0.065864, 0.060450, 0.055301, 0.050427, 0.045836, 0.041530, 0.037512, 0.033779, 0.030328, 0.027152, 0.024245, 0.021597, 0.019199, 0.017041, 0.015111, 0.013398, 0.011893, 0.010584, 0.009462, 0.008518, 0.007745, 0.007134, 0.006681, 0.006382, 0.006233
0.007056, 0.007225, 0.007564, 0.008077, 0.008768, 0.009644, 0.010713, 0.011983, 0.013465, 0.015169, 0.017108, 0.019293, 0.021736, 0.024451, 0.027449, 0.030740, 0.034335, 0.038242, 0.042468, 0.047018, 0.051892, 0.057090, 0.062608, 0.068437, 0.074566, 0.080980, 0.087657, 0.094573, 0.101701, 0.109006, 0.116451, 0.123996, 0.131594, 0.139198, 0.146756, 0.154214, 0.161516, 0.168607, 0.175428, 0.181924, 0.188037, 0.193715, 0.198905, 0.203561, 0.207639, 0.211099, 0.213909, 0.216041, 0.217474, 0.218194, 0.218194, 0.217474, 0.216041, 0.213909, 0.211099, 0.207639, 0.203561, 0.198906, 0.193715, 0.188038, 0.181924, 0.175429, 0.168607, 0.161517, 0.154214, 0.146756, 0.139198, 0.131594, 0.123996, 0.116452, 0.109006, 0.101701, 0.094574, 0.087657, 0.080980, 0.074567, 0.068438, 0.062608, 0.057090, 0.051892, 0.047018, 0.042469, 0.038243, 0.034335, 0.030740, 0.027449, 0.024451, 0.021737, 0.019293, 0.017108, 0.015169, 0.013465, 0.011983, 0.010713, 0.009644, 0.008768, 0.008077, 0.007564, 0.007225, 0.007056
0.007959, 0.008149, 0.008532, 0.009110, 0.009890, 0.010878, 0.012083, 0.013516, 0.015187, 0.017109, 0.019296, 0.021760, 0.024517, 0.027579, 0.030959, 0.034672, 0.038726, 0.043133, 0.047900, 0.053031, 0.058528, 0.064391, 0.070615, 0.077189, 0.084102, 0.091335, 0.098866, 0.106668, 0.114706, 0.122946, 0.131343, 0.139852, 0.148422, 0.156998, 0.165522, 0.173934, 0.182170, 0.190167, 0.197861, 0.205187, 0.212082, 0.218486, 0.224340, 0.229591, 0.234190, 0.238093, 0.241262, 0.243666, 0.245283, 0.246095, 0.246095, 0.245283, 0.243666, 0.241262, 0.238093, 0.234190, 0.229592, 0.224340, 0.218486, 0.212082, 0.205187, 0.197861, 0.190168, 0.182171, 0.173934, 0.165523, 0.156998, 0.148422, 0.139853, 0.131344, 0.122946, 0.114707, 0.106668, 0.098867, 0.091336, 0.084103, 0.077190, 0.070615, 0.064392, 0.058529, 0.053031, 0.047900, 0.043134, 0.038727, 0.034672, 0.030960, 0.027579, 0.024517, 0.021760, 0.019296, 0.017109, 0.015187, 0.013516, 0.012083, 0.010878, 0.009890, 0.009110, 0.008532, 0.008149, 0.007959
0.008943, 0.009157, 0.009587, 0.010236, 0.011112, 0.012223, 0.013577, 0.015187, 0.017064, 0.019224, 0.021681, 0.024450, 0.027547, 0.030988, 0.034787, 0.038958, 0.043514, 0.048466, 0.053821, 0.059586, 0.065763, 0.072351, 0.079344, 0.086731, 0.094499, 0.102626, 0.111088, 0.119853, 0.128886, 0.138143, 0.147578, 0.157139, 0.166768, 0.176404, 0.185981, 0.195433, 0.204687, 0.213673, 0.222318, 0.230549, 0.238296, 0.245491, 0.252069, 0.257970, 0.263137, 0.267522, 0.271083, 0.273785, 0.275601, 0.276513, 0.276513, 0.275601, 0.273785, 0.271083, 0.267522, 0.263137, 0.257970, 0.252070, 0.245492, 0.238297, 0.230549, 0.222318, 0.213673, 0.204688, 0.195433, 0.185982, 0.176404, 0.166769, 0.157140, 0.147579, 0.138144, 0.128886, 0.119854, 0.111088, 0.102626, 0.094499, 0.086732, 0.079344, 0.072352, 0.065764, 0.059587, 0.053821, 0.048466, 0.043514, 0.038958, 0.034787, 0.030988, 0.027548, 0.024451, 0.021681, 0.019224, 0.017065, 0.015187, 0.013577, 0.012223, 0.011112, 0.010236, 0.009587, 0.009157, 0.008943
0.010011, 0.010250, 0.010731, 0.011458, 0.012439, 0.013681, 0.015197, 0.016999, 0.019101, 0.021519, 0.024269, 0.027369, 0.030835, 0.034686, 0.038938, 0.043607, 0.048707, 0.054250, 0.060244, 0.066698, 0.073612, 0.080986, 0.088813, 0.097082, 0.105776, 0.114873, 0.124345, 0.134156, 0.144266, 0.154628, 0.165189, 0.175890, 0.186668, 0.197454, 0.208174, 0.218753, 0.229112, 0.239170, 0.248846, 0.258060, 0.266732, 0.274785, 0.282148, 0.288753, 0.294537, 0.299445, 0.303430, 0.306454, 0.308487, 0.309509, 0.309509, 0.308487, 0.306455, 0.303431, 0.299445, 0.294537, 0.288753, 0.282149, 0.274786, 0.266732, 0.258060, 0.248847, 0.239171, 0.229113, 0.218754, 0.208175, 0.197455, 0.186669, 0.175891, 0.165190, 0.154629, 0.144267, 0.134156, 0.124345, 0.114874, 0.105776, 0.097082, 0.088813, 0.080986, 0.073612, 0.066698, 0.060245, 0.054250, 0.048707, 0.043608, 0.038939, 0.034687, 0.030836, 0.027369, 0.024269, 0.021519, 0.019101, 0.016999, 0.015197, 0.013682, 0.012439, 0.011458, 0.010731, 0.010250, 0.010011
0.011163, 0.011429, 0.011966, 0.012777, 0.013870, 0.015256, 0.016946, 0.018955, 0.021299, 0.023995, 0.027062, 0.030518, 0.034383, 0.038678, 0.043419, 0.048625, 0.054312, 0.060492, 0.067176, 0.074372, 0.082082, 0.090304, 0.099031, 0.108252, 0.117946, 0.128090, 0.138651, 0.149591, 0.160864, 0.172418, 0.184194, 0.196127, 0.208145, 0.220171, 0.232125, 0.243921, 0.255471, 0.266686, 0.277476, 0.287749, 0.297419, 0.306399, 0.314609, 0.321973, 0.328422, 0.333895, 0.338339, 0.341711, 0.343978, 0.345117, 0.345117, 0.343978, 0.341711, 0.338340, 0.333896, 0.328423, 0.321973, 0.314609, 0.306399, 0.297419, 0.287750, 0.277476, 0.266687, 0.255472, 0.243922, 0.232126, 0.220172, 0.208145, 0.196127, 0.184195, 0.172419, 0.160865, 0.149592, 0.138652, 0.128091, 0.117947, 0.108252, 0.099032, 0.090304, 0.082082, 0.074372, 0.067177, 0.060492, 0.054312, 0.048625, 0.043419, 0.038678, 0.034384, 0.030518, 0.027062, 0.023995, 0.021299, 0.018956, 0.016946, 0.015256, 0.013870, 0.012777, 0.011966, 0.011430, 0.011163
0.012400, 0.012696, 0.013292, 0.014193, 0.015407, 0.016946, 0.018824, 0.021056, 0.023659, 0.026654, 0.030060, 0.033899, 0.038193, 0.042963, 0.048229, 0.054012, 0.060329, 0.067194, 0.074619, 0.082611, 0.091175, 0.100308, 0.110002, 0.120244, 0.131012, 0.142280, 0.154011, 0.166162, 0.178684, 0.191518, 0.204598, 0.217853, 0.231202, 0.244560, 0.257838, 0.270941, 0.283771, 0.296228, 0.308212, 0.319624, 0.330364, 0.340339, 0.349459, 0.357638, 0.364802, 0.370881, 0.375818, 0.379563, 0.382081, 0.383346, 0.383346, 0.382081, 0.379563, 0.375818, 0.370882, 0.364802, 0.357639, 0.349459, 0.340340, 0.330365, 0.319624, 0.308213, 0.296229, 0.283772, 0.270942, 0.257839, 0.244561, 0.231202, 0.217853, 0.204599, 0.191518, 0.178685, 0.166163, 0.154011, 0.142280, 0.131013, 0.120245, 0.110003, 0.100308, 0.091176, 0.082612, 0.074619, 0.067194, 0.060329, 0.054013, 0.048230, 0.042963, 0.038193, 0.033899, 0.030060, 0.026654, 0.023659, 0.021056, 0.018824, 0.016947, 0.015407, 0.014193, 0.013292, 0.012696, 0.012400
0.013721, 0.014049, 0.014708, 0.015705, 0.017049, 0.018752, 0.020829, 0.023299, 0.026180, 0.029493, 0.033262, 0.037510, 0.042261, 0.047539, 0.053367, 0.059766, 0.066755, 0.074351, 0.082567, 0.091411, 0.100886, 0.110992, 0.121719, 0.133051, 0.144966, 0.157433, 0.170413, 0.183859, 0.197715, 0.211915, 0.226389, 0.241055, 0.255826, 0.270607, 0.285299, 0.299797, 0.313993, 0.327777, 0.341038, 0.353664, 0.365549, 0.376586, 0.386676, 0.395727, 0.403654, 0.410380, 0.415842, 0.419986, 0.422772, 0.424172, 0.424172, 0.422772, 0.419987, 0.415842, 0.410381, 0.403654, 0.395728, 0.386677, 0.376586, 0.365549, 0.353665, 0.341038, 0.327778, 0.313994, 0.299798, 0.285300, 0.270608, 0.255826, 0.241056, 0.226390, 0.211916, 0.197715, 0.183860, 0.170414, 0.157434, 0.144967, 0.133052, 0.121719, 0.110993, 0.100887, 0.091411, 0.082567, 0.074351, 0.066755, 0.059766, 0.053367, 0.047540, 0.042262, 0.037511, 0.033262, 0.029493, 0.026180, 0.023299, 0.020829, 0.018752, 0.017049, 0.015705, 0.014708, 0.014049, 0.013721
0.015124, 0.015485, 0.016212, 0.017311, 0.018792, 0.020670, 0.022960, 0.025681, 0.028857, 0.032509, 0.036664, 0.041346, 0.046583, 0.052401, 0.058824, 0.065877, 0.073581, 0.081953, 0.091009, 0.100757, 0.111202, 0.122341, 0.134164, 0.146655, 0.159788, 0.173530, 0.187837, 0.202658, 0.217930, 0.233582, 0.249535, 0.265701, 0.281982, 0.298274, 0.314468, 0.330449, 0.346096, 0.361289, 0.375905, 0.389823, 0.402922, 0.415088, 0.426210, 0.436186, 0.444923, 0.452337, 0.458357, 0.462925, 0.465996, 0.467538, 0.467539, 0.465996, 0.462925, 0.458358, 0.452337, 0.444923, 0.436186, 0.426210, 0.415088, 0.402923, 0.389824, 0.375906, 0.361290, 0.346097, 0.330450, 0.314469, 0.298275, 0.281983, 0.265702, 0.249536, 0.233583, 0.217931, 0.202658, 0.187838, 0.173531, 0.159789, 0.146656, 0.134165, 0.122342, 0.111203, 0.100758, 0.091010, 0.081954, 0.073581, 0.065878, 0.058825, 0.052401, 0.046583, 0.041346, 0.036664, 0.032509, 0.028857, 0.025682, 0.022960, 0.020670, 0.018792, 0.017311, 0.016212, 0.015485, 0.015124
0.016606, 0.017003, 0.017801, 0.019008, 0.020634, 0.022696, 0.025210, 0.028199, 0.031685, 0.035696, 0.040257, 0.045399, 0.051149, 0.057536, 0.064589, 0.072333, 0.080792, 0.089985, 0.099928, 0.110632, 0.122100, 0.134330, 0.147312, 0.161026, 0.175446, 0.190535, 0.206244, 0.222516, 0.239285, 0.256471, 0.273988, 0.291737, 0.309613, 0.327502, 0.345283, 0.362829, 0.380010, 0.396691, 0.412740, 0.428021, 0.442404, 0.455761, 0.467973, 0.478926, 0.488519, 0.496660, 0.503270, 0.508285, 0.511657, 0.513351, 0.513351, 0.511657, 0.508286, 0.503270, 0.496660, 0.488520, 0.478927, 0.467973, 0.455762, 0.442404, 0.428022, 0.412741, 0.396693, 0.380011, 0.362830, 0.345284, 0.327503, 0.309614, 0.291738, 0.273989, 0.256472, 0.239286, 0.222518, 0.206245, 0.190536, 0.175447, 0.161027, 0.147312, 0.134331, 0.122101, 0.110632, 0.099929, 0.089986, 0.080793, 0.072334, 0.064590, 0.057537, 0.051149, 0.045399, 0.040257, 0.035696, 0.031685, 0.028199, 0.025210, 0.022696, 0.020634, 0.019008, 0.017801, 0.017003, 0.016606
0.018164, 0.018598, 0.019471, 0.020790, 0.022569, 0.024824, 0.027574, 0.030843, 0.034656, 0.039043, 0.044032, 0.049655, 0.055945, 0.062931, 0.070645, 0.079116, 0.088367, 0.098422, 0.109297, 0.121004, 0.133548, 0.146924, 0.161122, 0.176123, 0.191895, 0.208398, 0.225580, 0.243378, 0.261718, 0.280516, 0.299674, 0.319088, 0.338639, 0.358205, 0.377653, 0.396844, 0.415635, 0.433880, 0.451433, 0.468146, 0.483877, 0.498487, 0.511843, 0.523823, 0.534315, 0.543219, 0.550449, 0.555934, 0.559622, 0.561475, 0.561475, 0.559622, 0.555935, 0.550449, 0.543220, 0.534316, 0.523824, 0.511844, 0.498488, 0.483878, 0.468147, 0.451434, 0.433881, 0.415636, 0.396845, 0.377654, 0.358206, 0.338641, 0.319089, 0.299675, 0.280517, 0.261719, 0.243379, 0.225581, 0.208399, 0.191896, 0.176124, 0.161123, 0.146925, 0.133548, 0.121005, 0.109298, 0.098423, 0.088368, 0.079116, 0.070646, 0.062932, 0.055945, 0.049656, 0.044032, 0.039043, 0.034657, 0.030843, 0.027574, 0.024824, 0.022569, 0.020790, 0.019471, 0.018598, 0.018164
0.019790, 0.020264, 0.021214, 0.022652, 0.024590, 0.027047, 0.030043, 0.033605, 0.037760, 0.042539, 0.047975, 0.054101, 0.060954, 0.068566, 0.076971, 0.086199, 0.096279, 0.107234, 0.119083, 0.131838, 0.145503, 0.160077, 0.175547, 0.191890, 0.209074, 0.227054, 0.245774, 0.265165, 0.285148, 0.305628, 0.326501, 0.347652, 0.368954, 0.390272, 0.411460, 0.432368, 0.452842, 0.472720, 0.491844, 0.510053, 0.527192, 0.543109, 0.557661, 0.570714, 0.582145, 0.591846, 0.599722, 0.605699, 0.609716, 0.611735, 0.611735, 0.609717, 0.605699, 0.599723, 0.591846, 0.582146, 0.570715, 0.557662, 0.543110, 0.527193, 0.510054, 0.491845, 0.472721, 0.452843, 0.432370, 0.411461, 0.390273, 0.368956, 0.347654, 0.326503, 0.305629, 0.285149, 0.265167, 0.245775, 0.227055, 0.209075, 0.191891, 0.175548, 0.160078, 0.145504, 0.131838, 0.119083, 0.107235, 0.096279, 0.086200, 0.076971, 0.068566, 0.060954, 0.054102, 0.047975, 0.042539, 0.037760, 0.033605, 0.030043, 0.027047, 0.024590, 0.022652, 0.021214, 0.020264, 0.019790
0.021479, 0.021993, 0.023025, 0.024585, 0.026689, 0.029355, 0.032607, 0.036472, 0.040981, 0.046168, 0.052068, 0.058717, 0.066154, 0.074416, 0.083537, 0.093553, 0.104493, 0.116382, 0.129242, 0.143085, 0.157916, 0.173733, 0.190522, 0.208260, 0.226909, 0.246423, 0.266740, 0.287785, 0.309472, 0.331699, 0.354353, 0.377308, 0.400427, 0.423562, 0.446558, 0.469250, 0.491469, 0.513043, 0.533798, 0.553560, 0.572161, 0.589436, 0.605229, 0.619395, 0.631801, 0.642329, 0.650877, 0.657364, 0.661724, 0.663915, 0.663915, 0.661724, 0.657364, 0.650878, 0.642329, 0.631801, 0.619396, 0.605230, 0.589437, 0.572162, 0.553561, 0.533799, 0.513044, 0.491470, 0.469251, 0.446559, 0.423564, 0.400428, 0.377309, 0.354354, 0.331700, 0.309473, 0.287787, 0.266741, 0.246424, 0.226911, 0.208261, 0.190523, 0.173734, 0.157917, 0.143085, 0.129243, 0.116383, 0.104493, 0.093554, 0.083538, 0.074416, 0.066155, 0.058718, 0.052068, 0.046169, 0.040982, 0.036472, 0.032607, 0.029355, 0.026689, 0.024585, 0.023025, 0.021993, 0.021479
0.023222, 0.023777, 0.024893, 0.026580, 0.028854, 0.031736, 0.035252, 0.039431, 0.044306, 0.049913, 0.056291, 0.063480, 0.071520, 0.080452, 0.090313, 0.101141, 0.112968, 0.125821, 0.139724, 0.154689, 0.170723, 0.187823, 0.205974, 0.225150, 0.245312, 0.266408, 0.288372, 0.311124, 0.334569, 0.358599, 0.383090, 0.407906, 0.432900, 0.457911, 0.482771, 0.507303, 0.531324, 0.554648, 0.577085, 0.598450, 0.618559, 0.637235, 0.654308, 0.669623, 0.683035, 0.694417, 0.703658, 0.710671, 0.715384, 0.717753, 0.717753, 0.715384, 0.710671, 0.703659, 0.694417, 0.683036, 0.669624, 0.654309, 0.637236, 0.618560, 0.598452, 0.577087, 0.554649, 0.531326, 0.507305, 0.482773, 0.457913, 0.432901, 0.407908, 0.383091, 0.358600, 0.334571, 0.311126, 0.288374, 0.266409, 0.245313, 0.225151, 0.205975, 0.187824, 0.170724, 0.154690, 0.139725, 0.125822, 0.112969, 0.101142, 0.090314, 0.080452, 0.071521, 0.063481, 0.056292, 0.049914, 0.044306, 0.039431, 0.035252, 0.031736, 0.028854, 0.026580, 0.024893, 0.023777, 0.023222
0.025008, 0.025606, 0.026808, 0.028624, 0.031074, 0.034177, 0.037964, 0.042464, 0.047714, 0.053753, 0.060621, 0.068363, 0.077021, 0.086640, 0.097260, 0.108920, 0.121657, 0.135499, 0.150470, 0.166586, 0.183853, 0.202268, 0.221815, 0.242466, 0.264178, 0.286897, 0.310550, 0.335052, 0.360300, 0.386177, 0.412551, 0.439276, 0.466191, 0.493125, 0.519897, 0.546315, 0.572183, 0.597300, 0.621463, 0.644471, 0.666126, 0.686238, 0.704624, 0.721116, 0.735560, 0.747816, 0.757769, 0.765320, 0.770396, 0.772947, 0.772947, 0.770397, 0.765321, 0.757769, 0.747817, 0.735560, 0.721117, 0.704625, 0.686239, 0.666128, 0.644473, 0.621465, 0.597302, 0.572185, 0.546317, 0.519899, 0.493127, 0.466193, 0.439277, 0.412553, 0.386178, 0.360301, 0.335053, 0.310551, 0.286898, 0.264180, 0.242467, 0.221816, 0.202269, 0.183854, 0.166587, 0.150471, 0.135499, 0.121657, 0.108921, 0.097260, 0.086640, 0.077022, 0.068364, 0.060622, 0.053753, 0.047714, 0.042464, 0.037964, 0.034178, 0.031074, 0.028625, 0.026808, 0.025606, 0.025008
0.026828, 0.027469, 0.028758, 0.030707, 0.033334, 0.036664, 0.040725, 0.045553, 0.051185, 0.057663, 0.065031, 0.073336, 0.082624, 0.092942, 0.104334, 0.116842, 0.130505, 0.145353, 0.161413, 0.178702, 0.197225, 0.216979, 0.237947, 0.260099, 0.283391, 0.307761, 0.333135, 0.359418, 0.386502, 0.414261, 0.442553, 0.471221, 0.500093, 0.528986, 0.557705, 0.586044, 0.613793, 0.640736, 0.666656, 0.691337, 0.714566, 0.736140, 0.755864, 0.773555, 0.789048, 0.802196, 0.812872, 0.820973, 0.826418, 0.829154, 0.829154, 0.826418, 0.820973, 0.812873, 0.802197, 0.789049, 0.773556, 0.755865, 0.736141, 0.714568, 0.691338, 0.666658, 0.640738, 0.613795, 0.586046, 0.557706, 0.528988, 0.500095, 0.471222, 0.442555, 0.414263, 0.386504, 0.359420, 0.333136, 0.307763, 0.283392, 0.260101, 0.237949, 0.216980, 0.197226, 0.178703, 0.161414, 0.145354, 0.130506, 0.116843, 0.104334, 0.092942, 0.082624, 0.073336, 0.065032, 0.057663, 0.051185, 0.045553, 0.040726, 0.036664, 0.033334, 0.030707, 0.028758, 0.027469, 0.026828
0.028668, 0.029353, 0.030730, 0.032813, 0.035620, 0.039178, 0.043518, 0.048677, 0.054695, 0.061617, 0.069490, 0.078364, 0.088289, 0.099314, 0.111487, 0.124853, 0.139452, 0.155319, 0.172480, 0.190954, 0.210747, 0.231855, 0.254261, 0.277932, 0.302820, 0.328861, 0.355974, 0.384059, 0.412999, 0.442661, 0.472892, 0.503525, 0.534377, 0.565250, 0.595937, 0.626219, 0.655870, 0.684660, 0.712356, 0.738729, 0.763550, 0.786603, 0.807678, 0.826582, 0.843138, 0.857187, 0.868594, 0.877250, 0.883068, 0.885992, 0.885992, 0.883069, 0.877250, 0.868595, 0.857187, 0.843138, 0.826583, 0.807679, 0.786604, 0.763552, 0.738730, 0.712358, 0.684662, 0.655872, 0.626221, 0.595939, 0.565252, 0.534379, 0.503527, 0.472894, 0.442663, 0.413001, 0.384060, 0.355975, 0.328863, 0.302821, 0.277933, 0.254262, 0.231856, 0.210748, 0.190955, 0.172481, 0.155320, 0.139453, 0.124854, 0.111488, 0.099315, 0.088290, 0.078365, 0.069491, 0.061617, 0.054695, 0.048677, 0.043519, 0.039179, 0.035620, 0.032813, 0.030730, 0.029353, 0.028668
0.030515, 0.031244, 0.032710, 0.034927, 0.037915, 0.041702, 0.046322, 0.051813, 0.058218, 0.065586, 0.073967, 0.083412, 0.093976, 0.105711, 0.118668, 0.132895, 0.148434, 0.165323, 0.183589, 0.203252, 0.224320, 0.246788, 0.270636, 0.295832, 0.322322, 0.350040, 0.378899, 0.408792, 0.439596, 0.471168, 0.503346, 0.535951, 0.568789, 0.601651, 0.634314, 0.666545, 0.698106, 0.728749, 0.758229, 0.786299, 0.812719, 0.837256, 0.859688, 0.879809, 0.897430, 0.912384, 0.924527, 0.933739, 0.939932, 0.943044, 0.943044, 0.939933, 0.933740, 0.924527, 0.912385, 0.897431, 0.879810, 0.859690, 0.837258, 0.812721, 0.786301, 0.758231, 0.728751, 0.698107, 0.666547, 0.634316, 0.601653, 0.568791, 0.535953, 0.503348, 0.471170, 0.439598, 0.408794, 0.378901, 0.350042, 0.322324, 0.295833, 0.270638, 0.246789, 0.224321, 0.203253, 0.183590, 0.165324, 0.148435, 0.132896, 0.118669, 0.105712, 0.093977, 0.083413, 0.073967, 0.065587, 0.058219, 0.051813, 0.046322, 0.041703, 0.037915, 0.034927, 0.032710, 0.031244, 0.030515
0.032355, 0.033128, 0.034682, 0.037032, 0.040201, 0.044216, 0.049114, 0.054936, 0.061727, 0.069539, 0.078425, 0.088440, 0.099640, 0.112082, 0.125820, 0.140904, 0.157379, 0.175286, 0.194653, 0.215501, 0.237838, 0.261659, 0.286945, 0.313658, 0.341745, 0.371134, 0.401731, 0.433425, 0.466085, 0.499559, 0.533675, 0.568245, 0.603062, 0.637903, 0.672534, 0.706707, 0.740169, 0.772658, 0.803914, 0.833676, 0.861687, 0.887702, 0.911486, 0.932819, 0.951501, 0.967356, 0.980230, 0.989998, 0.996564, 0.999863, 0.999863, 0.996564, 0.989998, 0.980231, 0.967357, 0.951503, 0.932820, 0.911487, 0.887704, 0.861689, 0.833677, 0.803916, 0.772660, 0.740171, 0.706709, 0.672536, 0.637905, 0.603064, 0.568247, 0.533677, 0.499561, 0.466087, 0.433427, 0.401733, 0.371135, 0.341747, 0.313660, 0.286947, 0.261661, 0.237840, 0.215502, 0.194654, 0.175287, 0.157380, 0.140905, 0.125821, 0.112083, 0.099641, 0.088440, 0.078425, 0.069540, 0.061728, 0.054936, 0.049114, 0.044216, 0.040201, 0.037033, 0.034682, 0.033128, 0.032355
0.034171, 0.034988, 0.036630, 0.039112, 0.042458, 0.046699, 0.051872, 0.058020, 0.065193, 0.073443, 0.082828, 0.093405, 0.105234, 0.118374, 0.132883, 0.148813, 0.166214, 0.185125, 0.205579, 0.227598, 0.251188, 0.276347, 0.303052, 0.331264, 0.360927, 0.391965, 0.424279, 0.457752, 0.492245, 0.527597, 0.563628, 0.600138, 0.636908, 0.673705, 0.710279, 0.746370, 0.781709, 0.816022, 0.849032, 0.880463, 0.910047, 0.937521, 0.962639, 0.985169, 1.004900, 1.021644, 1.035241, 1.045557, 1.052491, 1.055976, 1.055976, 1.052491, 1.045557, 1.035241, 1.021645, 1.004901, 0.985171, 0.962641, 0.937523, 0.910048, 0.880465, 0.849033, 0.816024, 0.781711, 0.746372, 0.710281, 0.673707, 0.636910, 0.600140, 0.563630, 0.527599, 0.492247, 0.457754, 0.424281, 0.391967, 0.360929, 0.331266, 0.303053, 0.276348, 0.251190, 0.227599, 0.205581, 0.185126, 0.166215, 0.148814, 0.132884, 0.118375, 0.105234, 0.093405, 0.082828, 0.073444, 0.065194, 0.058021, 0.051872, 0.046699, 0.042458, 0.039112, 0.036630, 0.034988, 0.034171
0.035950, 0.036809, 0.038536, 0.041147, 0.044667, 0.049129, 0.054571, 0.061039, 0.068585, 0.077264, 0.087137, 0.098264, 0.110708, 0.124532, 0.139795, 0.156554, 0.174860, 0.194755, 0.216273, 0.239436, 0.264254, 0.290721, 0.318814, 0.348494, 0.379700, 0.412351, 0.446346, 0.481560, 0.517846, 0.555037, 0.592941, 0.631350, 0.670032, 0.708742, 0.747217, 0.785185, 0.822362, 0.858459, 0.893185, 0.926251, 0.957372, 0.986276, 1.012700, 1.036401, 1.057158, 1.074773, 1.089076, 1.099929, 1.107224, 1.110889, 1.110889, 1.107224, 1.099929, 1.089077, 1.074774, 1.057159, 1.036403, 1.012701, 0.986277, 0.957374, 0.926253, 0.893187, 0.858461, 0.822364, 0.785187, 0.747220, 0.708744, 0.670034, 0.631352, 0.592944, 0.555039, 0.517848, 0.481562, 0.446348, 0.412353, 0.379702, 0.348496, 0.318816, 0.290722, 0.264255, 0.239438, 0.216274, 0.194756, 0.174861, 0.156555, 0.139796, 0.124533, 0.110709, 0.098264, 0.087137, 0.077265, 0.068586, 0.061040, 0.054571, 0.049129, 0.044667, 0.041147, 0.038536, 0.036809, 0.035950
0.037673, 0.038573, 0.040383, 0.043119, 0.046808, 0.051483, 0.057186, 0.063964, 0.071872, 0.080967, 0.091312, 0.102972, 0.116013, 0.130498, 0.146493, 0.164055, 0.183238, 0.204086, 0.226635, 0.250907, 0.276914, 0.304649, 0.334088, 0.365189, 0.397890, 0.432105, 0.467728, 0.504628, 0.542653, 0.581625, 0.621345, 0.661593, 0.702128, 0.742691, 0.783010, 0.822796, 0.861753, 0.899579, 0.935968, 0.970617, 1.003229, 1.033517, 1.061206, 1.086043, 1.107794, 1.126253, 1.141241, 1.152613, 1.160257, 1.164099, 1.164099, 1.160258, 1.152613, 1.141242, 1.126253, 1.107795, 1.086044, 1.061208, 1.033518, 1.003231, 0.970619, 0.935970, 0.899581, 0.861755, 0.822798, 0.783012, 0.742694, 0.702130, 0.661595, 0.621347, 0.581627, 0.542655, 0.504631, 0.467730, 0.432107, 0.397892, 0.365191, 0.334090, 0.304650, 0.276916, 0.250909, 0.226636, 0.204087, 0.183239, 0.164056, 0.146494, 0.130499, 0.116013, 0.102973, 0.091313, 0.080968, 0.071872, 0.063965, 0.057186, 0.051484, 0.046808, 0.043119, 0.040383, 0.038573, 0.037673
0.039324, 0.040264, 0.042153, 0.045009, 0.048860, 0.053740, 0.059693, 0.066768, 0.075022, 0.084516, 0.095314, 0.107485, 0.121097, 0.136217, 0.152913, 0.171244, 0.191267, 0.213029, 0.236565, 0.261902, 0.289047, 0.317997, 0.348726, 0.381190, 0.415323, 0.451037, 0.488220, 0.526737, 0.566427, 0.607106, 0.648566, 0.690577, 0.732888, 0.775228, 0.817312, 0.858841, 0.899505, 0.938987, 0.976970, 1.013137, 1.047177, 1.078791, 1.107694, 1.133618, 1.156322, 1.175589, 1.191234, 1.203104, 1.211083, 1.215093, 1.215093, 1.211083, 1.203105, 1.191235, 1.175590, 1.156323, 1.133620, 1.107695, 1.078793, 1.047179, 1.013139, 0.976972, 0.938989, 0.899507, 0.858844, 0.817315, 0.775231, 0.732890, 0.690580, 0.648569, 0.607109, 0.566429, 0.526739, 0.488223, 0.451039, 0.415325, 0.381192, 0.348728, 0.317999, 0.289049, 0.261903, 0.236567, 0.213030, 0.191269, 0.171246, 0.152914, 0.136218, 0.121097, 0.107486, 0.095315, 0.084516, 0.075022, 0.066768, 0.059693, 0.053740, 0.048860, 0.045010, 0.042153, 0.040264, 0.039324
0.040888, 0.041865, 0.043829, 0.046799, 0.050802, 0.055876, 0.062066, 0.069422, 0.078004, 0.087875, 0.099102, 0.111757, 0.125909, 0.141631, 0.158990, 0.178050, 0.198868, 0.221495, 0.245966, 0.272309, 0.300533, 0.330633, 0.362583, 0.396336, 0.431825, 0.468958, 0.507619, 0.547666, 0.588932, 0.631227, 0.674334, 0.718014, 0.762005, 0.806027, 0.849783, 0.892962, 0.935240, 0.976291, 1.015782, 1.053386, 1.088778, 1.121648, 1.151699, 1.178653, 1.202258, 1.222291, 1.238557, 1.250899, 1.259195, 1.263364, 1.263364, 1.259195, 1.250899, 1.238558, 1.222292, 1.202260, 1.178654, 1.151700, 1.121650, 1.088780, 1.053388, 1.015784, 0.976293, 0.935243, 0.892964, 0.849786, 0.806030, 0.762008, 0.718017, 0.674337, 0.631230, 0.588935, 0.547668, 0.507621, 0.468960, 0.431828, 0.396338, 0.362585, 0.330635, 0.300535, 0.272311, 0.245968, 0.221496, 0.198870, 0.178051, 0.158991, 0.141632, 0.125910, 0.111758, 0.099103, 0.087876, 0.078004, 0.069423, 0.062066, 0.055877, 0.050803, 0.046799, 0.043829, 0.041865, 0.040888
0.042347, 0.043359, 0.045393, 0.048469, 0.052615, 0.057870, 0.064280, 0.071899, 0.080787, 0.091010, 0.102638, 0.115744, 0.130401, 0.146684, 0.164662, 0.184402, 0.205963, 0.229396, 0.254740, 0.282022, 0.311253, 0.342427, 0.375516, 0.410473, 0.447227, 0.485684, 0.525723, 0.567198, 0.609936, 0.653739, 0.698384, 0.743621, 0.789180, 0.834772, 0.880088, 0.924806, 0.968592, 1.011105, 1.052005, 1.090949, 1.127604, 1.161646, 1.192768, 1.220683, 1.245130, 1.265877, 1.282723, 1.295505, 1.304097, 1.308414, 1.308414, 1.304097, 1.295506, 1.282724, 1.265878, 1.245132, 1.220685, 1.192769, 1.161648, 1.127606, 1.090952, 1.052007, 1.011108, 0.968594, 0.924808, 0.880091, 0.834775, 0.789183, 0.743623, 0.698386, 0.653742, 0.609939, 0.567201, 0.525726, 0.485686, 0.447230, 0.410475, 0.375518, 0.342429, 0.311255, 0.282024, 0.254742, 0.229397, 0.205964, 0.184403, 0.164663, 0.146685, 0.130402, 0.115745, 0.102639, 0.091011, 0.080788, 0.071900, 0.064281, 0.057871, 0.052616, 0.048469, 0.045393, 0.043359, 0.042347
0.043687, 0.044731, 0.046829, 0.050002, 0.054280, 0.059701, 0.066314, 0.074173, 0.083342, 0.093889, 0.105884, 0.119404, 0.134525, 0.151322, 0.169869, 0.190232, 0.212475, 0.236649, 0.262794, 0.290939, 0.321094, 0.353252, 0.387387, 0.423449, 0.461365, 0.501038, 0.542342, 0.585128, 0.629217, 0.674404, 0.720459, 0.767126, 0.814125, 0.861158, 0.907906, 0.954036, 0.999205, 1.043063, 1.085255, 1.125430, 1.163243, 1.198361, 1.230466, 1.259263, 1.284484, 1.305886, 1.323264, 1.336450, 1.345313, 1.349767, 1.349767, 1.345313, 1.336450, 1.323265, 1.305887, 1.284485, 1.259265, 1.230467, 1.198362, 1.163245, 1.125432, 1.085257, 1.043065, 0.999208, 0.954039, 0.907908, 0.861161, 0.814128, 0.767128, 0.720462, 0.674407, 0.629219, 0.585130, 0.542345, 0.501040, 0.461368, 0.423451, 0.387389, 0.353254, 0.321096, 0.290941, 0.262796, 0.236650, 0.212477, 0.190234, 0.169870, 0.151323, 0.134526, 0.119405, 0.105885, 0.093889, 0.083343, 0.074174, 0.066314, 0.059701, 0.054280, 0.050003, 0.046830, 0.044731, 0.043687
0.044893, 0.045965, 0.048122, 0.051382, 0.055778, 0.061348, 0.068143, 0.076220, 0.085641, 0.096478, 0.108805, 0.122697, 0.138235, 0.155495, 0.174553, 0.195479, 0.218335, 0.243175, 0.270041, 0.298961, 0.329948, 0.362993, 0.398068, 0.435124, 0.474086, 0.514851, 0.557294, 0.601259, 0.646563, 0.692996, 0.740321, 0.788273, 0.836568, 0.884897, 0.932933, 0.980335, 1.026749, 1.071815, 1.115170, 1.156452, 1.195307, 1.231393, 1.264383, 1.293974, 1.319889, 1.341881, 1.359738, 1.373288, 1.382395, 1.386972, 1.386972, 1.382396, 1.373288, 1.359739, 1.341882, 1.319890, 1.293976, 1.264385, 1.231395, 1.195309, 1.156454, 1.115172, 1.071818, 1.026752, 0.980337, 0.932936, 0.884900, 0.836571, 0.788276, 0.740324, 0.692999, 0.646566, 0.601262, 0.557297, 0.514854, 0.474088, 0.435127, 0.398071, 0.362995, 0.329950, 0.298963, 0.270043, 0.243176, 0.218336, 0.195480, 0.174555, 0.155497, 0.138236, 0.122698, 0.108806, 0.096479, 0.085642, 0.076220, 0.068144, 0.061349, 0.055778, 0.051382, 0.048122, 0.045965, 0.044893
0.045950, 0.047049, 0.049256, 0.052593, 0.057092, 0.062794, 0.069749, 0.078015, 0.087659, 0.098751, 0.111367, 0.125587, 0.141491, 0.159158, 0.178664, 0.200082, 0.223476, 0.248901, 0.276399, 0.306001, 0.337716, 0.371539, 0.407440, 0.445368, 0.485246, 0.526972, 0.570414, 0.615413, 0.661784, 0.709309, 0.757747, 0.806828, 0.856260, 0.905725, 0.954892, 1.003408, 1.050914, 1.097041, 1.141416, 1.183670, 1.223439, 1.260374, 1.294141, 1.324429, 1.350954, 1.373463, 1.391740, 1.405608, 1.414930, 1.419614, 1.419614, 1.414930, 1.405609, 1.391741, 1.373464, 1.350955, 1.324430, 1.294143, 1.260377, 1.223442, 1.183673, 1.141419, 1.097044, 1.050917, 1.003411, 0.954895, 0.905728, 0.856263, 0.806831, 0.757750, 0.709312, 0.661786, 0.615416, 0.570416, 0.526974, 0.485249, 0.445371, 0.407442, 0.371541, 0.337718, 0.306002, 0.276401, 0.248902, 0.223477, 0.200083, 0.178665, 0.159159, 0.141492, 0.125588, 0.111368, 0.098752, 0.087659, 0.078016, 0.069749, 0.062794, 0.057092, 0.052593, 0.049256, 0.047049, 0.045950
0.046849, 0.047968, 0.050218, 0.053621, 0.058208, 0.064021, 0.071112, 0.079540, 0.089372, 0.100680, 0.113543, 0.128041, 0.144255, 0.162267, 0.182154, 0.203990, 0.227841, 0.253762, 0.281797, 0.311976, 0.344311, 0.378794, 0.415396, 0.454065, 0.494721, 0.537261, 0.581551, 0.627429, 0.674704, 0.723157, 0.772541, 0.822580, 0.872976, 0.923407, 0.973532, 1.022996, 1.071429, 1.118456, 1.163697, 1.206776, 1.247321, 1.284977, 1.319402, 1.350281, 1.377324, 1.400273, 1.418907, 1.433045, 1.442549, 1.447325, 1.447325, 1.442550, 1.433046, 1.418908, 1.400274, 1.377326, 1.350283, 1.319404, 1.284979, 1.247324, 1.206778, 1.163700, 1.118458, 1.071432, 1.022999, 0.973535, 0.923410, 0.872979, 0.822583, 0.772544, 0.723160, 0.674707, 0.627431, 0.581553, 0.537264, 0.494724, 0.454067, 0.415399, 0.378796, 0.344313, 0.311978, 0.281799, 0.253763, 0.227842, 0.203992, 0.182155, 0.162268, 0.144256, 0.128042, 0.113544, 0.100681, 0.089372, 0.079540, 0.071112, 0.064021, 0.058208, 0.053621, 0.050219, 0.047968, 0.046849
0.047577, 0.048714, 0.050999, 0.054454, 0.059112, 0.065016, 0.072217, 0.080776, 0.090760, 0.102244, 0.115307, 0.130029, 0.146495, 0.164787, 0.184983, 0.207158, 0.231379, 0.257702, 0.286173, 0.316820, 0.349657, 0.384675, 0.421845, 0.461113, 0.502400, 0.545600, 0.590577, 0.637167, 0.685176, 0.734381, 0.784530, 0.835346, 0.886523, 0.937737, 0.988640, 1.038870, 1.088055, 1.135812, 1.181755, 1.225502, 1.266677, 1.304917, 1.339876, 1.371234, 1.398695, 1.422000, 1.440924, 1.455282, 1.464932, 1.469782, 1.469782, 1.464933, 1.455282, 1.440925, 1.422001, 1.398697, 1.371236, 1.339878, 1.304919, 1.266680, 1.225504, 1.181758, 1.135815, 1.088058, 1.038873, 0.988643, 0.937740, 0.886526, 0.835349, 0.784533, 0.734384, 0.685179, 0.637170, 0.590580, 0.545603, 0.502403, 0.461115, 0.421847, 0.384677, 0.349659, 0.316822, 0.286174, 0.257704, 0.231380, 0.207159, 0.184984, 0.164788, 0.146496, 0.130030, 0.115307, 0.102245, 0.090761, 0.080776, 0.072217, 0.065016, 0.059113, 0.054455, 0.050999, 0.048714, 0.047577
0.048127, 0.049277, 0.051588, 0.055083, 0.059795, 0.065767, 0.073051, 0.081708, 0.091808, 0.103424, 0.116637, 0.131530, 0.148186, 0.166688, 0.187117, 0.209548, 0.234048, 0.260675, 0.289474, 0.320474, 0.353689, 0.389111, 0.426709, 0.466430, 0.508193, 0.551891, 0.597386, 0.644513, 0.693076, 0.742848, 0.793575, 0.844976, 0.896744, 0.948547, 1.000037, 1.050846, 1.100598, 1.148905, 1.195378, 1.239630, 1.281280, 1.319961, 1.355324, 1.387040, 1.414820, 1.438393, 1.457535, 1.472057, 1.481818, 1.486724, 1.486724, 1.481819, 1.472058, 1.457536, 1.438394, 1.414822, 1.387042, 1.355326, 1.319963, 1.281283, 1.239632, 1.195381, 1.148908, 1.100601, 1.050849, 1.000041, 0.948550, 0.896747, 0.844979, 0.793578, 0.742851, 0.693079, 0.644516, 0.597389, 0.551894, 0.508196, 0.466433, 0.426712, 0.389113, 0.353692, 0.320476, 0.289476, 0.260677, 0.234050, 0.209549, 0.187119, 0.166689, 0.148187, 0.131531, 0.116638, 0.103425, 0.091808, 0.081709, 0.073051, 0.065767, 0.059795, 0.055084, 0.051588, 0.049277, 0.048127
0.048491, 0.049650, 0.051979, 0.055500, 0.060248, 0.066265, 0.073604, 0.082326, 0.092502, 0.104206, 0.117520, 0.132525, 0.149307, 0.167949, 0.188532, 0.211132, 0.235817, 0.262645, 0.291661, 0.322896, 0.356362, 0.392051, 0.429933, 0.469954, 0.512032, 0.556059, 0.601898, 0.649381, 0.698310, 0.748458, 0.799569, 0.851358, 0.903516, 0.955711, 1.007589, 1.058782, 1.108911, 1.157584, 1.204409, 1.248995, 1.290960, 1.329933, 1.365561, 1.397517, 1.425505, 1.449256, 1.468541, 1.483174, 1.493010, 1.497952, 1.497952, 1.493010, 1.483175, 1.468542, 1.449258, 1.425507, 1.397519, 1.365563, 1.329935, 1.290962, 1.248998, 1.204412, 1.157587, 1.108914, 1.058785, 1.007592, 0.955714, 0.903519, 0.851361, 0.799572, 0.748461, 0.698313, 0.649384, 0.601901, 0.556062, 0.512034, 0.469956, 0.429935, 0.392053, 0.356364, 0.322898, 0.291663, 0.262646, 0.235819, 0.211133, 0.188533, 0.167950, 0.149308, 0.132526, 0.117520, 0.104207, 0.092503, 0.082327, 0.073604, 0.066265, 0.060248, 0.055501, 0.051979, 0.049650, 0.048491
