0.053860, 0.055045, 0.057425, 0.061021, 0.065860, 0.071981, 0.079431, 0.088262, 0.098535, 0.110314, 0.123667, 0.138664, 0.155377, 0.173874, 0.194221, 0.216477, 0.240697, 0.266920, 0.295178, 0.325487, 0.357845, 0.392233, 0.428611, 0.466917, 0.507063, 0.548938, 0.592404, 0.637299, 0.683433, 0.730592, 0.778533, 0.826995, 0.875690, 0.924314, 0.972545, 1.020048, 1.066477, 1.111482, 1.154709, 1.195810, 1.234444, 1.270282, 1.303011, 1.332340, 1.358004, 1.379769, 1.397431, 1.410827, 1.419828, 1.424351, 1.424351, 1.419828, 1.410827, 1.397432, 1.379770, 1.358006, 1.332341, 1.303013, 1.270284, 1.234447, 1.195813, 1.154711, 1.111484, 1.066480, 1.020051, 0.972548, 0.924317, 0.875693, 0.826998, 0.778536, 0.730595, 0.683436, 0.637302, 0.592407, 0.548940, 0.507066, 0.466919, 0.428613, 0.392235, 0.357847, 0.325489, 0.295180, 0.266922, 0.240698, 0.216479, 0.194222, 0.173875, 0.155378, 0.138665, 0.123667, 0.110314, 0.098536, 0.088263, 0.079432, 0.071982, 0.065860, 0.061021, 0.057425, 0.055045, 0.053860
0.053113, 0.054282, 0.056630, 0.060175, 0.064947, 0.070984, 0.078330, 0.087039, 0.097170, 0.108785, 0.121953, 0.136742, 0.153223, 0.171463, 0.191528, 0.213476, 0.237359, 0.263219, 0.291085, 0.320974, 0.352883, 0.386795, 0.422669, 0.460443, 0.500032, 0.541326, 0.584189, 0.628461, 0.673954, 0.720458, 0.767734, 0.815523, 0.863542, 0.911491, 0.959052, 1.005895, 1.051679, 1.096059, 1.138686, 1.179217, 1.217315, 1.252654, 1.284929, 1.313851, 1.339159, 1.360621, 1.378039, 1.391248, 1.400125, 1.404584, 1.404584, 1.400125, 1.391249, 1.378040, 1.360622, 1.339160, 1.313852, 1.284931, 1.252656, 1.217317, 1.179219, 1.138689, 1.096062, 1.051682, 1.005897, 0.959055, 0.911494, 0.863545, 0.815526, 0.767737, 0.720461, 0.673957, 0.628464, 0.584192, 0.541328, 0.500035, 0.460446, 0.422671, 0.386797, 0.352885, 0.320976, 0.291087, 0.263221, 0.237361, 0.213478, 0.191529, 0.171464, 0.153224, 0.136743, 0.121953, 0.108786, 0.097170, 0.087040, 0.078331, 0.070984, 0.064948, 0.060175, 0.056630, 0.054282, 0.053113
0.052177, 0.053325, 0.055631, 0.059114, 0.063803, 0.069733, 0.076949, 0.085505, 0.095456, 0.106867, 0.119802, 0.134330, 0.150521, 0.168439, 0.188150, 0.209711, 0.233173, 0.258576, 0.285951, 0.315312, 0.346659, 0.379973, 0.415214, 0.452321, 0.491211, 0.531776, 0.573882, 0.617372, 0.662062, 0.707745, 0.754186, 0.801131, 0.848302, 0.895404, 0.942126, 0.988141, 1.033117, 1.076713, 1.118588, 1.158403, 1.195828, 1.230544, 1.262248, 1.290660, 1.315521, 1.336604, 1.353714, 1.366690, 1.375410, 1.379790, 1.379790, 1.375410, 1.366691, 1.353715, 1.336605, 1.315522, 1.290661, 1.262250, 1.230546, 1.195830, 1.158405, 1.118590, 1.076716, 1.033120, 0.988144, 0.942129, 0.895407, 0.848305, 0.801134, 0.754189, 0.707748, 0.662065, 0.617374, 0.573884, 0.531778, 0.491213, 0.452323, 0.415216, 0.379975, 0.346661, 0.315314, 0.285952, 0.258578, 0.233174, 0.209712, 0.188151, 0.168440, 0.150522, 0.134331, 0.119803, 0.106867, 0.095457, 0.085505, 0.076950, 0.069733, 0.063803, 0.059115, 0.055631, 0.053325, 0.052177
0.051061, 0.052185, 0.054441, 0.057850, 0.062438, 0.068241, 0.075303, 0.083676, 0.093414, 0.104580, 0.117239, 0.131456, 0.147300, 0.164835, 0.184124, 0.205223, 0.228183, 0.253042, 0.279831, 0.308565, 0.339241, 0.371842, 0.406328, 0.442640, 0.480696, 0.520392, 0.561597, 0.604155, 0.647889, 0.692593, 0.738039, 0.783979, 0.830140, 0.876233, 0.921953, 0.966983, 1.010996, 1.053658, 1.094635, 1.133598, 1.170221, 1.204194, 1.235219, 1.263021, 1.287350, 1.307982, 1.324725, 1.337423, 1.345956, 1.350243, 1.350243, 1.345956, 1.337424, 1.324726, 1.307983, 1.287351, 1.263023, 1.235220, 1.204195, 1.170223, 1.133600, 1.094638, 1.053660, 1.010998, 0.966986, 0.921956, 0.876235, 0.830142, 0.783981, 0.738042, 0.692596, 0.647892, 0.604158, 0.561599, 0.520395, 0.480699, 0.442642, 0.406330, 0.371844, 0.339243, 0.308567, 0.279833, 0.253044, 0.228184, 0.205224, 0.184125, 0.164836, 0.147301, 0.131457, 0.117240, 0.104581, 0.093415, 0.083676, 0.075304, 0.068241, 0.062438, 0.057850, 0.054442, 0.052185, 0.051061
0.049777, 0.050873, 0.053073, 0.056396, 0.060868, 0.066525, 0.073410, 0.081572, 0.091065, 0.101951, 0.114291, 0.128150, 0.143595, 0.160689, 0.179493, 0.200062, 0.222444, 0.246678, 0.272794, 0.300804, 0.330709, 0.362489, 0.396107, 0.431505, 0.468604, 0.507301, 0.547468, 0.588956, 0.631588, 0.675167, 0.719470, 0.764253, 0.809252, 0.854185, 0.898755, 0.942651, 0.985555, 1.027144, 1.067090, 1.105072, 1.140773, 1.173890, 1.204135, 1.231238, 1.254954, 1.275066, 1.291388, 1.303767, 1.312085, 1.316264, 1.316264, 1.312085, 1.303767, 1.291389, 1.275067, 1.254955, 1.231239, 1.204136, 1.173892, 1.140775, 1.105074, 1.067092, 1.027146, 0.985558, 0.942653, 0.898757, 0.854188, 0.809255, 0.764256, 0.719473, 0.675170, 0.631591, 0.588958, 0.547471, 0.507303, 0.468606, 0.431507, 0.396109, 0.362491, 0.330711, 0.300806, 0.272795, 0.246680, 0.222445, 0.200063, 0.179494, 0.160690, 0.143596, 0.128151, 0.114291, 0.101951, 0.091066, 0.081572, 0.073411, 0.066526, 0.060868, 0.056396, 0.053073, 0.050873, 0.049777
0.048340, 0.049404, 0.051540, 0.054767, 0.059110, 0.064604, 0.071290, 0.079216, 0.088435, 0.099006, 0.110989, 0.124449, 0.139447, 0.156047, 0.174308, 0.194282, 0.216017, 0.239552, 0.264913, 0.292115, 0.321155, 0.352016, 0.384662, 0.419037, 0.455063, 0.492641, 0.531647, 0.571936, 0.613336, 0.655655, 0.698677, 0.742166, 0.785864, 0.829498, 0.872779, 0.915406, 0.957070, 0.997456, 1.036248, 1.073132, 1.107801, 1.139961, 1.169331, 1.195650, 1.218681, 1.238212, 1.254062, 1.266082, 1.274160, 1.278218, 1.278219, 1.274161, 1.266083, 1.254062, 1.238213, 1.218682, 1.195652, 1.169333, 1.139963, 1.107803, 1.073134, 1.036250, 0.997459, 0.957073, 0.915409, 0.872782, 0.829501, 0.785866, 0.742168, 0.698680, 0.655658, 0.613339, 0.571938, 0.531650, 0.492643, 0.455065, 0.419039, 0.384664, 0.352018, 0.321157, 0.292117, 0.264914, 0.239553, 0.216019, 0.194283, 0.174309, 0.156048, 0.139448, 0.124449, 0.110990, 0.099006, 0.088436, 0.079216, 0.071290, 0.064604, 0.059110, 0.054767, 0.051540, 0.049404, 0.048340
0.046764, 0.047793, 0.049860, 0.052981, 0.057183, 0.062497, 0.068965, 0.076632, 0.085551, 0.095777, 0.107369, 0.120390, 0.134899, 0.150958, 0.168622, 0.187945, 0.208971, 0.231738, 0.256272, 0.282586, 0.310679, 0.340533, 0.372113, 0.405366, 0.440217, 0.476569, 0.514302, 0.553276, 0.593325, 0.634263, 0.675881, 0.717950, 0.760222, 0.802432, 0.844301, 0.885537, 0.925841, 0.964909, 1.002434, 1.038114, 1.071653, 1.102763, 1.131175, 1.156635, 1.178913, 1.197807, 1.213140, 1.224768, 1.232582, 1.236508, 1.236508, 1.232583, 1.224769, 1.213141, 1.197808, 1.178915, 1.156636, 1.131176, 1.102765, 1.071655, 1.038117, 1.002437, 0.964911, 0.925843, 0.885539, 0.844303, 0.802435, 0.760225, 0.717953, 0.675884, 0.634266, 0.593328, 0.553278, 0.514305, 0.476571, 0.440219, 0.405369, 0.372115, 0.340535, 0.310681, 0.282588, 0.256273, 0.231740, 0.208973, 0.187946, 0.168623, 0.150959, 0.134900, 0.120391, 0.107370, 0.095778, 0.085552, 0.076633, 0.068966, 0.062498, 0.057183, 0.052981, 0.049860, 0.047793, 0.046764
0.045065, 0.046057, 0.048049, 0.051057, 0.055106, 0.060227, 0.066460, 0.073849, 0.082443, 0.092297, 0.103469, 0.116016, 0.129998, 0.145473, 0.162496, 0.181116, 0.201379, 0.223318, 0.246960, 0.272318, 0.299390, 0.328159, 0.358592, 0.390636, 0.424220, 0.459250, 0.495612, 0.533169, 0.571762, 0.611212, 0.651318, 0.691857, 0.732593, 0.773268, 0.813615, 0.853352, 0.892191, 0.929838, 0.965999, 1.000382, 1.032701, 1.062681, 1.090060, 1.114595, 1.136064, 1.154271, 1.169046, 1.180251, 1.187781, 1.191564, 1.191564, 1.187782, 1.180252, 1.169047, 1.154272, 1.136065, 1.114596, 1.090061, 1.062683, 1.032704, 1.000385, 0.966002, 0.929841, 0.892193, 0.853354, 0.813617, 0.773271, 0.732596, 0.691860, 0.651320, 0.611215, 0.571765, 0.533171, 0.495614, 0.459252, 0.424222, 0.390638, 0.358594, 0.328161, 0.299392, 0.272320, 0.246962, 0.223320, 0.201380, 0.181118, 0.162497, 0.145474, 0.129999, 0.116017, 0.103470, 0.092298, 0.082444, 0.073849, 0.066460, 0.060228, 0.055106, 0.051057, 0.048049, 0.046057, 0.045065
0.043261, 0.044213, 0.046125, 0.049013, 0.052900, 0.057816, 0.063800, 0.070892, 0.079143, 0.088603, 0.099327, 0.111372, 0.124794, 0.139649, 0.155990, 0.173865, 0.193316, 0.214377, 0.237072, 0.261414, 0.287402, 0.315019, 0.344233, 0.374994, 0.407232, 0.440859, 0.475765, 0.511818, 0.548865, 0.586735, 0.625234, 0.664150, 0.703254, 0.742300, 0.781031, 0.819176, 0.856459, 0.892598, 0.927311, 0.960317, 0.991341, 1.020120, 1.046402, 1.069954, 1.090564, 1.108041, 1.122225, 1.132981, 1.140210, 1.143841, 1.143841, 1.140210, 1.132982, 1.122225, 1.108042, 1.090565, 1.069955, 1.046404, 1.020122, 0.991343, 0.960319, 0.927313, 0.892600, 0.856461, 0.819178, 0.781033, 0.742303, 0.703257, 0.664153, 0.625237, 0.586738, 0.548868, 0.511820, 0.475767, 0.440861, 0.407234, 0.374996, 0.344235, 0.315021, 0.287404, 0.261416, 0.237074, 0.214378, 0.193317, 0.173866, 0.155991, 0.139650, 0.124795, 0.111372, 0.099327, 0.088603, 0.079143, 0.070893, 0.063800, 0.057817, 0.052900, 0.049013, 0.046126, 0.044214, 0.043262
0.041370, 0.042281, 0.044109, 0.046870, 0.050587, 0.055289, 0.061010, 0.067793, 0.075682, 0.084728, 0.094984, 0.106502, 0.119337, 0.133542, 0.149169, 0.166262, 0.184862, 0.205002, 0.226705, 0.249982, 0.274833, 0.301242, 0.329178, 0.358593, 0.389421, 0.421577, 0.454956, 0.489431, 0.524859, 0.561072, 0.597887, 0.635101, 0.672494, 0.709831, 0.746867, 0.783344, 0.818996, 0.853554, 0.886748, 0.918310, 0.947977, 0.975497, 1.000629, 1.023151, 1.042858, 1.059571, 1.073134, 1.083421, 1.090333, 1.093806, 1.093806, 1.090333, 1.083421, 1.073135, 1.059572, 1.042860, 1.023152, 1.000630, 0.975498, 0.947979, 0.918312, 0.886750, 0.853556, 0.818998, 0.783346, 0.746870, 0.709834, 0.672496, 0.635103, 0.597889, 0.561074, 0.524861, 0.489434, 0.454958, 0.421579, 0.389423, 0.358595, 0.329180, 0.301244, 0.274835, 0.249984, 0.226706, 0.205003, 0.184863, 0.166263, 0.149170, 0.133543, 0.119338, 0.106502, 0.094984, 0.084729, 0.075683, 0.067793, 0.061011, 0.055289, 0.050587, 0.046870, 0.044109, 0.042281, 0.041370
0.039409, 0.040276, 0.042018, 0.044649, 0.048189, 0.052668, 0.058118, 0.064579, 0.072095, 0.080712, 0.090481, 0.101453, 0.113679, 0.127211, 0.142097, 0.158379, 0.176098, 0.195282, 0.215956, 0.238129, 0.261802, 0.286959, 0.313570, 0.341590, 0.370956, 0.401587, 0.433383, 0.466223, 0.499970, 0.534466, 0.569535, 0.604984, 0.640604, 0.676171, 0.711450, 0.746196, 0.780157, 0.813076, 0.844696, 0.874761, 0.903021, 0.929235, 0.953175, 0.974629, 0.993402, 1.009322, 1.022242, 1.032040, 1.038625, 1.041933, 1.041933, 1.038625, 1.032041, 1.022243, 1.009323, 0.993403, 0.974630, 0.953177, 0.929237, 0.903023, 0.874763, 0.844698, 0.813079, 0.780160, 0.746199, 0.711452, 0.676173, 0.640606, 0.604986, 0.569537, 0.534469, 0.499973, 0.466225, 0.433385, 0.401589, 0.370958, 0.341592, 0.313571, 0.286960, 0.261804, 0.238131, 0.215957, 0.195284, 0.176099, 0.158381, 0.142098, 0.127212, 0.113680, 0.101453, 0.090481, 0.080712, 0.072095, 0.064580, 0.058119, 0.052668, 0.048190, 0.044649, 0.042018, 0.040277, 0.039409
0.037397, 0.038220, 0.039872, 0.042368, 0.045728, 0.049978, 0.055150, 0.061281, 0.068413, 0.076590, 0.085859, 0.096271, 0.107873, 0.120714, 0.134839, 0.150290, 0.167102, 0.185307, 0.204924, 0.225965, 0.248428, 0.272299, 0.297551, 0.324140, 0.352006, 0.381072, 0.411242, 0.442405, 0.474428, 0.507161, 0.540438, 0.574076, 0.607875, 0.641625, 0.675102, 0.708073, 0.740298, 0.771535, 0.801539, 0.830068, 0.856883, 0.881758, 0.904475, 0.924833, 0.942647, 0.957753, 0.970013, 0.979310, 0.985558, 0.988698, 0.988698, 0.985559, 0.979311, 0.970013, 0.957754, 0.942647, 0.924834, 0.904477, 0.881760, 0.856885, 0.830070, 0.801541, 0.771537, 0.740300, 0.708075, 0.675104, 0.641627, 0.607877, 0.574078, 0.540440, 0.507163, 0.474430, 0.442407, 0.411244, 0.381073, 0.352007, 0.324141, 0.297553, 0.272301, 0.248430, 0.225966, 0.204925, 0.185308, 0.167104, 0.150291, 0.134840, 0.120715, 0.107874, 0.096272, 0.085860, 0.076590, 0.068413, 0.061281, 0.055150, 0.049978, 0.045729, 0.042369, 0.039872, 0.038220, 0.037397
0.035350, 0.036128, 0.037690, 0.040050, 0.043226, 0.047243, 0.052132, 0.057927, 0.064668, 0.072398, 0.081160, 0.091002, 0.101969, 0.114106, 0.127458, 0.142063, 0.157956, 0.175164, 0.193706, 0.213595, 0.234828, 0.257393, 0.281262, 0.306396, 0.332736, 0.360210, 0.388729, 0.418186, 0.448455, 0.479396, 0.510851, 0.542647, 0.574596, 0.606498, 0.638142, 0.669307, 0.699768, 0.729296, 0.757656, 0.784623, 0.809970, 0.833482, 0.854955, 0.874199, 0.891037, 0.905316, 0.916904, 0.925693, 0.931599, 0.934566, 0.934566, 0.931600, 0.925694, 0.916905, 0.905317, 0.891038, 0.874200, 0.854957, 0.833484, 0.809971, 0.784624, 0.757657, 0.729298, 0.699770, 0.669309, 0.638144, 0.606500, 0.574598, 0.542649, 0.510853, 0.479398, 0.448457, 0.418187, 0.388731, 0.360212, 0.332737, 0.306397, 0.281264, 0.257395, 0.234830, 0.213596, 0.193708, 0.175165, 0.157957, 0.142064, 0.127459, 0.114107, 0.101969, 0.091002, 0.081161, 0.072398, 0.064669, 0.057927, 0.052132, 0.047243, 0.043226, 0.040050, 0.037690, 0.036128, 0.035350
0.033287, 0.034019, 0.035490, 0.037712, 0.040702, 0.044485, 0.049089, 0.054546, 0.060893, 0.068171, 0.076422, 0.085689, 0.096016, 0.107445, 0.120017, 0.133769, 0.148734, 0.164937, 0.182397, 0.201123, 0.221117, 0.242364, 0.264840, 0.288505, 0.313308, 0.339178, 0.366032, 0.393768, 0.422269, 0.451403, 0.481021, 0.510961, 0.541044, 0.571083, 0.600878, 0.630224, 0.658906, 0.686709, 0.713413, 0.738805, 0.762672, 0.784812, 0.805031, 0.823150, 0.839004, 0.852450, 0.863361, 0.871637, 0.877198, 0.879991, 0.879992, 0.877198, 0.871637, 0.863362, 0.852451, 0.839005, 0.823151, 0.805032, 0.784813, 0.762674, 0.738807, 0.713415, 0.686710, 0.658908, 0.630226, 0.600880, 0.571085, 0.541046, 0.510962, 0.481023, 0.451405, 0.422271, 0.393769, 0.366034, 0.339179, 0.313309, 0.288507, 0.264841, 0.242365, 0.221118, 0.201125, 0.182398, 0.164938, 0.148735, 0.133770, 0.120018, 0.107446, 0.096016, 0.085690, 0.076423, 0.068172, 0.060894, 0.054546, 0.049089, 0.044485, 0.040703, 0.037712, 0.035490, 0.034019, 0.033287
0.031223, 0.031910, 0.033290, 0.035374, 0.038179, 0.041727, 0.046045, 0.051163, 0.057117, 0.063944, 0.071683, 0.080375, 0.090061, 0.100782, 0.112574, 0.125473, 0.139509, 0.154708, 0.171085, 0.188650, 0.207403, 0.227332, 0.248413, 0.270612, 0.293875, 0.318141, 0.343329, 0.369345, 0.396078, 0.423405, 0.451186, 0.479268, 0.507485, 0.535661, 0.563608, 0.591133, 0.618037, 0.644114, 0.669162, 0.692979, 0.715365, 0.736131, 0.755096, 0.772091, 0.786962, 0.799574, 0.809808, 0.817570, 0.822786, 0.825407, 0.825407, 0.822786, 0.817571, 0.809809, 0.799574, 0.786963, 0.772092, 0.755097, 0.736133, 0.715367, 0.692980, 0.669164, 0.644116, 0.618038, 0.591135, 0.563610, 0.535662, 0.507487, 0.479270, 0.451188, 0.423407, 0.396080, 0.369346, 0.343330, 0.318143, 0.293877, 0.270613, 0.248415, 0.227333, 0.207404, 0.188651, 0.171086, 0.154709, 0.139510, 0.125474, 0.112575, 0.100782, 0.090062, 0.080376, 0.071684, 0.063944, 0.057118, 0.051164, 0.046045, 0.041727, 0.038179, 0.035374, 0.033290, 0.031910, 0.031223
0.029174, 0.029816, 0.031105, 0.033052, 0.035673, 0.038988, 0.043023, 0.047805, 0.053368, 0.059747, 0.066978, 0.075100, 0.084150, 0.094167, 0.105185, 0.117237, 0.130352, 0.144552, 0.159854, 0.176266, 0.193788, 0.212408, 0.232106, 0.252847, 0.274584, 0.297257, 0.320791, 0.345099, 0.370077, 0.395610, 0.421567, 0.447805, 0.474170, 0.500496, 0.526608, 0.552327, 0.577463, 0.601829, 0.625232, 0.647485, 0.668402, 0.687805, 0.705524, 0.721403, 0.735298, 0.747081, 0.756644, 0.763896, 0.768770, 0.771218, 0.771218, 0.768770, 0.763897, 0.756644, 0.747082, 0.735299, 0.721404, 0.705525, 0.687806, 0.668403, 0.647486, 0.625234, 0.601830, 0.577465, 0.552328, 0.526610, 0.500497, 0.474171, 0.447807, 0.421569, 0.395612, 0.370079, 0.345100, 0.320792, 0.297258, 0.274585, 0.252848, 0.232107, 0.212409, 0.193789, 0.176267, 0.159855, 0.144553, 0.130353, 0.117238, 0.105186, 0.094167, 0.084151, 0.075100, 0.066979, 0.059747, 0.053369, 0.047806, 0.043023, 0.038988, 0.035673, 0.033052, 0.031105, 0.029816, 0.029174
0.027154, 0.027751, 0.028951, 0.030764, 0.033203, 0.036289, 0.040044, 0.044495, 0.049673, 0.055610, 0.062340, 0.069899, 0.078323, 0.087646, 0.097901, 0.109119, 0.121325, 0.134542, 0.148784, 0.164059, 0.180367, 0.197698, 0.216031, 0.235336, 0.255568, 0.276670, 0.298574, 0.321199, 0.344447, 0.368212, 0.392371, 0.416792, 0.441330, 0.465832, 0.490136, 0.514073, 0.537469, 0.560147, 0.581929, 0.602641, 0.622109, 0.640167, 0.656660, 0.671439, 0.684371, 0.695338, 0.704239, 0.710989, 0.715525, 0.717803, 0.717803, 0.715525, 0.710989, 0.704239, 0.695339, 0.684372, 0.671439, 0.656660, 0.640168, 0.622110, 0.602642, 0.581931, 0.560148, 0.537470, 0.514075, 0.490138, 0.465834, 0.441331, 0.416793, 0.392372, 0.368213, 0.344449, 0.321200, 0.298576, 0.276671, 0.255569, 0.235337, 0.216032, 0.197699, 0.180368, 0.164060, 0.148785, 0.134543, 0.121326, 0.109120, 0.097902, 0.087646, 0.078324, 0.069900, 0.062341, 0.055610, 0.049673, 0.044495, 0.040044, 0.036289, 0.033203, 0.030764, 0.028951, 0.027751, 0.027154
0.025176, 0.025730, 0.026843, 0.028523, 0.030785, 0.033645, 0.037127, 0.041254, 0.046055, 0.051559, 0.057799, 0.064808, 0.072618, 0.081261, 0.090769, 0.101170, 0.112487, 0.124741, 0.137945, 0.152107, 0.167227, 0.183295, 0.200293, 0.218190, 0.236948, 0.256513, 0.276822, 0.297798, 0.319353, 0.341386, 0.363785, 0.386426, 0.409177, 0.431894, 0.454427, 0.476620, 0.498311, 0.519336, 0.539532, 0.558734, 0.576783, 0.593526, 0.608817, 0.622519, 0.634510, 0.644677, 0.652929, 0.659187, 0.663393, 0.665505, 0.665505, 0.663393, 0.659187, 0.652930, 0.644678, 0.634510, 0.622520, 0.608818, 0.593527, 0.576784, 0.558735, 0.539533, 0.519338, 0.498312, 0.476621, 0.454428, 0.431895, 0.409178, 0.386428, 0.363786, 0.341387, 0.319354, 0.297799, 0.276823, 0.256515, 0.236949, 0.218192, 0.200294, 0.183296, 0.167228, 0.152108, 0.137946, 0.124742, 0.112488, 0.101170, 0.090770, 0.081262, 0.072618, 0.064808, 0.057800, 0.051560, 0.046055, 0.041254, 0.037127, 0.033646, 0.030785, 0.028523, 0.026843, 0.025730, 0.025176
0.023252, 0.023764, 0.024791, 0.026343, 0.028432, 0.031074, 0.034289, 0.038101, 0.042535, 0.047619, 0.053382, 0.059854, 0.067067, 0.075050, 0.083832, 0.093437, 0.103889, 0.115206, 0.127401, 0.140481, 0.154445, 0.169284, 0.184982, 0.201512, 0.218836, 0.236905, 0.255662, 0.275034, 0.294942, 0.315290, 0.335977, 0.356887, 0.377899, 0.398879, 0.419690, 0.440186, 0.460219, 0.479637, 0.498288, 0.516023, 0.532692, 0.548155, 0.562277, 0.574932, 0.586005, 0.595396, 0.603017, 0.608796, 0.612680, 0.614632, 0.614632, 0.612681, 0.608797, 0.603017, 0.595396, 0.586006, 0.574932, 0.562278, 0.548156, 0.532693, 0.516024, 0.498289, 0.479638, 0.460220, 0.440187, 0.419691, 0.398880, 0.377900, 0.356889, 0.335978, 0.315291, 0.294943, 0.275036, 0.255663, 0.236906, 0.218837, 0.201513, 0.184983, 0.169285, 0.154446, 0.140482, 0.127402, 0.115207, 0.103890, 0.093438, 0.083832, 0.075051, 0.067068, 0.059855, 0.053382, 0.047619, 0.042535, 0.038101, 0.034290, 0.031074, 0.028432, 0.026343, 0.024791, 0.023764, 0.023252
0.021392, 0.021863, 0.022808, 0.024236, 0.026157, 0.028588, 0.031546, 0.035053, 0.039132, 0.043809, 0.049111, 0.055066, 0.061702, 0.069046, 0.077125, 0.085962, 0.095577, 0.105989, 0.117208, 0.129241, 0.142088, 0.155740, 0.170182, 0.185388, 0.201325, 0.217949, 0.235205, 0.253028, 0.271342, 0.290063, 0.309094, 0.328331, 0.347661, 0.366963, 0.386108, 0.404964, 0.423394, 0.441258, 0.458417, 0.474732, 0.490068, 0.504294, 0.517285, 0.528927, 0.539115, 0.547754, 0.554765, 0.560082, 0.563655, 0.565450, 0.565451, 0.563656, 0.560083, 0.554765, 0.547754, 0.539115, 0.528928, 0.517286, 0.504295, 0.490069, 0.474733, 0.458418, 0.441259, 0.423395, 0.404965, 0.386109, 0.366964, 0.347663, 0.328333, 0.309095, 0.290064, 0.271343, 0.253029, 0.235206, 0.217950, 0.201326, 0.185389, 0.170183, 0.155741, 0.142089, 0.129242, 0.117209, 0.105990, 0.095578, 0.085962, 0.077125, 0.069046, 0.061702, 0.055066, 0.049111, 0.043809, 0.039132, 0.035053, 0.031547, 0.028588, 0.026158, 0.024236, 0.022808, 0.021863, 0.021392
0.019605, 0.020036, 0.020902, 0.022211, 0.023972, 0.026199, 0.028910, 0.032124, 0.035862, 0.040148, 0.045007, 0.050464, 0.056546, 0.063276, 0.070680, 0.078778, 0.087590, 0.097132, 0.107413, 0.118441, 0.130213, 0.142724, 0.155959, 0.169895, 0.184500, 0.199734, 0.215547, 0.231881, 0.248664, 0.265821, 0.283262, 0.300891, 0.318606, 0.336294, 0.353839, 0.371119, 0.388008, 0.404380, 0.420104, 0.435056, 0.449110, 0.462146, 0.474052, 0.484721, 0.494057, 0.501974, 0.508399, 0.513272, 0.516546, 0.518191, 0.518191, 0.516546, 0.513272, 0.508399, 0.501974, 0.494057, 0.484722, 0.474053, 0.462147, 0.449111, 0.435057, 0.420105, 0.404381, 0.388009, 0.371120, 0.353840, 0.336295, 0.318607, 0.300892, 0.283263, 0.265822, 0.248666, 0.231882, 0.215548, 0.199735, 0.184501, 0.169896, 0.155960, 0.142725, 0.130214, 0.118441, 0.107414, 0.097132, 0.087591, 0.078779, 0.070680, 0.063277, 0.056546, 0.050465, 0.045007, 0.040149, 0.035862, 0.032124, 0.028911, 0.026200, 0.023972, 0.022211, 0.020902, 0.020036, 0.019605
0.017897, 0.018291, 0.019082, 0.020276, 0.021884, 0.023917, 0.026392, 0.029326, 0.032738, 0.036651, 0.041086, 0.046068, 0.051620, 0.057764, 0.064522, 0.071915, 0.079960, 0.088670, 0.098056, 0.108122, 0.118869, 0.130290, 0.142372, 0.155093, 0.168426, 0.182333, 0.196768, 0.211678, 0.227000, 0.242661, 0.258583, 0.274677, 0.290848, 0.306995, 0.323012, 0.338786, 0.354204, 0.369149, 0.383503, 0.397152, 0.409981, 0.421882, 0.432750, 0.442490, 0.451012, 0.458239, 0.464105, 0.468553, 0.471542, 0.473044, 0.473044, 0.471542, 0.468553, 0.464105, 0.458240, 0.451013, 0.442490, 0.432751, 0.421883, 0.409982, 0.397153, 0.383504, 0.369149, 0.354205, 0.338787, 0.323013, 0.306996, 0.290849, 0.274678, 0.258584, 0.242662, 0.227001, 0.211679, 0.196769, 0.182334, 0.168427, 0.155094, 0.142373, 0.130291, 0.118870, 0.108123, 0.098056, 0.088670, 0.079960, 0.071916, 0.064523, 0.057764, 0.051620, 0.046069, 0.041087, 0.036651, 0.032738, 0.029326, 0.026392, 0.023917, 0.021884, 0.020276, 0.019082, 0.018291, 0.017897
0.016275, 0.016633, 0.017352, 0.018438, 0.019900, 0.021749, 0.024000, 0.026668, 0.029771, 0.033329, 0.037362, 0.041892, 0.046941, 0.052528, 0.058674, 0.065396, 0.072712, 0.080632, 0.089167, 0.098321, 0.108094, 0.118479, 0.129466, 0.141034, 0.153157, 0.165803, 0.178930, 0.192488, 0.206420, 0.220662, 0.235140, 0.249775, 0.264480, 0.279164, 0.293729, 0.308073, 0.322093, 0.335683, 0.348736, 0.361147, 0.372814, 0.383635, 0.393518, 0.402375, 0.410124, 0.416696, 0.422030, 0.426075, 0.428793, 0.430159, 0.430159, 0.428793, 0.426075, 0.422030, 0.416697, 0.410125, 0.402375, 0.393519, 0.383636, 0.372814, 0.361148, 0.348737, 0.335684, 0.322094, 0.308074, 0.293729, 0.279165, 0.264481, 0.249776, 0.235141, 0.220663, 0.206421, 0.192489, 0.178931, 0.165804, 0.153158, 0.141034, 0.129466, 0.118480, 0.108094, 0.098322, 0.089167, 0.080633, 0.072712, 0.065397, 0.058674, 0.052528, 0.046941, 0.041893, 0.037362, 0.033329, 0.029771, 0.026668, 0.024000, 0.021750, 0.019900, 0.018438, 0.017352, 0.016633, 0.016275
0.014742, 0.015067, 0.015718, 0.016702, 0.018026, 0.019702, 0.021740, 0.024157, 0.026967, 0.030190, 0.033844, 0.037948, 0.042521, 0.047582, 0.053149, 0.059238, 0.065864, 0.073039, 0.080770, 0.089062, 0.097915, 0.107322, 0.117274, 0.127752, 0.138734, 0.150189, 0.162079, 0.174361, 0.186981, 0.199881, 0.212995, 0.226252, 0.239573, 0.252874, 0.266067, 0.279060, 0.291760, 0.304070, 0.315894, 0.327136, 0.337704, 0.347506, 0.356458, 0.364481, 0.371500, 0.377453, 0.382285, 0.385949, 0.388411, 0.389648, 0.389648, 0.388411, 0.385949, 0.382285, 0.377454, 0.371501, 0.364481, 0.356459, 0.347507, 0.337704, 0.327137, 0.315894, 0.304071, 0.291761, 0.279061, 0.266067, 0.252875, 0.239573, 0.226253, 0.212996, 0.199882, 0.186981, 0.174361, 0.162080, 0.150190, 0.138735, 0.127753, 0.117274, 0.107323, 0.097915, 0.089063, 0.080771, 0.073040, 0.065865, 0.059239, 0.053149, 0.047582, 0.042521, 0.037948, 0.033844, 0.030191, 0.026968, 0.024157, 0.021740, 0.019702, 0.018027, 0.016702, 0.015718, 0.015067, 0.014742
0.013303, 0.013595, 0.014183, 0.015071, 0.016266, 0.017777, 0.019617, 0.021797, 0.024334, 0.027242, 0.030539, 0.034242, 0.038368, 0.042934, 0.047958, 0.053452, 0.059432, 0.065905, 0.072881, 0.080363, 0.088351, 0.096840, 0.105819, 0.115274, 0.125184, 0.135520, 0.146248, 0.157330, 0.168717, 0.180357, 0.192191, 0.204152, 0.216171, 0.228173, 0.240078, 0.251802, 0.263262, 0.274369, 0.285038, 0.295183, 0.304718, 0.313563, 0.321641, 0.328879, 0.335213, 0.340585, 0.344944, 0.348250, 0.350471, 0.351587, 0.351588, 0.350472, 0.348250, 0.344944, 0.340585, 0.335214, 0.328880, 0.321641, 0.313564, 0.304718, 0.295183, 0.285039, 0.274370, 0.263262, 0.251803, 0.240078, 0.228174, 0.216172, 0.204153, 0.192191, 0.180358, 0.168718, 0.157331, 0.146249, 0.135520, 0.125184, 0.115275, 0.105820, 0.096840, 0.088352, 0.080364, 0.072882, 0.065906, 0.059432, 0.053453, 0.047958, 0.042935, 0.038368, 0.034242, 0.030539, 0.027242, 0.024334, 0.021798, 0.019617, 0.017778, 0.016266, 0.015071, 0.014183, 0.013595, 0.013303
0.011957, 0.012220, 0.012749, 0.013547, 0.014621, 0.015979, 0.017633, 0.019593, 0.021873, 0.024487, 0.027450, 0.030778, 0.034487, 0.038592, 0.043107, 0.048046, 0.053420, 0.059239, 0.065509, 0.072234, 0.079414, 0.087044, 0.095115, 0.103614, 0.112521, 0.121811, 0.131454, 0.141415, 0.151650, 0.162113, 0.172749, 0.183500, 0.194303, 0.205091, 0.215791, 0.226329, 0.236629, 0.246614, 0.256204, 0.265322, 0.273893, 0.281843, 0.289104, 0.295610, 0.301303, 0.306132, 0.310050, 0.313022, 0.315018, 0.316021, 0.316021, 0.315018, 0.313022, 0.310050, 0.306132, 0.301304, 0.295610, 0.289104, 0.281844, 0.273893, 0.265322, 0.256204, 0.246614, 0.236630, 0.226330, 0.215792, 0.205092, 0.194304, 0.183501, 0.172749, 0.162113, 0.151651, 0.141415, 0.131455, 0.121812, 0.112521, 0.103614, 0.095116, 0.087045, 0.079415, 0.072235, 0.065510, 0.059239, 0.053420, 0.048046, 0.043107, 0.038592, 0.034487, 0.030778, 0.027450, 0.024487, 0.021873, 0.019593, 0.017633, 0.015979, 0.014621, 0.013547, 0.012749, 0.012220, 0.011957
0.010707, 0.010942, 0.011415, 0.012130, 0.013091, 0.014308, 0.015788, 0.017543, 0.019585, 0.021925, 0.024578, 0.027558, 0.030879, 0.034555, 0.038597, 0.043020, 0.047832, 0.053042, 0.058656, 0.064678, 0.071106, 0.077938, 0.085165, 0.092774, 0.100749, 0.109068, 0.117702, 0.126621, 0.135785, 0.145153, 0.154676, 0.164303, 0.173976, 0.183634, 0.193215, 0.202651, 0.211873, 0.220812, 0.229399, 0.237564, 0.245238, 0.252357, 0.258858, 0.264683, 0.269781, 0.274104, 0.277612, 0.280273, 0.282061, 0.282959, 0.282959, 0.282061, 0.280274, 0.277613, 0.274104, 0.269781, 0.264684, 0.258858, 0.252357, 0.245239, 0.237564, 0.229400, 0.220813, 0.211874, 0.202651, 0.193215, 0.183635, 0.173976, 0.164303, 0.154677, 0.145153, 0.135786, 0.126621, 0.117703, 0.109068, 0.100750, 0.092775, 0.085165, 0.077939, 0.071107, 0.064678, 0.058657, 0.053042, 0.047832, 0.043020, 0.038598, 0.034555, 0.030880, 0.027559, 0.024579, 0.021925, 0.019585, 0.017543, 0.015788, 0.014308, 0.013091, 0.012130, 0.011415, 0.010942, 0.010707
0.009550, 0.009760, 0.010182, 0.010819, 0.011677, 0.012762, 0.014083, 0.015648, 0.017469, 0.019556, 0.021923, 0.024581, 0.027543, 0.030821, 0.034427, 0.038372, 0.042664, 0.047311, 0.052319, 0.057690, 0.063424, 0.069517, 0.075963, 0.082750, 0.089864, 0.097283, 0.104985, 0.112939, 0.121114, 0.129469, 0.137963, 0.146550, 0.155177, 0.163792, 0.172338, 0.180754, 0.188980, 0.196953, 0.204612, 0.211894, 0.218739, 0.225088, 0.230887, 0.236083, 0.240630, 0.244486, 0.247616, 0.249989, 0.251583, 0.252384, 0.252384, 0.251583, 0.249989, 0.247616, 0.244486, 0.240630, 0.236083, 0.230887, 0.225089, 0.218739, 0.211894, 0.204612, 0.196954, 0.188980, 0.180754, 0.172338, 0.163793, 0.155178, 0.146550, 0.137964, 0.129470, 0.121114, 0.112940, 0.104985, 0.097284, 0.089864, 0.082751, 0.075964, 0.069518, 0.063424, 0.057690, 0.052319, 0.047311, 0.042664, 0.038372, 0.034428, 0.030822, 0.027543, 0.024581, 0.021923, 0.019556, 0.017469, 0.015648, 0.014083, 0.012762, 0.011677, 0.010819, 0.010182, 0.009760, 0.009550
0.008486, 0.008672, 0.009047, 0.009614, 0.010376, 0.011340, 0.012513, 0.013904, 0.015522, 0.017377, 0.019480, 0.021842, 0.024474, 0.027387, 0.030591, 0.034096, 0.037909, 0.042039, 0.046488, 0.051261, 0.056356, 0.061770, 0.067498, 0.073528, 0.079849, 0.086442, 0.093285, 0.100353, 0.107616, 0.115040, 0.122588, 0.130217, 0.137883, 0.145538, 0.153131, 0.160609, 0.167918, 0.175003, 0.181808, 0.188279, 0.194360, 0.200002, 0.205154, 0.209771, 0.213812, 0.217238, 0.220018, 0.222127, 0.223544, 0.224256, 0.224256, 0.223544, 0.222127, 0.220018, 0.217238, 0.213812, 0.209772, 0.205155, 0.200003, 0.194361, 0.188279, 0.181809, 0.175003, 0.167919, 0.160610, 0.153132, 0.145539, 0.137884, 0.130218, 0.122588, 0.115041, 0.107617, 0.100353, 0.093285, 0.086442, 0.079849, 0.073529, 0.067498, 0.061771, 0.056356, 0.051261, 0.046489, 0.042039, 0.037910, 0.034096, 0.030591, 0.027387, 0.024474, 0.021842, 0.019480, 0.017377, 0.015522, 0.013904, 0.012513, 0.011340, 0.010376, 0.009614, 0.009047, 0.008672, 0.008486
0.007512, 0.007677, 0.008009, 0.008510, 0.009185, 0.010038, 0.011077, 0.012308, 0.013740, 0.015382, 0.017244, 0.019335, 0.021664, 0.024243, 0.027079, 0.030182, 0.033558, 0.037213, 0.041152, 0.045376, 0.049887, 0.054679, 0.059749, 0.065088, 0.070683, 0.076519, 0.082576, 0.088833, 0.095262, 0.101834, 0.108515, 0.115269, 0.122055, 0.128831, 0.135552, 0.142172, 0.148641, 0.154913, 0.160937, 0.166664, 0.172048, 0.177042, 0.181603, 0.185690, 0.189266, 0.192299, 0.194760, 0.196627, 0.197881, 0.198511, 0.198511, 0.197881, 0.196627, 0.194760, 0.192299, 0.189266, 0.185690, 0.181603, 0.177042, 0.172048, 0.166665, 0.160937, 0.154913, 0.148642, 0.142172, 0.135552, 0.128831, 0.122055, 0.115269, 0.108516, 0.101835, 0.095263, 0.088833, 0.082577, 0.076519, 0.070683, 0.065088, 0.059750, 0.054680, 0.049887, 0.045377, 0.041152, 0.037213, 0.033558, 0.030182, 0.027079, 0.024243, 0.021665, 0.019335, 0.017244, 0.015383, 0.013740, 0.012308, 0.011077, 0.010038, 0.009185, 0.008510, 0.008009, 0.007677, 0.007512
0.006625, 0.006771, 0.007063, 0.007505, 0.008100, 0.008853, 0.009769, 0.010855, 0.012118, 0.013566, 0.015208, 0.017052, 0.019106, 0.021380, 0.023882, 0.026618, 0.029595, 0.032819, 0.036293, 0.040018, 0.043996, 0.048223, 0.052694, 0.057402, 0.062336, 0.067483, 0.072825, 0.078343, 0.084013, 0.089809, 0.095701, 0.101657, 0.107642, 0.113618, 0.119545, 0.125383, 0.131089, 0.136620, 0.141932, 0.146983, 0.151731, 0.156135, 0.160157, 0.163762, 0.166916, 0.169590, 0.171761, 0.173407, 0.174513, 0.175069, 0.175069, 0.174513, 0.173407, 0.171761, 0.169591, 0.166916, 0.163762, 0.160158, 0.156135, 0.151731, 0.146983, 0.141932, 0.136620, 0.131089, 0.125383, 0.119545, 0.113618, 0.107642, 0.101658, 0.095702, 0.089809, 0.084014, 0.078343, 0.072826, 0.067483, 0.062337, 0.057402, 0.052694, 0.048223, 0.043996, 0.040019, 0.036293, 0.032819, 0.029596, 0.026618, 0.023882, 0.021381, 0.019107, 0.017052, 0.015208, 0.013566, 0.012118, 0.010855, 0.009769, 0.008853, 0.008100, 0.007505, 0.007063, 0.006771, 0.006625
0.005821, 0.005949, 0.006207, 0.006595, 0.007118, 0.007779, 0.008584, 0.009538, 0.010648, 0.011921, 0.013363, 0.014984, 0.016789, 0.018787, 0.020985, 0.023390, 0.026006, 0.028839, 0.031891, 0.035165, 0.038660, 0.042374, 0.046303, 0.050440, 0.054776, 0.059298, 0.063992, 0.068841, 0.073823, 0.078916, 0.084094, 0.089327, 0.094586, 0.099837, 0.105045, 0.110175, 0.115189, 0.120049, 0.124717, 0.129155, 0.133327, 0.137197, 0.140731, 0.143899, 0.146670, 0.149020, 0.150927, 0.152374, 0.153346, 0.153834, 0.153834, 0.153346, 0.152374, 0.150928, 0.149020, 0.146670, 0.143899, 0.140732, 0.137197, 0.133327, 0.129155, 0.124717, 0.120049, 0.115189, 0.110175, 0.105046, 0.099837, 0.094586, 0.089327, 0.084094, 0.078916, 0.073824, 0.068841, 0.063993, 0.059298, 0.054776, 0.050440, 0.046303, 0.042374, 0.038660, 0.035165, 0.031891, 0.028839, 0.026006, 0.023390, 0.020985, 0.018787, 0.016789, 0.014984, 0.013363, 0.011921, 0.010648, 0.009539, 0.008584, 0.007779, 0.007118, 0.006595, 0.006207, 0.005949, 0.005821
0.005097, 0.005210, 0.005435, 0.005775, 0.006233, 0.006812, 0.007517, 0.008352, 0.009324, 0.010438, 0.011701, 0.013120, 0.014701, 0.016451, 0.018375, 0.020481, 0.022771, 0.025252, 0.027925, 0.030791, 0.033851, 0.037104, 0.040544, 0.044166, 0.047963, 0.051923, 0.056033, 0.060279, 0.064641, 0.069101, 0.073634, 0.078217, 0.082821, 0.087419, 0.091980, 0.096472, 0.100862, 0.105117, 0.109204, 0.113091, 0.116744, 0.120133, 0.123227, 0.126000, 0.128427, 0.130485, 0.132155, 0.133421, 0.134273, 0.134700, 0.134700, 0.134273, 0.133422, 0.132155, 0.130485, 0.128427, 0.126001, 0.123227, 0.120133, 0.116744, 0.113091, 0.109205, 0.105117, 0.100862, 0.096472, 0.091980, 0.087420, 0.082822, 0.078217, 0.073635, 0.069101, 0.064642, 0.060279, 0.056033, 0.051923, 0.047963, 0.044167, 0.040544, 0.037104, 0.033852, 0.030791, 0.027925, 0.025252, 0.022772, 0.020481, 0.018375, 0.016451, 0.014701, 0.013120, 0.011701, 0.010438, 0.009324, 0.008352, 0.007517, 0.006812, 0.006233, 0.005775, 0.005435, 0.005210, 0.005097
0.004449, 0.004546, 0.004743, 0.005040, 0.005439, 0.005945, 0.006560, 0.007289, 0.008137, 0.009110, 0.010212, 0.011450, 0.012830, 0.014357, 0.016036, 0.017873, 0.019873, 0.022037, 0.024370, 0.026871, 0.029542, 0.032380, 0.035383, 0.038544, 0.041857, 0.045313, 0.048900, 0.052605, 0.056413, 0.060304, 0.064261, 0.068260, 0.072278, 0.076291, 0.080271, 0.084191, 0.088022, 0.091735, 0.095303, 0.098694, 0.101882, 0.104839, 0.107540, 0.109960, 0.112078, 0.113874, 0.115331, 0.116437, 0.117179, 0.117553, 0.117553, 0.117179, 0.116437, 0.115331, 0.113874, 0.112078, 0.109960, 0.107540, 0.104840, 0.101882, 0.098694, 0.095303, 0.091736, 0.088022, 0.084191, 0.080271, 0.076291, 0.072278, 0.068260, 0.064261, 0.060304, 0.056413, 0.052605, 0.048900, 0.045313, 0.041857, 0.038544, 0.035383, 0.032381, 0.029542, 0.026872, 0.024370, 0.022037, 0.019873, 0.017874, 0.016036, 0.014357, 0.012830, 0.011450, 0.010212, 0.009110, 0.008137, 0.007289, 0.006560, 0.005945, 0.005439, 0.005040, 0.004743, 0.004546, 0.004449
0.003870, 0.003955, 0.004126, 0.004385, 0.004732, 0.005172, 0.005707, 0.006342, 0.007079, 0.007925, 0.008885, 0.009962, 0.011162, 0.012490, 0.013952, 0.015550, 0.017290, 0.019173, 0.021202, 0.023379, 0.025702, 0.028171, 0.030784, 0.033534, 0.036416, 0.039423, 0.042544, 0.045767, 0.049080, 0.052465, 0.055907, 0.059387, 0.062883, 0.066374, 0.069836, 0.073247, 0.076580, 0.079811, 0.082914, 0.085865, 0.088639, 0.091211, 0.093561, 0.095667, 0.097509, 0.099071, 0.100339, 0.101301, 0.101947, 0.102272, 0.102272, 0.101947, 0.101301, 0.100340, 0.099072, 0.097509, 0.095667, 0.093561, 0.091212, 0.088639, 0.085865, 0.082914, 0.079811, 0.076580, 0.073247, 0.069837, 0.066374, 0.062883, 0.059387, 0.055908, 0.052466, 0.049080, 0.045767, 0.042544, 0.039423, 0.036417, 0.033534, 0.030784, 0.028172, 0.025702, 0.023379, 0.021202, 0.019173, 0.017290, 0.015550, 0.013952, 0.012491, 0.011162, 0.009962, 0.008885, 0.007925, 0.007079, 0.006342, 0.005707, 0.005172, 0.004732, 0.004385, 0.004127, 0.003956, 0.003870
0.003358, 0.003432, 0.003580, 0.003805, 0.004106, 0.004488, 0.004952, 0.005502, 0.006143, 0.006877, 0.007709, 0.008643, 0.009685, 0.010838, 0.012105, 0.013492, 0.015001, 0.016635, 0.018396, 0.020285, 0.022301, 0.024443, 0.026710, 0.029096, 0.031597, 0.034206, 0.036914, 0.039710, 0.042584, 0.045522, 0.048509, 0.051527, 0.054561, 0.057590, 0.060594, 0.063553, 0.066445, 0.069249, 0.071941, 0.074501, 0.076908, 0.079140, 0.081179, 0.083006, 0.084604, 0.085960, 0.087060, 0.087895, 0.088455, 0.088737, 0.088737, 0.088455, 0.087895, 0.087060, 0.085960, 0.084605, 0.083006, 0.081179, 0.079140, 0.076908, 0.074502, 0.071941, 0.069249, 0.066445, 0.063553, 0.060594, 0.057590, 0.054561, 0.051528, 0.048509, 0.045522, 0.042585, 0.039711, 0.036914, 0.034206, 0.031597, 0.029096, 0.026710, 0.024443, 0.022301, 0.020285, 0.018396, 0.016636, 0.015002, 0.013492, 0.012105, 0.010838, 0.009685, 0.008643, 0.007709, 0.006877, 0.006143, 0.005502, 0.004952, 0.004488, 0.004106, 0.003805, 0.003580, 0.003432, 0.003358
0.002907, 0.002971, 0.003100, 0.003294, 0.003555, 0.003885, 0.004287, 0.004764, 0.005318, 0.005954, 0.006674, 0.007483, 0.008385, 0.009383, 0.010481, 0.011681, 0.012988, 0.014403, 0.015927, 0.017562, 0.019308, 0.021163, 0.023125, 0.025191, 0.027356, 0.029615, 0.031959, 0.034381, 0.036869, 0.039412, 0.041998, 0.044612, 0.047238, 0.049860, 0.052461, 0.055023, 0.057527, 0.059954, 0.062285, 0.064502, 0.066586, 0.068518, 0.070283, 0.071865, 0.073249, 0.074423, 0.075375, 0.076098, 0.076583, 0.076827, 0.076827, 0.076583, 0.076098, 0.075375, 0.074423, 0.073249, 0.071865, 0.070283, 0.068518, 0.066586, 0.064502, 0.062286, 0.059954, 0.057527, 0.055023, 0.052461, 0.049860, 0.047238, 0.044612, 0.041998, 0.039412, 0.036869, 0.034381, 0.031959, 0.029615, 0.027356, 0.025191, 0.023125, 0.021163, 0.019308, 0.017562, 0.015927, 0.014403, 0.012988, 0.011681, 0.010481, 0.009383, 0.008385, 0.007483, 0.006674, 0.005954, 0.005318, 0.004764, 0.004287, 0.003885, 0.003555, 0.003294, 0.003100, 0.002971, 0.002907
0.002514, 0.002569, 0.002680, 0.002848, 0.003074, 0.003359, 0.003707, 0.004119, 0.004598, 0.005147, 0.005770, 0.006470, 0.007250, 0.008112, 0.009061, 0.010100, 0.011229, 0.012452, 0.013770, 0.015184, 0.016693, 0.018297, 0.019993, 0.021780, 0.023652, 0.025604, 0.027631, 0.029725, 0.031876, 0.034075, 0.036311, 0.038571, 0.040841, 0.043108, 0.045357, 0.047572, 0.049737, 0.051835, 0.053851, 0.055768, 0.057569, 0.059240, 0.060766, 0.062133, 0.063330, 0.064345, 0.065168, 0.065793, 0.066213, 0.066423, 0.066424, 0.066213, 0.065793, 0.065168, 0.064345, 0.063330, 0.062133, 0.060766, 0.059240, 0.057569, 0.055768, 0.053851, 0.051836, 0.049737, 0.047572, 0.045357, 0.043109, 0.040841, 0.038571, 0.036311, 0.034075, 0.031876, 0.029725, 0.027631, 0.025605, 0.023652, 0.021780, 0.019993, 0.018297, 0.016693, 0.015184, 0.013770, 0.012452, 0.011229, 0.010100, 0.009061, 0.008112, 0.007250, 0.006470, 0.005770, 0.005147, 0.004598, 0.004119, 0.003707, 0.003359, 0.003074, 0.002848, 0.002680, 0.002569, 0.002514
0.002173, 0.002221, 0.002317, 0.002461, 0.002657, 0.002903, 0.003204, 0.003560, 0.003974, 0.004449, 0.004988, 0.005592, 0.006266, 0.007012, 0.007832, 0.008730, 0.009706, 0.010763, 0.011902, 0.013124, 0.014429, 0.015815, 0.017281, 0.018825, 0.020443, 0.022131, 0.023883, 0.025693, 0.027552, 0.029453, 0.031385, 0.033339, 0.035301, 0.037261, 0.039205, 0.041119, 0.042990, 0.044804, 0.046546, 0.048203, 0.049760, 0.051204, 0.052523, 0.053705, 0.054740, 0.055617, 0.056329, 0.056868, 0.057231, 0.057413, 0.057413, 0.057231, 0.056868, 0.056329, 0.055617, 0.054740, 0.053705, 0.052523, 0.051204, 0.049760, 0.048203, 0.046546, 0.044804, 0.042991, 0.041119, 0.039205, 0.037261, 0.035301, 0.033339, 0.031385, 0.029453, 0.027552, 0.025693, 0.023883, 0.022131, 0.020443, 0.018825, 0.017281, 0.015815, 0.014429, 0.013124, 0.011902, 0.010763, 0.009706, 0.008730, 0.007832, 0.007012, 0.006266, 0.005592, 0.004988, 0.004449, 0.003974, 0.003560, 0.003204, 0.002904, 0.002657, 0.002462, 0.002317, 0.002221, 0.002173
0.001880, 0.001922, 0.002005, 0.002130, 0.002299, 0.002513, 0.002773, 0.003081, 0.003440, 0.003851, 0.004317, 0.004840, 0.005423, 0.006069, 0.006778, 0.007555, 0.008400, 0.009315, 0.010301, 0.011359, 0.012488, 0.013687, 0.014956, 0.016293, 0.017693, 0.019154, 0.020670, 0.022236, 0.023846, 0.025491, 0.027163, 0.028854, 0.030552, 0.032248, 0.033931, 0.035588, 0.037207, 0.038777, 0.040285, 0.041718, 0.043066, 0.044316, 0.045458, 0.046481, 0.047376, 0.048135, 0.048751, 0.049218, 0.049532, 0.049690, 0.049690, 0.049532, 0.049218, 0.048751, 0.048135, 0.047376, 0.046481, 0.045458, 0.044316, 0.043066, 0.041718, 0.040285, 0.038777, 0.037207, 0.035588, 0.033931, 0.032248, 0.030552, 0.028854, 0.027163, 0.025491, 0.023846, 0.022236, 0.020670, 0.019154, 0.017693, 0.016293, 0.014956, 0.013687, 0.012488, 0.011359, 0.010301, 0.009315, 0.008400, 0.007555, 0.006779, 0.006069, 0.005423, 0.004840, 0.004317, 0.003851, 0.003440, 0.003081, 0.002773, 0.002513, 0.002299, 0.002130, 0.002005, 0.001922, 0.001880
0.001633, 0.001669, 0.001741, 0.001850, 0.001997, 0.002182, 0.002408, 0.002676, 0.002987, 0.003344, 0.003749, 0.004203, 0.004710, 0.005270, 0.005887, 0.006561, 0.007295, 0.008090, 0.008946, 0.009864, 0.010845, 0.011887, 0.012989, 0.014150, 0.015366, 0.016634, 0.017951, 0.019312, 0.020709, 0.022138, 0.023590, 0.025058, 0.026534, 0.028007, 0.029468, 0.030907, 0.032313, 0.033677, 0.034986, 0.036231, 0.037402, 0.038487, 0.039479, 0.040367, 0.041145, 0.041804, 0.042339, 0.042745, 0.043017, 0.043154, 0.043154, 0.043017, 0.042745, 0.042339, 0.041804, 0.041145, 0.040367, 0.039479, 0.038487, 0.037402, 0.036231, 0.034986, 0.033677, 0.032313, 0.030907, 0.029468, 0.028007, 0.026534, 0.025059, 0.023590, 0.022138, 0.020709, 0.019312, 0.017951, 0.016635, 0.015366, 0.014150, 0.012989, 0.011887, 0.010845, 0.009865, 0.008946, 0.008090, 0.007295, 0.006561, 0.005887, 0.005270, 0.004710, 0.004203, 0.003749, 0.003344, 0.002987, 0.002676, 0.002408, 0.002182, 0.001997, 0.001850, 0.001741, 0.001669, 0.001633
0.001427, 0.001459, 0.001522, 0.001617, 0.001745, 0.001907, 0.002105, 0.002338, 0.002611, 0.002923, 0.003276, 0.003673, 0.004116, 0.004606, 0.005145, 0.005734, 0.006376, 0.007070, 0.007819, 0.008621, 0.009478, 0.010389, 0.011352, 0.012367, 0.013430, 0.014538, 0.015689, 0.016878, 0.018100, 0.019349, 0.020618, 0.021901, 0.023191, 0.024478, 0.025755, 0.027013, 0.028242, 0.029434, 0.030578, 0.031666, 0.032689, 0.033638, 0.034505, 0.035281, 0.035961, 0.036537, 0.037005, 0.037359, 0.037598, 0.037718, 0.037718, 0.037598, 0.037359, 0.037005, 0.036537, 0.035961, 0.035281, 0.034505, 0.033638, 0.032689, 0.031667, 0.030578, 0.029434, 0.028242, 0.027013, 0.025755, 0.024478, 0.023191, 0.021901, 0.020618, 0.019349, 0.018100, 0.016878, 0.015690, 0.014539, 0.013430, 0.012367, 0.011352, 0.010389, 0.009478, 0.008621, 0.007819, 0.007070, 0.006376, 0.005734, 0.005145, 0.004606, 0.004116, 0.003673, 0.003276, 0.002923, 0.002611, 0.002338, 0.002105, 0.001907, 0.001745, 0.001617, 0.001522, 0.001459, 0.001427
0.001260, 0.001288, 0.001343, 0.001427, 0.001541, 0.001684, 0.001858, 0.002064, 0.002305, 0.002580, 0.002892, 0.003243, 0.003634, 0.004066, 0.004542, 0.005063, 0.005629, 0.006242, 0.006903, 0.007611, 0.008368, 0.009172, 0.010022, 0.010918, 0.011857, 0.012836, 0.013852, 0.014901, 0.015980, 0.017082, 0.018203, 0.019336, 0.020474, 0.021611, 0.022739, 0.023849, 0.024934, 0.025986, 0.026997, 0.027958, 0.028861, 0.029699, 0.030464, 0.031149, 0.031749, 0.032258, 0.032671, 0.032984, 0.033195, 0.033300, 0.033300, 0.033195, 0.032984, 0.032671, 0.032258, 0.031749, 0.031149, 0.030464, 0.029699, 0.028861, 0.027958, 0.026997, 0.025986, 0.024934, 0.023849, 0.022739, 0.021611, 0.020474, 0.019336, 0.018203, 0.017082, 0.015980, 0.014901, 0.013852, 0.012836, 0.011857, 0.010918, 0.010023, 0.009172, 0.008368, 0.007611, 0.006903, 0.006242, 0.005629, 0.005063, 0.004542, 0.004066, 0.003634, 0.003243, 0.002892, 0.002580, 0.002305, 0.002064, 0.001858, 0.001684, 0.001541, 0.001427, 0.001343, 0.001288, 0.001260
0.001129, 0.001153, 0.001203, 0.001279, 0.001380, 0.001508, 0.001664, 0.001849, 0.002065, 0.002311, 0.002591, 0.002905, 0.003255, 0.003643, 0.004069, 0.004535, 0.005043, 0.005592, 0.006184, 0.006819, 0.007497, 0.008217, 0.008979, 0.009781, 0.010622, 0.011499, 0.012410, 0.013350, 0.014317, 0.015304, 0.016309, 0.017324, 0.018343, 0.019362, 0.020372, 0.021367, 0.022339, 0.023282, 0.024187, 0.025048, 0.025858, 0.026608, 0.027294, 0.027908, 0.028446, 0.028901, 0.029271, 0.029552, 0.029740, 0.029835, 0.029835, 0.029740, 0.029552, 0.029271, 0.028901, 0.028446, 0.027908, 0.027294, 0.026608, 0.025858, 0.025048, 0.024188, 0.023282, 0.022340, 0.021367, 0.020372, 0.019362, 0.018344, 0.017324, 0.016309, 0.015304, 0.014317, 0.013350, 0.012410, 0.011500, 0.010622, 0.009782, 0.008979, 0.008217, 0.007497, 0.006819, 0.006184, 0.005592, 0.005043, 0.004535, 0.004069, 0.003643, 0.003255, 0.002905, 0.002591, 0.002311, 0.002065, 0.001849, 0.001664, 0.001508, 0.001380, 0.001279, 0.001203, 0.001153, 0.001129
0.001031, 0.001054, 0.001100, 0.001168, 0.001261, 0.001378, 0.001521, 0.001690, 0.001887, 0.002112, 0.002368, 0.002655, 0.002975, 0.003329, 0.003718, 0.004145, 0.004608, 0.005110, 0.005651, 0.006231, 0.006851, 0.007509, 0.008206, 0.008939, 0.009707, 0.010509, 0.011341, 0.012200, 0.013083, 0.013986, 0.014904, 0.015832, 0.016764, 0.017694, 0.018618, 0.019527, 0.020416, 0.021277, 0.022105, 0.022891, 0.023631, 0.024317, 0.024944, 0.025505, 0.025996, 0.026413, 0.026751, 0.027007, 0.027180, 0.027266, 0.027266, 0.027180, 0.027007, 0.026751, 0.026413, 0.025996, 0.025505, 0.024944, 0.024317, 0.023631, 0.022892, 0.022105, 0.021277, 0.020416, 0.019527, 0.018618, 0.017695, 0.016764, 0.015832, 0.014904, 0.013986, 0.013084, 0.012200, 0.011341, 0.010509, 0.009707, 0.008939, 0.008206, 0.007509, 0.006851, 0.006232, 0.005651, 0.005110, 0.004608, 0.004145, 0.003719, 0.003329, 0.002975, 0.002655, 0.002368, 0.002112, 0.001887, 0.001690, 0.001521, 0.001378, 0.001261, 0.001168, 0.001100, 0.001054, 0.001031
0.000966, 0.000987, 0.001030, 0.001095, 0.001181, 0.001291, 0.001425, 0.001583, 0.001768, 0.001979, 0.002218, 0.002487, 0.002787, 0.003119, 0.003484, 0.003883, 0.004318, 0.004788, 0.005295, 0.005839, 0.006419, 0.007036, 0.007689, 0.008376, 0.009096, 0.009847, 0.010627, 0.011432, 0.012260, 0.013106, 0.013966, 0.014835, 0.015708, 0.016581, 0.017446, 0.018298, 0.019131, 0.019938, 0.020713, 0.021451, 0.022144, 0.022787, 0.023374, 0.023900, 0.024360, 0.024751, 0.025068, 0.025308, 0.025469, 0.025550, 0.025550, 0.025469, 0.025308, 0.025068, 0.024751, 0.024360, 0.023900, 0.023374, 0.022787, 0.022144, 0.021451, 0.020714, 0.019938, 0.019131, 0.018298, 0.017446, 0.016581, 0.015708, 0.014835, 0.013966, 0.013106, 0.012260, 0.011432, 0.010627, 0.009847, 0.009096, 0.008376, 0.007689, 0.007036, 0.006419, 0.005839, 0.005295, 0.004788, 0.004318, 0.003883, 0.003484, 0.003119, 0.002787, 0.002488, 0.002218, 0.001979, 0.001768, 0.001583, 0.001425, 0.001291, 0.001181, 0.001095, 0.001030, 0.000987, 0.000966
0.000932, 0.000953, 0.000994, 0.001056, 0.001140, 0.001246, 0.001375, 0.001528, 0.001706, 0.001909, 0.002141, 0.002400, 0.002689, 0.003010, 0.003362, 0.003747, 0.004166, 0.004620, 0.005110, 0.005634, 0.006194, 0.006790, 0.007419, 0.008083, 0.008777, 0.009502, 0.010255, 0.011032, 0.011831, 0.012647, 0.013477, 0.014316, 0.015159, 0.016001, 0.016836, 0.017658, 0.018462, 0.019241, 0.019989, 0.020701, 0.021370, 0.021990, 0.022557, 0.023064, 0.023509, 0.023885, 0.024191, 0.024423, 0.024579, 0.024657, 0.024657, 0.024579, 0.024423, 0.024191, 0.023886, 0.023509, 0.023064, 0.022557, 0.021990, 0.021370, 0.020701, 0.019989, 0.019241, 0.018462, 0.017658, 0.016836, 0.016001, 0.015159, 0.014316, 0.013477, 0.012647, 0.011831, 0.011032, 0.010255, 0.009502, 0.008778, 0.008083, 0.007419, 0.006790, 0.006194, 0.005634, 0.005110, 0.004620, 0.004166, 0.003747, 0.003362, 0.003010, 0.002690, 0.002400, 0.002141, 0.001909, 0.001706, 0.001528, 0.001375, 0.001246, 0.001140, 0.001056, 0.000994, 0.000953, 0.000932
0.000929, 0.000949, 0.000990, 0.001052, 0.001136, 0.001241, 0.001370, 0.001522, 0.001699, 0.001902, 0.002133, 0.002391, 0.002680, 0.002999, 0.003350, 0.003733, 0.004151, 0.004603, 0.005091, 0.005614, 0.006172, 0.006765, 0.007392, 0.008053, 0.008746, 0.009468, 0.010218, 0.010992, 0.011788, 0.012601, 0.013428, 0.014264, 0.015104, 0.015943, 0.016775, 0.017595, 0.018396, 0.019172, 0.019918, 0.020627, 0.021293, 0.021911, 0.022476, 0.022982, 0.023425, 0.023800, 0.024105, 0.024336, 0.024491, 0.024569, 0.024569, 0.024491, 0.024336, 0.024105, 0.023800, 0.023425, 0.022982, 0.022476, 0.021911, 0.021293, 0.020627, 0.019918, 0.019172, 0.018396, 0.017595, 0.016775, 0.015943, 0.015104, 0.014264, 0.013428, 0.012601, 0.011788, 0.010992, 0.010218, 0.009468, 0.008746, 0.008053, 0.007392, 0.006765, 0.006172, 0.005614, 0.005091, 0.004604, 0.004151, 0.003733, 0.003350, 0.002999, 0.002680, 0.002391, 0.002133, 0.001902, 0.001699, 0.001522, 0.001370, 0.001241, 0.001136, 0.001052, 0.000990, 0.000949, 0.000929
0.000955, 0.000976, 0.001019, 0.001082, 0.001168, 0.001277, 0.001409, 0.001566, 0.001748, 0.001957, 0.002194, 0.002460, 0.002757, 0.003085, 0.003446, 0.003841, 0.004271, 0.004737, 0.005238, 0.005776, 0.006350, 0.006961, 0.007606, 0.008286, 0.008999, 0.009742, 0.010514, 0.011311, 0.012129, 0.012967, 0.013818, 0.014678, 0.015542, 0.016405, 0.017262, 0.018105, 0.018929, 0.019728, 0.020495, 0.021225, 0.021911, 0.022547, 0.023128, 0.023649, 0.024105, 0.024491, 0.024805, 0.025042, 0.025202, 0.025282, 0.025282, 0.025202, 0.025042, 0.024805, 0.024491, 0.024105, 0.023649, 0.023128, 0.022547, 0.021911, 0.021225, 0.020495, 0.019728, 0.018929, 0.018105, 0.017262, 0.016405, 0.015542, 0.014678, 0.013818, 0.012967, 0.012130, 0.011311, 0.010514, 0.009742, 0.008999, 0.008286, 0.007606, 0.006961, 0.006350, 0.005776, 0.005238, 0.004737, 0.004271, 0.003841, 0.003446, 0.003085, 0.002757, 0.002460, 0.002194, 0.001957, 0.001748, 0.001566, 0.001409, 0.001277, 0.001168, 0.001082, 0.001019, 0.000976, 0.000955
0.001013, 0.001035, 0.001080, 0.001147, 0.001238, 0.001354, 0.001494, 0.001660, 0.001853, 0.002075, 0.002326, 0.002608, 0.002923, 0.003271, 0.003654, 0.004072, 0.004528, 0.005021, 0.005553, 0.006124, 0.006732, 0.007380, 0.008064, 0.008785, 0.009540, 0.010328, 0.011146, 0.011991, 0.012860, 0.013747, 0.014649, 0.015562, 0.016478, 0.017393, 0.018301, 0.019195, 0.020069, 0.020916, 0.021730, 0.022503, 0.023231, 0.023905, 0.024521, 0.025073, 0.025556, 0.025966, 0.026299, 0.026551, 0.026720, 0.026805, 0.026805, 0.026720, 0.026551, 0.026299, 0.025966, 0.025556, 0.025073, 0.024521, 0.023905, 0.023231, 0.022503, 0.021730, 0.020916, 0.020069, 0.019195, 0.018301, 0.017393, 0.016478, 0.015562, 0.014650, 0.013747, 0.012860, 0.011991, 0.011147, 0.010328, 0.009540, 0.008785, 0.008064, 0.007380, 0.006733, 0.006124, 0.005553, 0.005022, 0.004528, 0.004072, 0.003654, 0.003271, 0.002923, 0.002608, 0.002326, 0.002075, 0.001853, 0.001660, 0.001494, 0.001354, 0.001238, 0.001147, 0.001080, 0.001035, 0.001013
0.001101, 0.001126, 0.001174, 0.001248, 0.001347, 0.001472, 0.001625, 0.001806, 0.002016, 0.002257, 0.002530, 0.002837, 0.003179, 0.003558, 0.003974, 0.004430, 0.004925, 0.005462, 0.006041, 0.006661, 0.007323, 0.008027, 0.008772, 0.009556, 0.010378, 0.011235, 0.012125, 0.013044, 0.013989, 0.014954, 0.015936, 0.016928, 0.017925, 0.018921, 0.019908, 0.020881, 0.021832, 0.022753, 0.023638, 0.024480, 0.025271, 0.026005, 0.026675, 0.027276, 0.027801, 0.028247, 0.028609, 0.028883, 0.029067, 0.029160, 0.029160, 0.029067, 0.028883, 0.028609, 0.028247, 0.027801, 0.027276, 0.026675, 0.026005, 0.025271, 0.024480, 0.023638, 0.022753, 0.021832, 0.020881, 0.019908, 0.018921, 0.017925, 0.016928, 0.015936, 0.014954, 0.013989, 0.013044, 0.012125, 0.011235, 0.010378, 0.009556, 0.008772, 0.008027, 0.007323, 0.006661, 0.006041, 0.005462, 0.004925, 0.004430, 0.003974, 0.003558, 0.003179, 0.002837, 0.002530, 0.002257, 0.002016, 0.001806, 0.001625, 0.001472, 0.001347, 0.001248, 0.001174, 0.001126, 0.001101
0.001223, 0.001250, 0.001304, 0.001386, 0.001496, 0.001635, 0.001804, 0.002005, 0.002238, 0.002506, 0.002809, 0.003150, 0.003530, 0.003950, 0.004413, 0.004919, 0.005469, 0.006065, 0.006708, 0.007397, 0.008132, 0.008914, 0.009741, 0.010611, 0.011524, 0.012476, 0.013464, 0.014485, 0.015534, 0.016606, 0.017696, 0.018798, 0.019905, 0.021010, 0.022107, 0.023187, 0.024243, 0.025266, 0.026249, 0.027184, 0.028062, 0.028877, 0.029622, 0.030289, 0.030872, 0.031367, 0.031769, 0.032073, 0.032278, 0.032381, 0.032381, 0.032278, 0.032073, 0.031769, 0.031367, 0.030872, 0.030289, 0.029622, 0.028877, 0.028062, 0.027184, 0.026249, 0.025266, 0.024243, 0.023187, 0.022107, 0.021011, 0.019905, 0.018798, 0.017696, 0.016606, 0.015534, 0.014485, 0.013464, 0.012476, 0.011524, 0.010611, 0.009741, 0.008914, 0.008132, 0.007397, 0.006708, 0.006065, 0.005469, 0.004919, 0.004413, 0.003950, 0.003530, 0.003150, 0.002809, 0.002506, 0.002238, 0.002005, 0.001804, 0.001635, 0.001496, 0.001386, 0.001304, 0.001250, 0.001223
0.001379, 0.001409, 0.001470, 0.001563, 0.001687, 0.001843, 0.002034, 0.002261, 0.002524, 0.002826, 0.003168, 0.003552, 0.003981, 0.004455, 0.004976, 0.005547, 0.006167, 0.006839, 0.007564, 0.008341, 0.009170, 0.010052, 0.010984, 0.011966, 0.012995, 0.014069, 0.015183, 0.016334, 0.017517, 0.018726, 0.019955, 0.021198, 0.022446, 0.023693, 0.024930, 0.026148, 0.027338, 0.028492, 0.029601, 0.030655, 0.031645, 0.032564, 0.033404, 0.034156, 0.034814, 0.035372, 0.035825, 0.036169, 0.036399, 0.036515, 0.036515, 0.036400, 0.036169, 0.035825, 0.035372, 0.034814, 0.034156, 0.033404, 0.032564, 0.031645, 0.030655, 0.029601, 0.028492, 0.027338, 0.026148, 0.024930, 0.023693, 0.022446, 0.021198, 0.019955, 0.018726, 0.017517, 0.016334, 0.015183, 0.014069, 0.012995, 0.011966, 0.010984, 0.010052, 0.009170, 0.008341, 0.007564, 0.006839, 0.006167, 0.005547, 0.004976, 0.004455, 0.003981, 0.003552, 0.003168, 0.002826, 0.002524, 0.002261, 0.002034, 0.001843, 0.001687, 0.001563, 0.001470, 0.001409, 0.001379
0.001572, 0.001606, 0.001676, 0.001781, 0.001922, 0.002101, 0.002319, 0.002577, 0.002877, 0.003221, 0.003611, 0.004049, 0.004537, 0.005077, 0.005672, 0.006322, 0.007030, 0.007796, 0.008621, 0.009507, 0.010452, 0.011457, 0.012520, 0.013639, 0.014812, 0.016036, 0.017306, 0.018618, 0.019967, 0.021345, 0.022746, 0.024162, 0.025585, 0.027006, 0.028416, 0.029805, 0.031162, 0.032477, 0.033741, 0.034942, 0.036071, 0.037119, 0.038076, 0.038933, 0.039683, 0.040319, 0.040836, 0.041227, 0.041490, 0.041623, 0.041623, 0.041490, 0.041227, 0.040836, 0.040319, 0.039683, 0.038933, 0.038076, 0.037119, 0.036071, 0.034942, 0.033741, 0.032477, 0.031162, 0.029805, 0.028416, 0.027007, 0.025585, 0.024162, 0.022746, 0.021345, 0.019967, 0.018618, 0.017306, 0.016036, 0.014813, 0.013640, 0.012520, 0.011457, 0.010453, 0.009507, 0.008622, 0.007796, 0.007030, 0.006322, 0.005672, 0.005078, 0.004537, 0.004049, 0.003611, 0.003221, 0.002877, 0.002577, 0.002319, 0.002101, 0.001922, 0.001781, 0.001676, 0.001606, 0.001572
0.001804, 0.001844, 0.001924, 0.002044, 0.002206, 0.002412, 0.002661, 0.002957, 0.003302, 0.003697, 0.004144, 0.004647, 0.005207, 0.005828, 0.006510, 0.007256, 0.008068, 0.008948, 0.009895, 0.010912, 0.011997, 0.013150, 0.014370, 0.015655, 0.017001, 0.018405, 0.019863, 0.021369, 0.022917, 0.024498, 0.026107, 0.027732, 0.029366, 0.030997, 0.032615, 0.034208, 0.035766, 0.037276, 0.038726, 0.040105, 0.041401, 0.042603, 0.043701, 0.044685, 0.045547, 0.046277, 0.046869, 0.047319, 0.047621, 0.047773, 0.047773, 0.047621, 0.047319, 0.046869, 0.046277, 0.045547, 0.044686, 0.043702, 0.042603, 0.041401, 0.040105, 0.038726, 0.037276, 0.035766, 0.034208, 0.032615, 0.030997, 0.029366, 0.027732, 0.026107, 0.024499, 0.022917, 0.021369, 0.019863, 0.018406, 0.017001, 0.015655, 0.014370, 0.013150, 0.011997, 0.010912, 0.009895, 0.008948, 0.008068, 0.007256, 0.006510, 0.005828, 0.005207, 0.004647, 0.004144, 0.003697, 0.003302, 0.002957, 0.002661, 0.002412, 0.002206, 0.002044, 0.001924, 0.001844, 0.001804
0.002079, 0.002124, 0.002216, 0.002355, 0.002542, 0.002779, 0.003066, 0.003408, 0.003804, 0.004259, 0.004775, 0.005355, 0.006000, 0.006715, 0.007501, 0.008361, 0.009297, 0.010310, 0.011402, 0.012573, 0.013823, 0.015152, 0.016558, 0.018038, 0.019590, 0.021208, 0.022888, 0.024623, 0.026406, 0.028229, 0.030082, 0.031955, 0.033837, 0.035716, 0.037581, 0.039417, 0.041212, 0.042951, 0.044622, 0.046211, 0.047705, 0.049090, 0.050355, 0.051489, 0.052482, 0.053323, 0.054006, 0.054524, 0.054872, 0.055046, 0.055046, 0.054872, 0.054524, 0.054006, 0.053323, 0.052482, 0.051489, 0.050356, 0.049090, 0.047705, 0.046211, 0.044622, 0.042951, 0.041212, 0.039417, 0.037581, 0.035717, 0.033837, 0.031955, 0.030082, 0.028229, 0.026406, 0.024623, 0.022888, 0.021208, 0.019590, 0.018038, 0.016558, 0.015152, 0.013823, 0.012573, 0.011402, 0.010310, 0.009297, 0.008361, 0.007501, 0.006715, 0.006000, 0.005355, 0.004775, 0.004259, 0.003804, 0.003408, 0.003066, 0.002779, 0.002542, 0.002355, 0.002216, 0.002124, 0.002079
0.002399, 0.002452, 0.002558, 0.002719, 0.002934, 0.003207, 0.003539, 0.003933, 0.004391, 0.004916, 0.005512, 0.006180, 0.006926, 0.007750, 0.008658, 0.009650, 0.010730, 0.011900, 0.013160, 0.014512, 0.015955, 0.017489, 0.019111, 0.020820, 0.022610, 0.024478, 0.026417, 0.028420, 0.030478, 0.032582, 0.034720, 0.036882, 0.039055, 0.041224, 0.043376, 0.045495, 0.047567, 0.049575, 0.051503, 0.053337, 0.055061, 0.056660, 0.058120, 0.059429, 0.060574, 0.061545, 0.062334, 0.062931, 0.063333, 0.063535, 0.063535, 0.063333, 0.062931, 0.062334, 0.061546, 0.060574, 0.059429, 0.058121, 0.056660, 0.055061, 0.053337, 0.051503, 0.049575, 0.047567, 0.045495, 0.043376, 0.041224, 0.039055, 0.036882, 0.034720, 0.032582, 0.030478, 0.028420, 0.026417, 0.024478, 0.022611, 0.020820, 0.019111, 0.017489, 0.015955, 0.014512, 0.013160, 0.011900, 0.010730, 0.009650, 0.008658, 0.007750, 0.006926, 0.006180, 0.005512, 0.004916, 0.004391, 0.003933, 0.003539, 0.003207, 0.002934, 0.002719, 0.002558, 0.002452, 0.002399
0.002769, 0.002830, 0.002953, 0.003138, 0.003387, 0.003702, 0.004085, 0.004540, 0.005069, 0.005675, 0.006362, 0.007134, 0.007994, 0.008946, 0.009993, 0.011139, 0.012386, 0.013736, 0.015190, 0.016751, 0.018417, 0.020187, 0.022060, 0.024032, 0.026099, 0.028255, 0.030493, 0.032804, 0.035180, 0.037608, 0.040077, 0.042572, 0.045080, 0.047584, 0.050068, 0.052514, 0.054905, 0.057223, 0.059449, 0.061566, 0.063555, 0.065401, 0.067087, 0.068598, 0.069919, 0.071040, 0.071950, 0.072640, 0.073104, 0.073337, 0.073337, 0.073104, 0.072640, 0.071950, 0.071040, 0.069919, 0.068598, 0.067087, 0.065401, 0.063556, 0.061566, 0.059449, 0.057223, 0.054905, 0.052514, 0.050068, 0.047584, 0.045080, 0.042572, 0.040077, 0.037608, 0.035180, 0.032804, 0.030493, 0.028255, 0.026099, 0.024032, 0.022060, 0.020187, 0.018417, 0.016751, 0.015191, 0.013736, 0.012386, 0.011139, 0.009994, 0.008946, 0.007994, 0.007134, 0.006362, 0.005675, 0.005069, 0.004540, 0.004085, 0.003702, 0.003387, 0.003138, 0.002953, 0.002830, 0.002769
0.003193, 0.003264, 0.003405, 0.003618, 0.003905, 0.004269, 0.004711, 0.005235, 0.005844, 0.006543, 0.007336, 0.008226, 0.009217, 0.010315, 0.011523, 0.012844, 0.014281, 0.015838, 0.017515, 0.019314, 0.021235, 0.023276, 0.025435, 0.027709, 0.030092, 0.032578, 0.035159, 0.037824, 0.040563, 0.043363, 0.046209, 0.049086, 0.051978, 0.054865, 0.057729, 0.060549, 0.063306, 0.065978, 0.068545, 0.070986, 0.073280, 0.075408, 0.077352, 0.079094, 0.080618, 0.081910, 0.082959, 0.083755, 0.084289, 0.084558, 0.084558, 0.084289, 0.083755, 0.082959, 0.081910, 0.080618, 0.079094, 0.077352, 0.075408, 0.073280, 0.070986, 0.068545, 0.065979, 0.063306, 0.060549, 0.057729, 0.054865, 0.051978, 0.049087, 0.046209, 0.043363, 0.040563, 0.037824, 0.035159, 0.032578, 0.030092, 0.027709, 0.025435, 0.023276, 0.021235, 0.019314, 0.017515, 0.015838, 0.014281, 0.012844, 0.011523, 0.010315, 0.009217, 0.008226, 0.007336, 0.006543, 0.005844, 0.005235, 0.004711, 0.004269, 0.003905, 0.003618, 0.003405, 0.003264, 0.003193
0.003675, 0.003756, 0.003918, 0.004164, 0.004494, 0.004912, 0.005421, 0.006024, 0.006726, 0.007530, 0.008442, 0.009466, 0.010608, 0.011871, 0.013261, 0.014781, 0.016435, 0.018226, 0.020157, 0.022227, 0.024437, 0.026786, 0.029272, 0.031888, 0.034631, 0.037492, 0.040461, 0.043528, 0.046680, 0.049903, 0.053178, 0.056490, 0.059817, 0.063139, 0.066435, 0.069681, 0.072854, 0.075929, 0.078883, 0.081692, 0.084332, 0.086781, 0.089018, 0.091022, 0.092776, 0.094263, 0.095470, 0.096386, 0.097001, 0.097310, 0.097310, 0.097001, 0.096386, 0.095471, 0.094263, 0.092776, 0.091022, 0.089018, 0.086781, 0.084332, 0.081692, 0.078883, 0.075929, 0.072854, 0.069681, 0.066435, 0.063140, 0.059817, 0.056490, 0.053178, 0.049903, 0.046681, 0.043529, 0.040461, 0.037492, 0.034631, 0.031888, 0.029272, 0.026787, 0.024438, 0.022227, 0.020157, 0.018226, 0.016435, 0.014781, 0.013261, 0.011871, 0.010608, 0.009466, 0.008442, 0.007530, 0.006726, 0.006024, 0.005421, 0.004912, 0.004494, 0.004164, 0.003918, 0.003756, 0.003675
0.004219, 0.004312, 0.004498, 0.004780, 0.005160, 0.005639, 0.006223, 0.006916, 0.007721, 0.008644, 0.009691, 0.010867, 0.012177, 0.013628, 0.015223, 0.016968, 0.018867, 0.020924, 0.023140, 0.025516, 0.028054, 0.030750, 0.033603, 0.036607, 0.039755, 0.043039, 0.046448, 0.049970, 0.053588, 0.057287, 0.061047, 0.064849, 0.068668, 0.072482, 0.076266, 0.079992, 0.083634, 0.087164, 0.090555, 0.093780, 0.096811, 0.099622, 0.102190, 0.104491, 0.106504, 0.108212, 0.109597, 0.110648, 0.111354, 0.111709, 0.111709, 0.111354, 0.110648, 0.109597, 0.108212, 0.106504, 0.104491, 0.102190, 0.099622, 0.096811, 0.093780, 0.090556, 0.087164, 0.083634, 0.079992, 0.076266, 0.072483, 0.068668, 0.064849, 0.061048, 0.057287, 0.053588, 0.049970, 0.046449, 0.043040, 0.039756, 0.036607, 0.033603, 0.030751, 0.028054, 0.025516, 0.023140, 0.020924, 0.018867, 0.016968, 0.015223, 0.013628, 0.012178, 0.010867, 0.009691, 0.008645, 0.007721, 0.006916, 0.006223, 0.005639, 0.005160, 0.004780, 0.004498, 0.004312, 0.004219
0.004829, 0.004936, 0.005149, 0.005472, 0.005906, 0.006456, 0.007124, 0.007917, 0.008838, 0.009895, 0.011094, 0.012440, 0.013940, 0.015600, 0.017426, 0.019424, 0.021597, 0.023951, 0.026488, 0.029208, 0.032113, 0.035200, 0.038465, 0.041904, 0.045508, 0.049267, 0.053169, 0.057200, 0.061342, 0.065576, 0.069880, 0.074232, 0.078604, 0.082970, 0.087300, 0.091566, 0.095735, 0.099776, 0.103658, 0.107348, 0.110818, 0.114036, 0.116975, 0.119609, 0.121914, 0.123868, 0.125454, 0.126657, 0.127466, 0.127872, 0.127872, 0.127466, 0.126657, 0.125454, 0.123868, 0.121914, 0.119609, 0.116975, 0.114036, 0.110818, 0.107349, 0.103658, 0.099776, 0.095735, 0.091566, 0.087301, 0.082970, 0.078604, 0.074232, 0.069881, 0.065576, 0.061342, 0.057200, 0.053170, 0.049267, 0.045508, 0.041904, 0.038466, 0.035200, 0.032113, 0.029209, 0.026488, 0.023951, 0.021598, 0.019424, 0.017426, 0.015600, 0.013940, 0.012440, 0.011094, 0.009896, 0.008838, 0.007917, 0.007124, 0.006456, 0.005906, 0.005472, 0.005149, 0.004936, 0.004829
0.005511, 0.005632, 0.005876, 0.006244, 0.006740, 0.007367, 0.008130, 0.009034, 0.010086, 0.011292, 0.012659, 0.014195, 0.015907, 0.017801, 0.019885, 0.022165, 0.024645, 0.027331, 0.030226, 0.033330, 0.036645, 0.040167, 0.043893, 0.047817, 0.051930, 0.056219, 0.060672, 0.065271, 0.069998, 0.074829, 0.079741, 0.084706, 0.089695, 0.094677, 0.099619, 0.104486, 0.109243, 0.113855, 0.118284, 0.122496, 0.126454, 0.130127, 0.133481, 0.136486, 0.139116, 0.141346, 0.143156, 0.144529, 0.145451, 0.145915, 0.145915, 0.145451, 0.144529, 0.143156, 0.141346, 0.139116, 0.136486, 0.133481, 0.130127, 0.126455, 0.122496, 0.118284, 0.113855, 0.109244, 0.104486, 0.099619, 0.094677, 0.089696, 0.084706, 0.079741, 0.074829, 0.069998, 0.065272, 0.060672, 0.056219, 0.051930, 0.047817, 0.043894, 0.040167, 0.036645, 0.033330, 0.030226, 0.027331, 0.024645, 0.022165, 0.019885, 0.017801, 0.015907, 0.014195, 0.012659, 0.011292, 0.010086, 0.009034, 0.008130, 0.007367, 0.006740, 0.006244, 0.005876, 0.005632, 0.005511
0.006268, 0.006406, 0.006683, 0.007102, 0.007666, 0.008378, 0.009246, 0.010275, 0.011471, 0.012843, 0.014398, 0.016145, 0.018091, 0.020246, 0.022616, 0.025209, 0.028030, 0.031085, 0.034377, 0.037907, 0.041677, 0.045683, 0.049921, 0.054384, 0.059061, 0.063940, 0.069004, 0.074235, 0.079610, 0.085105, 0.090691, 0.096338, 0.102012, 0.107678, 0.113299, 0.118834, 0.124245, 0.129489, 0.134527, 0.139316, 0.143819, 0.147995, 0.151810, 0.155228, 0.158219, 0.160755, 0.162814, 0.164375, 0.165424, 0.165951, 0.165951, 0.165424, 0.164375, 0.162814, 0.160756, 0.158219, 0.155228, 0.151810, 0.147996, 0.143819, 0.139317, 0.134527, 0.129489, 0.124245, 0.118834, 0.113299, 0.107679, 0.102013, 0.096338, 0.090692, 0.085105, 0.079610, 0.074235, 0.069004, 0.063940, 0.059061, 0.054384, 0.049921, 0.045683, 0.041677, 0.037908, 0.034377, 0.031085, 0.028030, 0.025209, 0.022616, 0.020246, 0.018092, 0.016145, 0.014398, 0.012843, 0.011471, 0.010275, 0.009246, 0.008379, 0.007666, 0.007102, 0.006683, 0.006406, 0.006268
0.007104, 0.007261, 0.007575, 0.008050, 0.008688, 0.009496, 0.010480, 0.011646, 0.013002, 0.014556, 0.016319, 0.018299, 0.020505, 0.022947, 0.025633, 0.028572, 0.031770, 0.035232, 0.038963, 0.042965, 0.047237, 0.051778, 0.056581, 0.061639, 0.066940, 0.072470, 0.078210, 0.084138, 0.090231, 0.096458, 0.102790, 0.109190, 0.115621, 0.122043, 0.128413, 0.134687, 0.140819, 0.146763, 0.152473, 0.157901, 0.163004, 0.167738, 0.172061, 0.175935, 0.179325, 0.182200, 0.184533, 0.186302, 0.187491, 0.188088, 0.188088, 0.187491, 0.186302, 0.184533, 0.182200, 0.179325, 0.175935, 0.172061, 0.167738, 0.163005, 0.157902, 0.152473, 0.146763, 0.140819, 0.134687, 0.128413, 0.122043, 0.115622, 0.109190, 0.102790, 0.096459, 0.090231, 0.084139, 0.078210, 0.072470, 0.066940, 0.061639, 0.056582, 0.051778, 0.047238, 0.042965, 0.038963, 0.035232, 0.031770, 0.028572, 0.025634, 0.022947, 0.020505, 0.018299, 0.016319, 0.014557, 0.013002, 0.011646, 0.010480, 0.009497, 0.008688, 0.008050, 0.007575, 0.007261, 0.007104
0.008024, 0.008201, 0.008556, 0.009092, 0.009813, 0.010726, 0.011836, 0.013153, 0.014684, 0.016440, 0.018431, 0.020667, 0.023159, 0.025917, 0.028951, 0.032270, 0.035881, 0.039791, 0.044005, 0.048525, 0.053350, 0.058478, 0.063903, 0.069616, 0.075603, 0.081848, 0.088330, 0.095026, 0.101907, 0.108940, 0.116091, 0.123319, 0.130583, 0.137835, 0.145030, 0.152115, 0.159041, 0.165754, 0.172202, 0.178333, 0.184096, 0.189442, 0.194324, 0.198699, 0.202528, 0.205775, 0.208410, 0.210408, 0.211751, 0.212426, 0.212426, 0.211751, 0.210408, 0.208410, 0.205775, 0.202528, 0.198700, 0.194324, 0.189442, 0.184096, 0.178333, 0.172202, 0.165754, 0.159041, 0.152116, 0.145030, 0.137836, 0.130583, 0.123320, 0.116091, 0.108941, 0.101907, 0.095026, 0.088331, 0.081848, 0.075603, 0.069616, 0.063904, 0.058479, 0.053351, 0.048525, 0.044006, 0.039792, 0.035881, 0.032270, 0.028951, 0.025917, 0.023159, 0.020667, 0.018431, 0.016440, 0.014684, 0.013153, 0.011836, 0.010726, 0.009813, 0.009092, 0.008556, 0.008201, 0.008024
0.009030, 0.009229, 0.009628, 0.010231, 0.011043, 0.012070, 0.013320, 0.014802, 0.016525, 0.018501, 0.020742, 0.023258, 0.026062, 0.029166, 0.032580, 0.036315, 0.040379, 0.044779, 0.049521, 0.054608, 0.060038, 0.065809, 0.071914, 0.078342, 0.085079, 0.092107, 0.099402, 0.106937, 0.114680, 0.122595, 0.130642, 0.138776, 0.146950, 0.155112, 0.163207, 0.171181, 0.178974, 0.186528, 0.193785, 0.200684, 0.207170, 0.213186, 0.218680, 0.223604, 0.227912, 0.231566, 0.234531, 0.236780, 0.238291, 0.239050, 0.239050, 0.238291, 0.236780, 0.234531, 0.231566, 0.227912, 0.223604, 0.218680, 0.213186, 0.207170, 0.200685, 0.193785, 0.186529, 0.178975, 0.171181, 0.163208, 0.155112, 0.146950, 0.138777, 0.130643, 0.122596, 0.114681, 0.106937, 0.099402, 0.092107, 0.085080, 0.078342, 0.071914, 0.065809, 0.060038, 0.054608, 0.049522, 0.044780, 0.040379, 0.036315, 0.032580, 0.029166, 0.026062, 0.023258, 0.020742, 0.018502, 0.016525, 0.014802, 0.013320, 0.012070, 0.011043, 0.010231, 0.009628, 0.009229, 0.009030
0.010125, 0.010348, 0.010796, 0.011472, 0.012383, 0.013534, 0.014935, 0.016597, 0.018529, 0.020745, 0.023257, 0.026079, 0.029223, 0.032703, 0.036531, 0.040718, 0.045275, 0.050209, 0.055526, 0.061229, 0.067318, 0.073788, 0.080634, 0.087841, 0.095395, 0.103275, 0.111455, 0.119903, 0.128585, 0.137460, 0.146482, 0.155603, 0.164767, 0.173918, 0.182995, 0.191935, 0.200674, 0.209144, 0.217280, 0.225016, 0.232288, 0.239033, 0.245194, 0.250714, 0.255545, 0.259642, 0.262966, 0.265488, 0.267182, 0.268034, 0.268034, 0.267182, 0.265488, 0.262967, 0.259642, 0.255545, 0.250715, 0.245194, 0.239034, 0.232288, 0.225017, 0.217281, 0.209145, 0.200674, 0.191936, 0.182996, 0.173919, 0.164768, 0.155603, 0.146483, 0.137461, 0.128586, 0.119904, 0.111455, 0.103276, 0.095396, 0.087842, 0.080634, 0.073789, 0.067318, 0.061230, 0.055527, 0.050210, 0.045276, 0.040719, 0.036531, 0.032703, 0.029223, 0.026079, 0.023257, 0.020745, 0.018529, 0.016597, 0.014936, 0.013534, 0.012383, 0.011472, 0.010796, 0.010348, 0.010125
0.011312, 0.011561, 0.012061, 0.012816, 0.013833, 0.015120, 0.016685, 0.018541, 0.020700, 0.023176, 0.025982, 0.029134, 0.032646, 0.036534, 0.040811, 0.045489, 0.050579, 0.056091, 0.062031, 0.068402, 0.075204, 0.082433, 0.090079, 0.098131, 0.106570, 0.115373, 0.124511, 0.133949, 0.143648, 0.153562, 0.163641, 0.173829, 0.184067, 0.194290, 0.204430, 0.214418, 0.224180, 0.233642, 0.242731, 0.251373, 0.259497, 0.267032, 0.273914, 0.280081, 0.285478, 0.290055, 0.293769, 0.296585, 0.298478, 0.299429, 0.299429, 0.298478, 0.296586, 0.293769, 0.290055, 0.285478, 0.280082, 0.273915, 0.267033, 0.259497, 0.251374, 0.242732, 0.233643, 0.224180, 0.214418, 0.204431, 0.194291, 0.184068, 0.173830, 0.163642, 0.153563, 0.143648, 0.133949, 0.124511, 0.115374, 0.106571, 0.098132, 0.090080, 0.082433, 0.075204, 0.068403, 0.062032, 0.056092, 0.050580, 0.045489, 0.040811, 0.036534, 0.032647, 0.029134, 0.025982, 0.023176, 0.020700, 0.018541, 0.016686, 0.015120, 0.013833, 0.012816, 0.012061, 0.011561, 0.011312
0.012590, 0.012868, 0.013424, 0.014265, 0.015397, 0.016829, 0.018572, 0.020637, 0.023040, 0.025795, 0.028919, 0.032427, 0.036337, 0.040664, 0.045424, 0.050630, 0.056296, 0.062431, 0.069043, 0.076134, 0.083704, 0.091750, 0.100261, 0.109223, 0.118615, 0.128413, 0.138583, 0.149088, 0.159882, 0.170917, 0.182135, 0.193475, 0.204870, 0.216248, 0.227534, 0.238651, 0.249515, 0.260047, 0.270163, 0.279782, 0.288824, 0.297211, 0.304871, 0.311735, 0.317741, 0.322835, 0.326969, 0.330104, 0.332211, 0.333269, 0.333269, 0.332211, 0.330104, 0.326969, 0.322835, 0.317741, 0.311735, 0.304871, 0.297211, 0.288824, 0.279783, 0.270164, 0.260048, 0.249516, 0.238651, 0.227535, 0.216249, 0.204870, 0.193476, 0.182136, 0.170917, 0.159883, 0.149088, 0.138584, 0.128413, 0.118616, 0.109223, 0.100261, 0.091750, 0.083705, 0.076134, 0.069043, 0.062432, 0.056297, 0.050631, 0.045424, 0.040664, 0.036337, 0.032427, 0.028919, 0.025796, 0.023040, 0.020637, 0.018572, 0.016829, 0.015397, 0.014265, 0.013424, 0.012868, 0.012590
0.013962, 0.014269, 0.014887, 0.015819, 0.017074, 0.018662, 0.020594, 0.022885, 0.025550, 0.028605, 0.032069, 0.035959, 0.040294, 0.045092, 0.050371, 0.056145, 0.062428, 0.069231, 0.076562, 0.084425, 0.092820, 0.101741, 0.111179, 0.121117, 0.131533, 0.142397, 0.153674, 0.165323, 0.177293, 0.189529, 0.201969, 0.214543, 0.227179, 0.239796, 0.252312, 0.264638, 0.276686, 0.288365, 0.299583, 0.310249, 0.320275, 0.329575, 0.338069, 0.345680, 0.352341, 0.357989, 0.362573, 0.366050, 0.368386, 0.369559, 0.369559, 0.368386, 0.366050, 0.362573, 0.357989, 0.352341, 0.345681, 0.338069, 0.329576, 0.320275, 0.310249, 0.299583, 0.288366, 0.276687, 0.264639, 0.252313, 0.239797, 0.227180, 0.214544, 0.201970, 0.189530, 0.177294, 0.165323, 0.153675, 0.142398, 0.131533, 0.121118, 0.111180, 0.101742, 0.092820, 0.084426, 0.076562, 0.069231, 0.062428, 0.056145, 0.050371, 0.045093, 0.040294, 0.035959, 0.032069, 0.028605, 0.025550, 0.022885, 0.020595, 0.018662, 0.017075, 0.015819, 0.014887, 0.014269, 0.013962
0.015425, 0.015765, 0.016447, 0.017477, 0.018864, 0.020618, 0.022753, 0.025284, 0.028227, 0.031603, 0.035429, 0.039727, 0.044517, 0.049818, 0.055649, 0.062028, 0.068969, 0.076485, 0.084585, 0.093272, 0.102546, 0.112402, 0.122829, 0.133808, 0.145315, 0.157317, 0.169776, 0.182645, 0.195869, 0.209387, 0.223130, 0.237023, 0.250982, 0.264921, 0.278748, 0.292366, 0.305676, 0.318578, 0.330971, 0.342755, 0.353831, 0.364106, 0.373489, 0.381898, 0.389257, 0.395497, 0.400561, 0.404402, 0.406982, 0.408279, 0.408279, 0.406983, 0.404402, 0.400561, 0.395497, 0.389257, 0.381899, 0.373490, 0.364107, 0.353832, 0.342756, 0.330972, 0.318579, 0.305677, 0.292367, 0.278749, 0.264922, 0.250983, 0.237023, 0.223131, 0.209388, 0.195870, 0.182646, 0.169777, 0.157318, 0.145316, 0.133809, 0.122830, 0.112403, 0.102547, 0.093272, 0.084585, 0.076486, 0.068970, 0.062028, 0.055650, 0.049818, 0.044517, 0.039728, 0.035430, 0.031603, 0.028228, 0.025284, 0.022753, 0.020618, 0.018864, 0.017477, 0.016447, 0.015765, 0.015425
0.016978, 0.017352, 0.018103, 0.019237, 0.020763, 0.022694, 0.025044, 0.027829, 0.031069, 0.034785, 0.038996, 0.043727, 0.048999, 0.054833, 0.061252, 0.068273, 0.075913, 0.084185, 0.093100, 0.102661, 0.112869, 0.123718, 0.135194, 0.147278, 0.159943, 0.173153, 0.186866, 0.201031, 0.215586, 0.230465, 0.245591, 0.260882, 0.276246, 0.291589, 0.306807, 0.321796, 0.336446, 0.350647, 0.364287, 0.377257, 0.389448, 0.400757, 0.411085, 0.420340, 0.428439, 0.435307, 0.440881, 0.445108, 0.447949, 0.449376, 0.449376, 0.447949, 0.445108, 0.440881, 0.435307, 0.428439, 0.420340, 0.411085, 0.400757, 0.389448, 0.377257, 0.364288, 0.350647, 0.336447, 0.321797, 0.306808, 0.291590, 0.276247, 0.260883, 0.245592, 0.230466, 0.215587, 0.201032, 0.186867, 0.173154, 0.159944, 0.147279, 0.135195, 0.123719, 0.112870, 0.102662, 0.093101, 0.084186, 0.075913, 0.068273, 0.061252, 0.054834, 0.048999, 0.043727, 0.038997, 0.034785, 0.031070, 0.027829, 0.025044, 0.022694, 0.020763, 0.019237, 0.018103, 0.017352, 0.016978
0.018618, 0.019028, 0.019852, 0.021095, 0.022769, 0.024886, 0.027463, 0.030517, 0.034070, 0.038144, 0.042763, 0.047950, 0.053731, 0.060129, 0.067167, 0.074866, 0.083244, 0.092315, 0.102090, 0.112575, 0.123768, 0.135664, 0.148249, 0.161499, 0.175387, 0.189873, 0.204910, 0.220442, 0.236403, 0.252718, 0.269305, 0.286072, 0.302920, 0.319743, 0.336431, 0.352867, 0.368931, 0.384503, 0.399460, 0.413682, 0.427050, 0.439451, 0.450776, 0.460925, 0.469805, 0.477337, 0.483449, 0.488084, 0.491199, 0.492764, 0.492764, 0.491199, 0.488084, 0.483449, 0.477337, 0.469806, 0.460925, 0.450777, 0.439452, 0.427051, 0.413683, 0.399461, 0.384504, 0.368932, 0.352868, 0.336432, 0.319744, 0.302921, 0.286073, 0.269306, 0.252719, 0.236404, 0.220443, 0.204911, 0.189874, 0.175387, 0.161500, 0.148249, 0.135665, 0.123769, 0.112576, 0.102091, 0.092316, 0.083244, 0.074866, 0.067167, 0.060129, 0.053731, 0.047950, 0.042763, 0.038144, 0.034070, 0.030517, 0.027463, 0.024886, 0.022769, 0.021095, 0.019852, 0.019028, 0.018618
0.020340, 0.020788, 0.021688, 0.023046, 0.024875, 0.027188, 0.030002, 0.033339, 0.037221, 0.041672, 0.046717, 0.052384, 0.058699, 0.065689, 0.073378, 0.081789, 0.090941, 0.100851, 0.111530, 0.122984, 0.135213, 0.148208, 0.161956, 0.176431, 0.191603, 0.207429, 0.223856, 0.240824, 0.258261, 0.276084, 0.294205, 0.312522, 0.330927, 0.349306, 0.367536, 0.385492, 0.403041, 0.420053, 0.436393, 0.451929, 0.466533, 0.480080, 0.492452, 0.503539, 0.513241, 0.521468, 0.528145, 0.533209, 0.536612, 0.538321, 0.538321, 0.536612, 0.533209, 0.528146, 0.521469, 0.513242, 0.503540, 0.492453, 0.480081, 0.466534, 0.451930, 0.436394, 0.420054, 0.403042, 0.385493, 0.367538, 0.349307, 0.330928, 0.312523, 0.294206, 0.276085, 0.258262, 0.240825, 0.223857, 0.207430, 0.191604, 0.176432, 0.161956, 0.148209, 0.135214, 0.122985, 0.111531, 0.100852, 0.090942, 0.081789, 0.073379, 0.065690, 0.058700, 0.052385, 0.046717, 0.041672, 0.037221, 0.033340, 0.030003, 0.027188, 0.024875, 0.023046, 0.021688, 0.020788, 0.020340
0.022138, 0.022626, 0.023605, 0.025083, 0.027074, 0.029591, 0.032655, 0.036286, 0.040511, 0.045355, 0.050846, 0.057014, 0.063888, 0.071495, 0.079864, 0.089018, 0.098979, 0.109764, 0.121387, 0.133853, 0.147162, 0.161306, 0.176268, 0.192023, 0.208536, 0.225760, 0.243639, 0.262106, 0.281084, 0.300482, 0.320204, 0.340140, 0.360171, 0.380174, 0.400016, 0.419557, 0.438658, 0.457172, 0.474956, 0.491865, 0.507760, 0.522504, 0.535969, 0.548036, 0.558594, 0.567549, 0.574816, 0.580327, 0.584031, 0.585891, 0.585891, 0.584031, 0.580327, 0.574816, 0.567549, 0.558595, 0.548036, 0.535970, 0.522505, 0.507761, 0.491866, 0.474957, 0.457173, 0.438659, 0.419559, 0.400017, 0.380176, 0.360173, 0.340141, 0.320205, 0.300484, 0.281085, 0.262107, 0.243640, 0.225761, 0.208537, 0.192024, 0.176269, 0.161307, 0.147163, 0.133854, 0.121388, 0.109765, 0.098979, 0.089018, 0.079864, 0.071496, 0.063888, 0.057015, 0.050847, 0.045355, 0.040511, 0.036287, 0.032655, 0.029591, 0.027074, 0.025083, 0.023605, 0.022626, 0.022138
0.024005, 0.024534, 0.025595, 0.027198, 0.029356, 0.032086, 0.035408, 0.039346, 0.043927, 0.049179, 0.055133, 0.061821, 0.069274, 0.077523, 0.086596, 0.096522, 0.107323, 0.119018, 0.131620, 0.145137, 0.159568, 0.174904, 0.191127, 0.208211, 0.226115, 0.244791, 0.264177, 0.284201, 0.304778, 0.325812, 0.347195, 0.368811, 0.390532, 0.412220, 0.433734, 0.454923, 0.475633, 0.495708, 0.514990, 0.533325, 0.550559, 0.566546, 0.581146, 0.594229, 0.605678, 0.615387, 0.623266, 0.629242, 0.633258, 0.635275, 0.635275, 0.633258, 0.629243, 0.623267, 0.615388, 0.605679, 0.594230, 0.581146, 0.566546, 0.550560, 0.533326, 0.514991, 0.495709, 0.475634, 0.454924, 0.433735, 0.412222, 0.390533, 0.368813, 0.347197, 0.325813, 0.304779, 0.284202, 0.264178, 0.244792, 0.226116, 0.208212, 0.191128, 0.174905, 0.159568, 0.145138, 0.131621, 0.119019, 0.107324, 0.096523, 0.086597, 0.077523, 0.069275, 0.061822, 0.055134, 0.049179, 0.043927, 0.039346, 0.035408, 0.032086, 0.029357, 0.027199, 0.025595, 0.024534, 0.024005
0.025932, 0.026503, 0.027649, 0.029381, 0.031712, 0.034661, 0.038249, 0.042503, 0.047452, 0.053125, 0.059558, 0.066782, 0.074833, 0.083743, 0.093545, 0.104267, 0.115934, 0.128567, 0.142180, 0.156781, 0.172370, 0.188937, 0.206462, 0.224916, 0.244256, 0.264430, 0.285372, 0.307002, 0.329230, 0.351951, 0.375050, 0.398400, 0.421863, 0.445291, 0.468531, 0.491419, 0.513790, 0.535476, 0.556305, 0.576110, 0.594727, 0.611996, 0.627767, 0.641900, 0.654267, 0.664755, 0.673267, 0.679722, 0.684060, 0.686239, 0.686239, 0.684060, 0.679722, 0.673267, 0.664756, 0.654268, 0.641901, 0.627768, 0.611997, 0.594728, 0.576111, 0.556306, 0.535477, 0.513792, 0.491420, 0.468532, 0.445293, 0.421864, 0.398401, 0.375052, 0.351952, 0.329231, 0.307003, 0.285373, 0.264432, 0.244258, 0.224917, 0.206463, 0.188938, 0.172371, 0.156782, 0.142181, 0.128568, 0.115935, 0.104268, 0.093546, 0.083744, 0.074833, 0.066782, 0.059558, 0.053126, 0.047452, 0.042504, 0.038250, 0.034661, 0.031713, 0.029381, 0.027650, 0.026503, 0.025932
0.027908, 0.028522, 0.029756, 0.031620, 0.034129, 0.037302, 0.041164, 0.045742, 0.051067, 0.057173, 0.064095, 0.071870, 0.080534, 0.090123, 0.100672, 0.112210, 0.124766, 0.138361, 0.153011, 0.168725, 0.185501, 0.203329, 0.222190, 0.242049, 0.262863, 0.284573, 0.307110, 0.330388, 0.354308, 0.378760, 0.403619, 0.428747, 0.453997, 0.479210, 0.504219, 0.528850, 0.552926, 0.576263, 0.598679, 0.619992, 0.640027, 0.658611, 0.675583, 0.690792, 0.704101, 0.715388, 0.724548, 0.731494, 0.736163, 0.738508, 0.738508, 0.736163, 0.731495, 0.724548, 0.715389, 0.704102, 0.690793, 0.675584, 0.658612, 0.640028, 0.619993, 0.598680, 0.576264, 0.552927, 0.528852, 0.504220, 0.479211, 0.453998, 0.428749, 0.403620, 0.378762, 0.354310, 0.330389, 0.307111, 0.284575, 0.262864, 0.242050, 0.222191, 0.203331, 0.185502, 0.168726, 0.153012, 0.138362, 0.124767, 0.112211, 0.100672, 0.090124, 0.080535, 0.071870, 0.064096, 0.057173, 0.051067, 0.045742, 0.041164, 0.037302, 0.034129, 0.031620, 0.029756, 0.028522, 0.027908
0.029922, 0.030580, 0.031903, 0.033902, 0.036591, 0.039994, 0.044134, 0.049042, 0.054752, 0.061298, 0.068719, 0.077055, 0.086344, 0.096625, 0.107934, 0.120305, 0.133766, 0.148342, 0.164049, 0.180896, 0.198882, 0.217996, 0.238217, 0.259508, 0.281823, 0.305100, 0.329262, 0.354219, 0.379864, 0.406080, 0.432731, 0.459672, 0.486742, 0.513774, 0.540586, 0.566994, 0.592806, 0.617826, 0.641859, 0.664709, 0.686188, 0.706113, 0.724309, 0.740615, 0.754884, 0.766985, 0.776805, 0.784253, 0.789257, 0.791772, 0.791772, 0.789258, 0.784253, 0.776805, 0.766986, 0.754885, 0.740616, 0.724310, 0.706114, 0.686190, 0.664710, 0.641860, 0.617828, 0.592808, 0.566996, 0.540588, 0.513775, 0.486744, 0.459673, 0.432733, 0.406081, 0.379866, 0.354220, 0.329264, 0.305102, 0.281825, 0.259510, 0.238218, 0.217998, 0.198883, 0.180897, 0.164050, 0.148343, 0.133767, 0.120306, 0.107935, 0.096625, 0.086345, 0.077055, 0.068720, 0.061298, 0.054752, 0.049042, 0.044134, 0.039994, 0.036592, 0.033902, 0.031904, 0.030581, 0.029922
0.031960, 0.032664, 0.034077, 0.036211, 0.039084, 0.042718, 0.047140, 0.052383, 0.058481, 0.065473, 0.073400, 0.082303, 0.092225, 0.103206, 0.115285, 0.128498, 0.142876, 0.158445, 0.175221, 0.193215, 0.212426, 0.232842, 0.254440, 0.277181, 0.301016, 0.325877, 0.351684, 0.378340, 0.405732, 0.433732, 0.462199, 0.490973, 0.519887, 0.548759, 0.577397, 0.605603, 0.633173, 0.659896, 0.685565, 0.709971, 0.732913, 0.754194, 0.773629, 0.791045, 0.806285, 0.819210, 0.829699, 0.837654, 0.842999, 0.845685, 0.845685, 0.842999, 0.837654, 0.829699, 0.819211, 0.806286, 0.791046, 0.773630, 0.754195, 0.732914, 0.709973, 0.685566, 0.659898, 0.633175, 0.605605, 0.577398, 0.548761, 0.519889, 0.490975, 0.462200, 0.433734, 0.405734, 0.378342, 0.351686, 0.325879, 0.301017, 0.277183, 0.254441, 0.232844, 0.212427, 0.193217, 0.175222, 0.158446, 0.142877, 0.128499, 0.115286, 0.103206, 0.092225, 0.082304, 0.073401, 0.065474, 0.058481, 0.052383, 0.047141, 0.042718, 0.039084, 0.036211, 0.034077, 0.032664, 0.031960
0.034009, 0.034758, 0.036261, 0.038532, 0.041589, 0.045456, 0.050162, 0.055740, 0.062229, 0.069670, 0.078104, 0.087578, 0.098135, 0.109820, 0.122673, 0.136733, 0.152032, 0.168598, 0.186450, 0.205597, 0.226039, 0.247763, 0.270744, 0.294943, 0.320305, 0.346759, 0.374220, 0.402583, 0.431730, 0.461524, 0.491814, 0.522433, 0.553199, 0.583920, 0.614394, 0.644407, 0.673742, 0.702177, 0.729491, 0.755461, 0.779872, 0.802516, 0.823196, 0.841729, 0.857945, 0.871698, 0.882858, 0.891323, 0.897011, 0.899868, 0.899868, 0.897011, 0.891323, 0.882859, 0.871698, 0.857946, 0.841730, 0.823198, 0.802518, 0.779873, 0.755462, 0.729492, 0.702179, 0.673744, 0.644409, 0.614395, 0.583922, 0.553201, 0.522435, 0.491816, 0.461526, 0.431732, 0.402585, 0.374221, 0.346761, 0.320306, 0.294944, 0.270746, 0.247765, 0.226040, 0.205598, 0.186451, 0.168599, 0.152033, 0.136734, 0.122674, 0.109821, 0.098136, 0.087579, 0.078105, 0.069670, 0.062230, 0.055741, 0.050162, 0.045456, 0.041590, 0.038533, 0.036261, 0.034758, 0.034009
0.036053, 0.036846, 0.038440, 0.040848, 0.044089, 0.048188, 0.053176, 0.059090, 0.065968, 0.073856, 0.082797, 0.092840, 0.104031, 0.116418, 0.130042, 0.144947, 0.161166, 0.178727, 0.197651, 0.217948, 0.239618, 0.262647, 0.287008, 0.312660, 0.339545, 0.367589, 0.396699, 0.426766, 0.457663, 0.489247, 0.521356, 0.553813, 0.586427, 0.618994, 0.651297, 0.683113, 0.714210, 0.744353, 0.773306, 0.800836, 0.826713, 0.850717, 0.872639, 0.892284, 0.909475, 0.924053, 0.935884, 0.944857, 0.950886, 0.953915, 0.953916, 0.950887, 0.944857, 0.935885, 0.924054, 0.909476, 0.892285, 0.872641, 0.850719, 0.826715, 0.800837, 0.773308, 0.744354, 0.714212, 0.683115, 0.651299, 0.618996, 0.586429, 0.553815, 0.521358, 0.489249, 0.457665, 0.426768, 0.396700, 0.367590, 0.339547, 0.312662, 0.287010, 0.262648, 0.239619, 0.217949, 0.197652, 0.178728, 0.161167, 0.144948, 0.130043, 0.116418, 0.104032, 0.092840, 0.082798, 0.073856, 0.065969, 0.059090, 0.053176, 0.048188, 0.044089, 0.040848, 0.038441, 0.036847, 0.036053
0.038075, 0.038913, 0.040597, 0.043139, 0.046562, 0.050891, 0.056159, 0.062404, 0.069668, 0.077998, 0.087441, 0.098047, 0.109865, 0.122946, 0.137335, 0.153075, 0.170204, 0.188750, 0.208735, 0.230170, 0.253054, 0.277375, 0.303102, 0.330192, 0.358585, 0.388200, 0.418942, 0.450695, 0.483325, 0.516679, 0.550588, 0.584865, 0.619307, 0.653699, 0.687814, 0.721413, 0.754253, 0.786086, 0.816662, 0.845735, 0.873063, 0.898413, 0.921564, 0.942310, 0.960464, 0.975860, 0.988354, 0.997829, 1.004197, 1.007396, 1.007396, 1.004197, 0.997830, 0.988354, 0.975861, 0.960465, 0.942311, 0.921565, 0.898414, 0.873065, 0.845737, 0.816664, 0.786088, 0.754255, 0.721415, 0.687816, 0.653701, 0.619309, 0.584867, 0.550590, 0.516681, 0.483327, 0.450697, 0.418944, 0.388202, 0.358586, 0.330194, 0.303104, 0.277376, 0.253056, 0.230171, 0.208736, 0.188751, 0.170205, 0.153076, 0.137336, 0.122947, 0.109866, 0.098047, 0.087441, 0.077999, 0.069669, 0.062404, 0.056159, 0.050891, 0.046562, 0.043140, 0.040597, 0.038914, 0.038075
0.040059, 0.040941, 0.042712, 0.045387, 0.048988, 0.053542, 0.059085, 0.065655, 0.073298, 0.082062, 0.091996, 0.103155, 0.115589, 0.129351, 0.144490, 0.161050, 0.179070, 0.198582, 0.219608, 0.242160, 0.266236, 0.291823, 0.318890, 0.347391, 0.377262, 0.408420, 0.440763, 0.474169, 0.508498, 0.543590, 0.579264, 0.615326, 0.651562, 0.687745, 0.723636, 0.758985, 0.793535, 0.827025, 0.859194, 0.889781, 0.918532, 0.945202, 0.969558, 0.991385, 1.010484, 1.026681, 1.039826, 1.049795, 1.056494, 1.059860, 1.059860, 1.056494, 1.049795, 1.039826, 1.026682, 1.010485, 0.991386, 0.969559, 0.945203, 0.918533, 0.889783, 0.859196, 0.827027, 0.793537, 0.758987, 0.723638, 0.687747, 0.651564, 0.615328, 0.579267, 0.543592, 0.508500, 0.474171, 0.440765, 0.408422, 0.377264, 0.347393, 0.318892, 0.291824, 0.266238, 0.242161, 0.219609, 0.198583, 0.179071, 0.161051, 0.144491, 0.129352, 0.115590, 0.103155, 0.091997, 0.082062, 0.073299, 0.065656, 0.059085, 0.053543, 0.048988, 0.045388, 0.042712, 0.040941, 0.040059
0.041988, 0.042912, 0.044768, 0.047572, 0.051346, 0.056119, 0.061929, 0.068815, 0.076826, 0.086011, 0.096424, 0.108119, 0.121151, 0.135575, 0.151442, 0.168799, 0.187687, 0.208137, 0.230175, 0.253811, 0.279046, 0.305864, 0.334233, 0.364106, 0.395413, 0.428070, 0.461969, 0.496982, 0.532962, 0.569742, 0.607133, 0.644929, 0.682908, 0.720832, 0.758449, 0.795498, 0.831710, 0.866811, 0.900527, 0.932585, 0.962718, 0.990671, 1.016199, 1.039075, 1.059093, 1.076070, 1.089846, 1.100295, 1.107316, 1.110844, 1.110844, 1.107316, 1.100295, 1.089847, 1.076070, 1.059094, 1.039077, 1.016200, 0.990672, 0.962720, 0.932587, 0.900529, 0.866813, 0.831712, 0.795500, 0.758451, 0.720834, 0.682910, 0.644931, 0.607135, 0.569744, 0.532965, 0.496984, 0.461971, 0.428072, 0.395415, 0.364108, 0.334235, 0.305866, 0.279048, 0.253813, 0.230176, 0.208139, 0.187688, 0.168800, 0.151443, 0.135576, 0.121152, 0.108119, 0.096424, 0.086012, 0.076827, 0.068816, 0.061929, 0.056120, 0.051346, 0.047572, 0.044769, 0.042912, 0.041988
0.043843, 0.044808, 0.046746, 0.049674, 0.053614, 0.058598, 0.064664, 0.071855, 0.080219, 0.089810, 0.100682, 0.112893, 0.126501, 0.141562, 0.158130, 0.176253, 0.195974, 0.217328, 0.240338, 0.265018, 0.291367, 0.319369, 0.348991, 0.380182, 0.412871, 0.446970, 0.482365, 0.518923, 0.556492, 0.594894, 0.633936, 0.673401, 0.713056, 0.752653, 0.791931, 0.830615, 0.868426, 0.905076, 0.940280, 0.973753, 1.005216, 1.034402, 1.061057, 1.084943, 1.105845, 1.123570, 1.137955, 1.148865, 1.156196, 1.159880, 1.159880, 1.156197, 1.148865, 1.137956, 1.123571, 1.105846, 1.084944, 1.061059, 1.034404, 1.005218, 0.973755, 0.940282, 0.905078, 0.868428, 0.830618, 0.791933, 0.752656, 0.713058, 0.673403, 0.633938, 0.594897, 0.556494, 0.518926, 0.482367, 0.446972, 0.412873, 0.380183, 0.348992, 0.319371, 0.291369, 0.265020, 0.240340, 0.217329, 0.195976, 0.176254, 0.158131, 0.141563, 0.126502, 0.112894, 0.100683, 0.089810, 0.080220, 0.071855, 0.064664, 0.058599, 0.053614, 0.049674, 0.046746, 0.044808, 0.043843
0.045606, 0.046610, 0.048626, 0.051671, 0.055770, 0.060955, 0.067265, 0.074745, 0.083445, 0.093421, 0.104731, 0.117433, 0.131588, 0.147254, 0.164488, 0.183340, 0.203854, 0.226066, 0.250001, 0.275673, 0.303081, 0.332208, 0.363021, 0.395465, 0.429469, 0.464938, 0.501755, 0.539783, 0.578862, 0.618808, 0.659418, 0.700469, 0.741718, 0.782907, 0.823763, 0.864002, 0.903332, 0.941455, 0.978073, 1.012891, 1.045619, 1.075978, 1.103704, 1.128550, 1.150292, 1.168730, 1.183693, 1.195041, 1.202667, 1.206498, 1.206498, 1.202667, 1.195041, 1.183694, 1.168731, 1.150293, 1.128551, 1.103706, 1.075980, 1.045621, 1.012893, 0.978075, 0.941457, 0.903334, 0.864004, 0.823765, 0.782910, 0.741721, 0.700471, 0.659421, 0.618810, 0.578864, 0.539785, 0.501757, 0.464940, 0.429471, 0.395467, 0.363023, 0.332210, 0.303083, 0.275675, 0.250002, 0.226067, 0.203855, 0.183341, 0.164489, 0.147255, 0.131588, 0.117434, 0.104731, 0.093422, 0.083446, 0.074745, 0.067265, 0.060955, 0.055771, 0.051672, 0.048626, 0.046610, 0.045606
0.047261, 0.048301, 0.050391, 0.053546, 0.057794, 0.063167, 0.069705, 0.077456, 0.086472, 0.096810, 0.108529, 0.121692, 0.136360, 0.152595, 0.170454, 0.189989, 0.211247, 0.234264, 0.259067, 0.285670, 0.314072, 0.344255, 0.376185, 0.409806, 0.445042, 0.481797, 0.519949, 0.559356, 0.599851, 0.641245, 0.683328, 0.725867, 0.768611, 0.811293, 0.853630, 0.895327, 0.936082, 0.975587, 1.013533, 1.049613, 1.083528, 1.114987, 1.143718, 1.169465, 1.191995, 1.211101, 1.226607, 1.238366, 1.246268, 1.250239, 1.250239, 1.246269, 1.238367, 1.226607, 1.211102, 1.191996, 1.169466, 1.143720, 1.114989, 1.083529, 1.049615, 1.013535, 0.975590, 0.936085, 0.895330, 0.853632, 0.811296, 0.768614, 0.725869, 0.683330, 0.641248, 0.599853, 0.559358, 0.519951, 0.481799, 0.445044, 0.409808, 0.376187, 0.344257, 0.314074, 0.285672, 0.259069, 0.234266, 0.211248, 0.189990, 0.170455, 0.152596, 0.136361, 0.121693, 0.108530, 0.096811, 0.086473, 0.077457, 0.069705, 0.063167, 0.057794, 0.053547, 0.050391, 0.048301, 0.047261
0.048790, 0.049864, 0.052021, 0.055279, 0.059664, 0.065210, 0.071960, 0.079962, 0.089269, 0.099942, 0.112040, 0.125628, 0.140771, 0.157531, 0.175967, 0.196134, 0.218079, 0.241840, 0.267445, 0.294908, 0.324228, 0.355387, 0.388349, 0.423057, 0.459433, 0.497375, 0.536761, 0.577442, 0.619246, 0.661978, 0.705421, 0.749335, 0.793461, 0.837522, 0.881228, 0.924273, 0.966345, 1.007127, 1.046299, 1.083545, 1.118556, 1.151033, 1.180692, 1.207271, 1.230529, 1.250253, 1.266260, 1.278400, 1.286557, 1.290656, 1.290656, 1.286558, 1.278400, 1.266261, 1.250254, 1.230531, 1.207273, 1.180694, 1.151035, 1.118558, 1.083547, 1.046301, 1.007129, 0.966348, 0.924275, 0.881230, 0.837525, 0.793464, 0.749338, 0.705424, 0.661981, 0.619248, 0.577444, 0.536763, 0.497377, 0.459435, 0.423059, 0.388351, 0.355389, 0.324230, 0.294910, 0.267447, 0.241842, 0.218080, 0.196135, 0.175968, 0.157532, 0.140772, 0.125629, 0.112041, 0.099942, 0.089270, 0.079962, 0.071961, 0.065211, 0.059664, 0.055279, 0.052021, 0.049864, 0.048790
0.050178, 0.051283, 0.053501, 0.056851, 0.061361, 0.067065, 0.074006, 0.082236, 0.091808, 0.102783, 0.115225, 0.129200, 0.144773, 0.162009, 0.180969, 0.201709, 0.224278, 0.248715, 0.275047, 0.303291, 0.333444, 0.365488, 0.399386, 0.435080, 0.472489, 0.511510, 0.552015, 0.593851, 0.636843, 0.680790, 0.725467, 0.770628, 0.816008, 0.861321, 0.906268, 0.950535, 0.993803, 1.035743, 1.076028, 1.114333, 1.150338, 1.183738, 1.214240, 1.241573, 1.265492, 1.285777, 1.302238, 1.314722, 1.323112, 1.327327, 1.327327, 1.323112, 1.314723, 1.302239, 1.285778, 1.265494, 1.241575, 1.214241, 1.183739, 1.150340, 1.114335, 1.076031, 1.035746, 0.993805, 0.950538, 0.906270, 0.861324, 0.816010, 0.770631, 0.725469, 0.680792, 0.636846, 0.593854, 0.552017, 0.511512, 0.472492, 0.435083, 0.399389, 0.365490, 0.333446, 0.303292, 0.275049, 0.248716, 0.224279, 0.201710, 0.180970, 0.162010, 0.144774, 0.129201, 0.115226, 0.102784, 0.091808, 0.082236, 0.074007, 0.067065, 0.061361, 0.056851, 0.053501, 0.051283, 0.050178
0.051409, 0.052541, 0.054814, 0.058246, 0.062866, 0.068710, 0.075822, 0.084253, 0.094060, 0.105304, 0.118051, 0.132368, 0.148323, 0.165982, 0.185407, 0.206656, 0.229778, 0.254813, 0.281791, 0.310727, 0.341619, 0.374449, 0.409178, 0.445747, 0.484073, 0.524050, 0.565547, 0.608409, 0.652455, 0.697478, 0.743250, 0.789519, 0.836010, 0.882434, 0.928482, 0.973834, 1.018161, 1.061130, 1.102402, 1.141645, 1.178533, 1.212751, 1.244001, 1.272005, 1.296509, 1.317291, 1.334155, 1.346946, 1.355541, 1.359859, 1.359859, 1.355541, 1.346946, 1.334156, 1.317292, 1.296511, 1.272006, 1.244003, 1.212753, 1.178536, 1.141648, 1.102405, 1.061132, 1.018164, 0.973837, 0.928485, 0.882437, 0.836013, 0.789521, 0.743253, 0.697481, 0.652457, 0.608412, 0.565550, 0.524052, 0.484075, 0.445749, 0.409181, 0.374451, 0.341621, 0.310729, 0.281793, 0.254815, 0.229779, 0.206657, 0.185408, 0.165983, 0.148324, 0.132369, 0.118052, 0.105305, 0.094060, 0.084254, 0.075823, 0.068711, 0.062867, 0.058246, 0.054814, 0.052541, 0.051409
0.052471, 0.053626, 0.055945, 0.059449, 0.064164, 0.070129, 0.077387, 0.085992, 0.096001, 0.107477, 0.120487, 0.135100, 0.151384, 0.169407, 0.189232, 0.210919, 0.234518, 0.260070, 0.287604, 0.317137, 0.348666, 0.382173, 0.417618, 0.454941, 0.494057, 0.534858, 0.577211, 0.620956, 0.665910, 0.711862, 0.758578, 0.805800, 0.853250, 0.900630, 0.947628, 0.993915, 1.039156, 1.083010, 1.125133, 1.165186, 1.202834, 1.237757, 1.269651, 1.298232, 1.323242, 1.344451, 1.361664, 1.374718, 1.383490, 1.387897, 1.387897, 1.383491, 1.374718, 1.361665, 1.344453, 1.323243, 1.298234, 1.269652, 1.237759, 1.202836, 1.165188, 1.125136, 1.083012, 1.039158, 0.993917, 0.947630, 0.900633, 0.853253, 0.805803, 0.758581, 0.711865, 0.665913, 0.620959, 0.577214, 0.534860, 0.494059, 0.454943, 0.417620, 0.382175, 0.348668, 0.317139, 0.287606, 0.260071, 0.234519, 0.210921, 0.189234, 0.169408, 0.151385, 0.135101, 0.120488, 0.107478, 0.096002, 0.085992, 0.077388, 0.070129, 0.064164, 0.059449, 0.055945, 0.053626, 0.052471
0.053351, 0.054525, 0.056883, 0.060445, 0.065240, 0.071304, 0.078684, 0.087433, 0.097609, 0.109278, 0.122506, 0.137363, 0.153920, 0.172245, 0.192402, 0.214452, 0.238446, 0.264426, 0.292421, 0.322448, 0.354505, 0.388573, 0.424611, 0.462559, 0.502330, 0.543814, 0.586876, 0.631353, 0.677060, 0.723781, 0.771278, 0.819291, 0.867535, 0.915709, 0.963492, 1.010553, 1.056552, 1.101140, 1.143968, 1.184691, 1.222970, 1.258477, 1.290905, 1.319964, 1.345393, 1.366957, 1.384458, 1.397730, 1.406649, 1.411129, 1.411129, 1.406649, 1.397731, 1.384459, 1.366959, 1.345394, 1.319966, 1.290907, 1.258479, 1.222972, 1.184693, 1.143971, 1.101143, 1.056554, 1.010556, 0.963495, 0.915712, 0.867538, 0.819294, 0.771281, 0.723784, 0.677063, 0.631356, 0.586878, 0.543816, 0.502332, 0.462561, 0.424614, 0.388575, 0.354507, 0.322450, 0.292423, 0.264427, 0.238448, 0.214454, 0.192404, 0.172246, 0.153921, 0.137364, 0.122507, 0.109279, 0.097610, 0.087434, 0.078685, 0.071305, 0.065240, 0.060446, 0.056883, 0.054525, 0.053351
0.054039, 0.055228, 0.057617, 0.061225, 0.066081, 0.072223, 0.079699, 0.088560, 0.098867, 0.110686, 0.124085, 0.139133, 0.155904, 0.174464, 0.194881, 0.217215, 0.241518, 0.267832, 0.296188, 0.326601, 0.359071, 0.393577, 0.430080, 0.468515, 0.508798, 0.550816, 0.594432, 0.639483, 0.685777, 0.733100, 0.781209, 0.829839, 0.878704, 0.927498, 0.975896, 1.023563, 1.070153, 1.115316, 1.158696, 1.199943, 1.238715, 1.274679, 1.307524, 1.336957, 1.362714, 1.384554, 1.402280, 1.415723, 1.424758, 1.429295, 1.429295, 1.424758, 1.415724, 1.402281, 1.384556, 1.362715, 1.336958, 1.307526, 1.274682, 1.238717, 1.199946, 1.158699, 1.115319, 1.070156, 1.023566, 0.975899, 0.927501, 0.878707, 0.829842, 0.781212, 0.733103, 0.685780, 0.639486, 0.594435, 0.550819, 0.508801, 0.468518, 0.430082, 0.393579, 0.359073, 0.326603, 0.296190, 0.267834, 0.241519, 0.217217, 0.194883, 0.174465, 0.155905, 0.139134, 0.124086, 0.110687, 0.098868, 0.088561, 0.079699, 0.072224, 0.066081, 0.061225, 0.057617, 0.055228, 0.054039
0.054527, 0.055728, 0.058138, 0.061778, 0.066678, 0.072876, 0.080419, 0.089360, 0.099761, 0.111686, 0.125205, 0.140390, 0.157311, 0.176039, 0.196641, 0.219176, 0.243698, 0.270249, 0.298861, 0.329548, 0.362311, 0.397128, 0.433960, 0.472742, 0.513388, 0.555785, 0.599794, 0.645251, 0.691963, 0.739712, 0.788255, 0.837324, 0.886630, 0.935863, 0.984698, 1.032796, 1.079806, 1.125376, 1.169147, 1.210768, 1.249887, 1.286176, 1.319318, 1.349018, 1.375006, 1.397044, 1.414929, 1.428492, 1.437608, 1.442187, 1.442188, 1.437608, 1.428493, 1.414930, 1.397045, 1.375008, 1.349020, 1.319320, 1.286178, 1.249889, 1.210771, 1.169150, 1.125379, 1.079809, 1.032799, 0.984701, 0.935866, 0.886633, 0.837327, 0.788258, 0.739715, 0.691966, 0.645254, 0.599797, 0.555787, 0.513390, 0.472745, 0.433962, 0.397130, 0.362313, 0.329550, 0.298863, 0.270251, 0.243699, 0.219177, 0.196642, 0.176041, 0.157312, 0.140391, 0.125206, 0.111687, 0.099761, 0.089361, 0.080419, 0.072877, 0.066679, 0.061779, 0.058138, 0.055728, 0.054528
0.054811, 0.056017, 0.058440, 0.062099, 0.067025, 0.073254, 0.080836, 0.089824, 0.100278, 0.112265, 0.125855, 0.141118, 0.158127, 0.176952, 0.197660, 0.220312, 0.244960, 0.271649, 0.300409, 0.331255, 0.364187, 0.399185, 0.436207, 0.475189, 0.516045, 0.558662, 0.602899, 0.648591, 0.695545, 0.743541, 0.792335, 0.841658, 0.891220, 0.940708, 0.989796, 1.038144, 1.085399, 1.131205, 1.175205, 1.217038, 1.256361, 1.292837, 1.326148, 1.355999, 1.382121, 1.404273, 1.422250, 1.435884, 1.445045, 1.449647, 1.449647, 1.445045, 1.435885, 1.422251, 1.404274, 1.382122, 1.356001, 1.326150, 1.292839, 1.256363, 1.217040, 1.175208, 1.131208, 1.085402, 1.038147, 0.989799, 0.940711, 0.891223, 0.841661, 0.792338, 0.743544, 0.695548, 0.648594, 0.602902, 0.558664, 0.516048, 0.475192, 0.436209, 0.399187, 0.364189, 0.331257, 0.300411, 0.271651, 0.244962, 0.220313, 0.197661, 0.176953, 0.158128, 0.141119, 0.125855, 0.112266, 0.100279, 0.089824, 0.080837, 0.073255, 0.067025, 0.062099, 0.058440, 0.056017, 0.054811
0.054886, 0.056094, 0.058520, 0.062184, 0.067116, 0.073354, 0.080946, 0.089945, 0.100414, 0.112417, 0.126025, 0.141309, 0.158341, 0.177191, 0.197927, 0.220609, 0.245291, 0.272015, 0.300814, 0.331701, 0.364677, 0.399722, 0.436794, 0.475829, 0.516739, 0.559413, 0.603710, 0.649464, 0.696480, 0.744541, 0.793402, 0.842792, 0.892420, 0.941975, 0.991130, 1.039541, 1.086860, 1.132726, 1.176782, 1.218671, 1.258045, 1.294569, 1.327924, 1.357815, 1.383972, 1.406154, 1.424154, 1.437806, 1.446980, 1.451588, 1.451589, 1.446980, 1.437806, 1.424155, 1.406155, 1.383973, 1.357817, 1.327926, 1.294571, 1.258047, 1.218673, 1.176785, 1.132728, 1.086863, 1.039544, 0.991133, 0.941978, 0.892423, 0.842795, 0.793405, 0.744544, 0.696483, 0.649466, 0.603712, 0.559415, 0.516742, 0.475831, 0.436796, 0.399724, 0.364679, 0.331703, 0.300815, 0.272017, 0.245292, 0.220610, 0.197928, 0.177192, 0.158342, 0.141310, 0.126026, 0.112418, 0.100415, 0.089946, 0.080946, 0.073354, 0.067116, 0.062184, 0.058520, 0.056094, 0.054886
0.054751, 0.055956, 0.058376, 0.062031, 0.066950, 0.073173, 0.080746, 0.089723, 0.100166, 0.112140, 0.125714, 0.140960, 0.157950, 0.176753, 0.197438, 0.220064, 0.244684, 0.271343, 0.300069, 0.330880, 0.363775, 0.398733, 0.435713, 0.474651, 0.515461, 0.558029, 0.602216, 0.647858, 0.694758, 0.742700, 0.791438, 0.840705, 0.890210, 0.939642, 0.988674, 1.036966, 1.084166, 1.129918, 1.173863, 1.215647, 1.254923, 1.291356, 1.324628, 1.354445, 1.380536, 1.402663, 1.420618, 1.434236, 1.443386, 1.447984, 1.447984, 1.443386, 1.434236, 1.420619, 1.402664, 1.380537, 1.354446, 1.324630, 1.291358, 1.254925, 1.215650, 1.173866, 1.129921, 1.084169, 1.036969, 0.988677, 0.939645, 0.890213, 0.840708, 0.791442, 0.742703, 0.694761, 0.647861, 0.602219, 0.558032, 0.515463, 0.474654, 0.435715, 0.398735, 0.363777, 0.330882, 0.300071, 0.271344, 0.244686, 0.220065, 0.197439, 0.176755, 0.157951, 0.140961, 0.125715, 0.112141, 0.100167, 0.089724, 0.080746, 0.073173, 0.066951, 0.062031, 0.058376, 0.055956, 0.054751
0.054407, 0.055605, 0.058009, 0.061641, 0.066530, 0.072714, 0.080239, 0.089160, 0.099538, 0.111436, 0.124925, 0.140075, 0.156958, 0.175644, 0.196198, 0.218681, 0.243147, 0.269638, 0.298184, 0.328801, 0.361489, 0.396227, 0.432975, 0.471670, 0.512224, 0.554526, 0.598436, 0.643789, 0.690394, 0.738033, 0.786464, 0.835420, 0.884612, 0.933733, 0.982456, 1.030443, 1.077346, 1.122810, 1.166478, 1.207999, 1.247027, 1.283230, 1.316293, 1.345922, 1.371848, 1.393834, 1.411677, 1.425209, 1.434301, 1.438871, 1.438871, 1.434302, 1.425210, 1.411678, 1.393836, 1.371849, 1.345923, 1.316295, 1.283232, 1.247029, 1.208001, 1.166481, 1.122812, 1.077349, 1.030446, 0.982459, 0.933736, 0.884615, 0.835423, 0.786467, 0.738036, 0.690397, 0.643792, 0.598439, 0.554528, 0.512227, 0.471672, 0.432977, 0.396229, 0.361491, 0.328803, 0.298186, 0.269640, 0.243149, 0.218683, 0.196199, 0.175645, 0.156959, 0.140076, 0.124926, 0.111437, 0.099538, 0.089161, 0.080240, 0.072714, 0.066530, 0.061642, 0.058010, 0.055605, 0.054407
