0.000060, 0.000064, 0.000074, 0.000088, 0.000108, 0.000135, 0.000170, 0.000215, 0.000270, 0.000339, 0.000424, 0.000527, 0.000653, 0.000803, 0.000983, 0.001196, 0.001447, 0.001742, 0.002085, 0.002481, 0.002937, 0.003456, 0.004044, 0.004707, 0.005447, 0.006268, 0.007173, 0.008162, 0.009236, 0.010392, 0.011628, 0.012938, 0.014315, 0.015750, 0.017232, 0.018747, 0.020282, 0.021819, 0.023341, 0.024830, 0.026265, 0.027628, 0.028899, 0.030058, 0.031089, 0.031975, 0.032702, 0.033259, 0.033635, 0.033824, 0.033824, 0.033635, 0.033259, 0.032702, 0.031975, 0.031089, 0.030058, 0.028899, 0.027628, 0.026265, 0.024830, 0.023341, 0.021819, 0.020282, 0.018747, 0.017232, 0.015750, 0.014315, 0.012938, 0.011628, 0.010392, 0.009236, 0.008162, 0.007173, 0.006268, 0.005447, 0.004707, 0.004044, 0.003456, 0.002937, 0.002481, 0.002085, 0.001742, 0.001447, 0.001196, 0.000983, 0.000803, 0.000653, 0.000527, 0.000424, 0.000339, 0.000270, 0.000215, 0.000170, 0.000135, 0.000108, 0.000088, 0.000074, 0.000064, 0.000060
0.000075, 0.000080, 0.000092, 0.000110, 0.000135, 0.000169, 0.000213, 0.000268, 0.000338, 0.000424, 0.000530, 0.000659, 0.000815, 0.001003, 0.001227, 0.001494, 0.001808, 0.002176, 0.002604, 0.003099, 0.003668, 0.004316, 0.005051, 0.005878, 0.006803, 0.007828, 0.008958, 0.010194, 0.011535, 0.012979, 0.014523, 0.016159, 0.017879, 0.019671, 0.021521, 0.023414, 0.025331, 0.027250, 0.029152, 0.031011, 0.032804, 0.034506, 0.036092, 0.037541, 0.038828, 0.039935, 0.040843, 0.041538, 0.042007, 0.042244, 0.042244, 0.042007, 0.041538, 0.040843, 0.039935, 0.038828, 0.037541, 0.036093, 0.034506, 0.032804, 0.031011, 0.029152, 0.027251, 0.025331, 0.023414, 0.021521, 0.019671, 0.017879, 0.016159, 0.014523, 0.012979, 0.011535, 0.010194, 0.008958, 0.007828, 0.006803, 0.005879, 0.005051, 0.004316, 0.003668, 0.003099, 0.002604, 0.002176, 0.001808, 0.001494, 0.001227, 0.001003, 0.000815, 0.000659, 0.000530, 0.000424, 0.000338, 0.000268, 0.000213, 0.000169, 0.000135, 0.000110, 0.000092, 0.000080, 0.000075
0.000093, 0.000100, 0.000114, 0.000137, 0.000168, 0.000210, 0.000264, 0.000333, 0.000419, 0.000526, 0.000658, 0.000818, 0.001012, 0.001245, 0.001524, 0.001855, 0.002245, 0.002702, 0.003233, 0.003848, 0.004554, 0.005359, 0.006272, 0.007299, 0.008447, 0.009720, 0.011123, 0.012657, 0.014322, 0.016115, 0.018032, 0.020064, 0.022199, 0.024424, 0.026722, 0.029072, 0.031451, 0.033835, 0.036196, 0.038504, 0.040730, 0.042843, 0.044814, 0.046612, 0.048211, 0.049585, 0.050712, 0.051575, 0.052158, 0.052452, 0.052452, 0.052158, 0.051575, 0.050712, 0.049585, 0.048211, 0.046612, 0.044814, 0.042843, 0.040730, 0.038504, 0.036196, 0.033835, 0.031451, 0.029072, 0.026722, 0.024424, 0.022199, 0.020064, 0.018032, 0.016116, 0.014322, 0.012657, 0.011123, 0.009720, 0.008447, 0.007299, 0.006272, 0.005359, 0.004554, 0.003848, 0.003233, 0.002702, 0.002245, 0.001855, 0.001524, 0.001245, 0.001012, 0.000818, 0.000658, 0.000526, 0.000419, 0.000333, 0.000264, 0.000210, 0.000168, 0.000137, 0.000114, 0.000100, 0.000093
0.000115, 0.000123, 0.000141, 0.000169, 0.000207, 0.000259, 0.000326, 0.000411, 0.000518, 0.000650, 0.000812, 0.001010, 0.001249, 0.001537, 0.001881, 0.002289, 0.002771, 0.003335, 0.003991, 0.004750, 0.005621, 0.006615, 0.007742, 0.009010, 0.010426, 0.011998, 0.013730, 0.015623, 0.017678, 0.019892, 0.022258, 0.024765, 0.027401, 0.030148, 0.032984, 0.035885, 0.038822, 0.041764, 0.044678, 0.047527, 0.050275, 0.052883, 0.055315, 0.057535, 0.059508, 0.061204, 0.062596, 0.063661, 0.064380, 0.064743, 0.064743, 0.064380, 0.063661, 0.062596, 0.061205, 0.059508, 0.057535, 0.055315, 0.052883, 0.050275, 0.047527, 0.044678, 0.041764, 0.038822, 0.035885, 0.032984, 0.030148, 0.027401, 0.024766, 0.022258, 0.019892, 0.017679, 0.015623, 0.013730, 0.011998, 0.010426, 0.009010, 0.007742, 0.006615, 0.005621, 0.004750, 0.003991, 0.003335, 0.002771, 0.002289, 0.001881, 0.001537, 0.001249, 0.001010, 0.000812, 0.000650, 0.000518, 0.000411, 0.000326, 0.000259, 0.000207, 0.000169, 0.000141, 0.000123, 0.000115
0.000141, 0.000151, 0.000173, 0.000207, 0.000254, 0.000318, 0.000400, 0.000504, 0.000635, 0.000797, 0.000996, 0.001239, 0.001533, 0.001886, 0.002308, 0.002809, 0.003400, 0.004092, 0.004897, 0.005828, 0.006898, 0.008118, 0.009500, 0.011055, 0.012794, 0.014723, 0.016847, 0.019171, 0.021693, 0.024409, 0.027312, 0.030389, 0.033623, 0.036994, 0.040474, 0.044033, 0.047637, 0.051248, 0.054823, 0.058319, 0.061691, 0.064892, 0.067876, 0.070600, 0.073021, 0.075102, 0.076810, 0.078116, 0.078999, 0.079445, 0.079445, 0.078999, 0.078116, 0.076810, 0.075103, 0.073021, 0.070600, 0.067876, 0.064892, 0.061691, 0.058320, 0.054823, 0.051248, 0.047638, 0.044033, 0.040474, 0.036994, 0.033624, 0.030389, 0.027312, 0.024410, 0.021693, 0.019171, 0.016847, 0.014723, 0.012794, 0.011056, 0.009500, 0.008118, 0.006898, 0.005828, 0.004897, 0.004092, 0.003400, 0.002809, 0.002308, 0.001886, 0.001533, 0.001239, 0.000996, 0.000797, 0.000635, 0.000504, 0.000400, 0.000318, 0.000254, 0.000207, 0.000173, 0.000151, 0.000141
0.000172, 0.000185, 0.000211, 0.000252, 0.000310, 0.000388, 0.000488, 0.000615, 0.000775, 0.000973, 0.001215, 0.001512, 0.001870, 0.002301, 0.002816, 0.003427, 0.004148, 0.004992, 0.005974, 0.007110, 0.008414, 0.009902, 0.011589, 0.013486, 0.015607, 0.017959, 0.020551, 0.023386, 0.026462, 0.029776, 0.033317, 0.037070, 0.041015, 0.045127, 0.049372, 0.053714, 0.058110, 0.062514, 0.066876, 0.071140, 0.075253, 0.079158, 0.082798, 0.086120, 0.089074, 0.091613, 0.093696, 0.095289, 0.096367, 0.096910, 0.096910, 0.096367, 0.095289, 0.093696, 0.091613, 0.089074, 0.086121, 0.082798, 0.079158, 0.075253, 0.071141, 0.066876, 0.062515, 0.058110, 0.053714, 0.049372, 0.045127, 0.041016, 0.037070, 0.033317, 0.029776, 0.026462, 0.023386, 0.020551, 0.017960, 0.015607, 0.013486, 0.011589, 0.009903, 0.008414, 0.007110, 0.005974, 0.004992, 0.004148, 0.003427, 0.002816, 0.002301, 0.001870, 0.001512, 0.001215, 0.000973, 0.000775, 0.000615, 0.000488, 0.000388, 0.000310, 0.000252, 0.000211, 0.000185, 0.000172
0.000208, 0.000224, 0.000256, 0.000306, 0.000376, 0.000470, 0.000592, 0.000746, 0.000940, 0.001179, 0.001474, 0.001833, 0.002268, 0.002790, 0.003415, 0.004156, 0.005030, 0.006053, 0.007245, 0.008622, 0.010204, 0.012008, 0.014053, 0.016354, 0.018925, 0.021779, 0.024922, 0.028359, 0.032089, 0.036108, 0.040402, 0.044953, 0.049737, 0.054723, 0.059870, 0.065136, 0.070467, 0.075808, 0.081097, 0.086268, 0.091255, 0.095990, 0.100404, 0.104433, 0.108015, 0.111094, 0.113620, 0.115552, 0.116858, 0.117517, 0.117517, 0.116858, 0.115552, 0.113620, 0.111094, 0.108016, 0.104434, 0.100405, 0.095990, 0.091256, 0.086268, 0.081097, 0.075808, 0.070467, 0.065136, 0.059871, 0.054723, 0.049738, 0.044953, 0.040402, 0.036108, 0.032090, 0.028359, 0.024922, 0.021779, 0.018926, 0.016354, 0.014053, 0.012008, 0.010204, 0.008622, 0.007245, 0.006053, 0.005030, 0.004156, 0.003415, 0.002790, 0.002268, 0.001833, 0.001474, 0.001179, 0.000940, 0.000746, 0.000592, 0.000470, 0.000376, 0.000306, 0.000256, 0.000224, 0.000208
0.000251, 0.000270, 0.000308, 0.000369, 0.000454, 0.000567, 0.000713, 0.000900, 0.001133, 0.001422, 0.001777, 0.002210, 0.002734, 0.003364, 0.004117, 0.005010, 0.006063, 0.007297, 0.008733, 0.010394, 0.012301, 0.014476, 0.016941, 0.019715, 0.022814, 0.026254, 0.030043, 0.034186, 0.038684, 0.043527, 0.048704, 0.054191, 0.059958, 0.065968, 0.072173, 0.078520, 0.084947, 0.091385, 0.097761, 0.103995, 0.110007, 0.115715, 0.121036, 0.125893, 0.130211, 0.133922, 0.136967, 0.139296, 0.140871, 0.141665, 0.141665, 0.140871, 0.139296, 0.136967, 0.133922, 0.130211, 0.125893, 0.121036, 0.115715, 0.110007, 0.103995, 0.097761, 0.091386, 0.084948, 0.078521, 0.072174, 0.065968, 0.059958, 0.054191, 0.048704, 0.043528, 0.038684, 0.034187, 0.030043, 0.026254, 0.022815, 0.019715, 0.016941, 0.014476, 0.012301, 0.010394, 0.008733, 0.007297, 0.006063, 0.005010, 0.004117, 0.003364, 0.002734, 0.002210, 0.001777, 0.001422, 0.001133, 0.000900, 0.000713, 0.000567, 0.000454, 0.000369, 0.000308, 0.000270, 0.000251
0.000301, 0.000323, 0.000370, 0.000442, 0.000544, 0.000679, 0.000855, 0.001078, 0.001358, 0.001704, 0.002129, 0.002648, 0.003276, 0.004031, 0.004933, 0.006004, 0.007266, 0.008745, 0.010466, 0.012456, 0.014741, 0.017348, 0.020302, 0.023626, 0.027340, 0.031462, 0.036003, 0.040968, 0.046357, 0.052162, 0.058365, 0.064940, 0.071852, 0.079053, 0.086490, 0.094096, 0.101798, 0.109513, 0.117153, 0.124624, 0.131828, 0.138668, 0.145045, 0.150865, 0.156040, 0.160487, 0.164136, 0.166927, 0.168814, 0.169766, 0.169766, 0.168814, 0.166927, 0.164136, 0.160487, 0.156040, 0.150866, 0.145045, 0.138668, 0.131829, 0.124624, 0.117153, 0.109513, 0.101798, 0.094097, 0.086490, 0.079054, 0.071852, 0.064941, 0.058365, 0.052162, 0.046358, 0.040968, 0.036003, 0.031462, 0.027341, 0.023626, 0.020302, 0.017348, 0.014741, 0.012456, 0.010466, 0.008745, 0.007266, 0.006004, 0.004933, 0.004031, 0.003276, 0.002648, 0.002129, 0.001704, 0.001358, 0.001078, 0.000855, 0.000679, 0.000544, 0.000442, 0.000370, 0.000323, 0.000301
0.000358, 0.000385, 0.000440, 0.000526, 0.000648, 0.000809, 0.001019, 0.001284, 0.001617, 0.002030, 0.002537, 0.003155, 0.003903, 0.004802, 0.005877, 0.007152, 0.008656, 0.010418, 0.012468, 0.014838, 0.017561, 0.020666, 0.024185, 0.028145, 0.032570, 0.037480, 0.042889, 0.048805, 0.055225, 0.062140, 0.069529, 0.077362, 0.085596, 0.094175, 0.103034, 0.112095, 0.121270, 0.130461, 0.139562, 0.148462, 0.157044, 0.165192, 0.172789, 0.179722, 0.185886, 0.191184, 0.195531, 0.198856, 0.201104, 0.202238, 0.202238, 0.201104, 0.198857, 0.195532, 0.191185, 0.185887, 0.179723, 0.172789, 0.165193, 0.157045, 0.148462, 0.139563, 0.130461, 0.121270, 0.112095, 0.103034, 0.094175, 0.085596, 0.077363, 0.069530, 0.062140, 0.055225, 0.048805, 0.042890, 0.037481, 0.032571, 0.028145, 0.024185, 0.020666, 0.017561, 0.014838, 0.012468, 0.010418, 0.008656, 0.007152, 0.005877, 0.004802, 0.003903, 0.003155, 0.002537, 0.002030, 0.001617, 0.001284, 0.001019, 0.000809, 0.000648, 0.000526, 0.000440, 0.000385, 0.000358
0.000424, 0.000456, 0.000521, 0.000624, 0.000767, 0.000958, 0.001206, 0.001521, 0.001915, 0.002404, 0.003004, 0.003736, 0.004622, 0.005687, 0.006960, 0.008470, 0.010251, 0.012337, 0.014765, 0.017572, 0.020796, 0.024474, 0.028641, 0.033331, 0.038571, 0.044386, 0.050791, 0.057796, 0.065399, 0.073588, 0.082339, 0.091615, 0.101365, 0.111525, 0.122016, 0.132747, 0.143612, 0.154496, 0.165274, 0.175813, 0.185977, 0.195626, 0.204622, 0.212833, 0.220133, 0.226407, 0.231554, 0.235492, 0.238154, 0.239496, 0.239496, 0.238154, 0.235492, 0.231555, 0.226407, 0.220133, 0.212833, 0.204623, 0.195626, 0.185978, 0.175814, 0.165275, 0.154497, 0.143613, 0.132747, 0.122017, 0.111526, 0.101366, 0.091616, 0.082340, 0.073589, 0.065400, 0.057797, 0.050792, 0.044386, 0.038571, 0.033331, 0.028641, 0.024474, 0.020796, 0.017572, 0.014765, 0.012337, 0.010251, 0.008470, 0.006960, 0.005687, 0.004622, 0.003736, 0.003004, 0.002404, 0.001915, 0.001521, 0.001206, 0.000958, 0.000767, 0.000624, 0.000521, 0.000456, 0.000424
0.000499, 0.000537, 0.000614, 0.000734, 0.000903, 0.001128, 0.001420, 0.001791, 0.002255, 0.002830, 0.003537, 0.004398, 0.005441, 0.006695, 0.008194, 0.009972, 0.012068, 0.014524, 0.017382, 0.020687, 0.024482, 0.028812, 0.033717, 0.039238, 0.045407, 0.052253, 0.059793, 0.068040, 0.076990, 0.086630, 0.096932, 0.107852, 0.119330, 0.131291, 0.143641, 0.156273, 0.169063, 0.181877, 0.194565, 0.206972, 0.218937, 0.230295, 0.240886, 0.250552, 0.259145, 0.266531, 0.272591, 0.277226, 0.280360, 0.281940, 0.281940, 0.280360, 0.277226, 0.272591, 0.266531, 0.259145, 0.250552, 0.240887, 0.230296, 0.218937, 0.206972, 0.194565, 0.181877, 0.169064, 0.156274, 0.143642, 0.131291, 0.119331, 0.107853, 0.096933, 0.086631, 0.076991, 0.068040, 0.059794, 0.052253, 0.045408, 0.039238, 0.033718, 0.028812, 0.024482, 0.020687, 0.017382, 0.014524, 0.012068, 0.009972, 0.008194, 0.006695, 0.005441, 0.004398, 0.003537, 0.002830, 0.002255, 0.001791, 0.001420, 0.001128, 0.000903, 0.000734, 0.000614, 0.000537, 0.000499
0.000584, 0.000628, 0.000718, 0.000859, 0.001057, 0.001320, 0.001662, 0.002096, 0.002639, 0.003312, 0.004139, 0.005147, 0.006368, 0.007835, 0.009589, 0.011669, 0.014123, 0.016997, 0.020342, 0.024209, 0.028650, 0.033717, 0.039458, 0.045919, 0.053138, 0.061149, 0.069974, 0.079624, 0.090099, 0.101380, 0.113436, 0.126215, 0.139647, 0.153644, 0.168096, 0.182879, 0.197847, 0.212842, 0.227690, 0.242209, 0.256211, 0.269504, 0.281897, 0.293208, 0.303264, 0.311907, 0.318999, 0.324424, 0.328091, 0.329940, 0.329940, 0.328091, 0.324424, 0.318999, 0.311908, 0.303265, 0.293209, 0.281898, 0.269505, 0.256212, 0.242210, 0.227691, 0.212843, 0.197848, 0.182880, 0.168097, 0.153644, 0.139648, 0.126215, 0.113437, 0.101381, 0.090099, 0.079625, 0.069974, 0.061150, 0.053139, 0.045919, 0.039459, 0.033718, 0.028651, 0.024209, 0.020342, 0.016997, 0.014123, 0.011670, 0.009589, 0.007836, 0.006368, 0.005147, 0.004139, 0.003312, 0.002639, 0.002096, 0.001662, 0.001320, 0.001057, 0.000859, 0.000718, 0.000628, 0.000584
0.000680, 0.000731, 0.000836, 0.000999, 0.001229, 0.001536, 0.001933, 0.002438, 0.003070, 0.003853, 0.004815, 0.005988, 0.007408, 0.009115, 0.011155, 0.013576, 0.016430, 0.019773, 0.023664, 0.028163, 0.033330, 0.039224, 0.045903, 0.053419, 0.061818, 0.071137, 0.081403, 0.092629, 0.104814, 0.117938, 0.131963, 0.146828, 0.162454, 0.178737, 0.195550, 0.212747, 0.230160, 0.247603, 0.264876, 0.281766, 0.298055, 0.313518, 0.327936, 0.341094, 0.352793, 0.362847, 0.371097, 0.377408, 0.381674, 0.383825, 0.383825, 0.381674, 0.377408, 0.371098, 0.362848, 0.352793, 0.341095, 0.327937, 0.313519, 0.298056, 0.281767, 0.264877, 0.247604, 0.230161, 0.212748, 0.195551, 0.178738, 0.162455, 0.146829, 0.131963, 0.117939, 0.104815, 0.092630, 0.081403, 0.071137, 0.061818, 0.053419, 0.045904, 0.039225, 0.033330, 0.028163, 0.023665, 0.019773, 0.016430, 0.013576, 0.011155, 0.009115, 0.007408, 0.005988, 0.004815, 0.003853, 0.003070, 0.002438, 0.001933, 0.001536, 0.001229, 0.000999, 0.000836, 0.000731, 0.000680
0.000786, 0.000845, 0.000967, 0.001156, 0.001422, 0.001777, 0.002236, 0.002819, 0.003550, 0.004456, 0.005568, 0.006925, 0.008567, 0.010541, 0.012900, 0.015699, 0.019000, 0.022867, 0.027366, 0.032569, 0.038544, 0.045361, 0.053084, 0.061775, 0.071488, 0.082265, 0.094136, 0.107119, 0.121210, 0.136387, 0.152605, 0.169796, 0.187866, 0.206696, 0.226139, 0.246026, 0.266162, 0.286334, 0.306308, 0.325841, 0.344677, 0.362559, 0.379232, 0.394449, 0.407977, 0.419604, 0.429145, 0.436442, 0.441376, 0.443864, 0.443864, 0.441376, 0.436442, 0.429145, 0.419605, 0.407978, 0.394450, 0.379233, 0.362560, 0.344678, 0.325842, 0.306310, 0.286335, 0.266163, 0.246027, 0.226140, 0.206697, 0.187868, 0.169797, 0.152606, 0.136388, 0.121211, 0.107120, 0.094137, 0.082265, 0.071488, 0.061776, 0.053085, 0.045361, 0.038544, 0.032569, 0.027367, 0.022867, 0.019000, 0.015700, 0.012900, 0.010541, 0.008567, 0.006925, 0.005568, 0.004456, 0.003550, 0.002819, 0.002236, 0.001777, 0.001422, 0.001156, 0.000967, 0.000845, 0.000786
0.000904, 0.000972, 0.001111, 0.001329, 0.001634, 0.002042, 0.002570, 0.003241, 0.004081, 0.005122, 0.006401, 0.007960, 0.009848, 0.012118, 0.014830, 0.018048, 0.021842, 0.026287, 0.031460, 0.037441, 0.044309, 0.052145, 0.061024, 0.071015, 0.082181, 0.094569, 0.108217, 0.123141, 0.139339, 0.156786, 0.175430, 0.195192, 0.215965, 0.237610, 0.259962, 0.282822, 0.305970, 0.329159, 0.352121, 0.374575, 0.396228, 0.416784, 0.435951, 0.453443, 0.468995, 0.482361, 0.493328, 0.501717, 0.507389, 0.510248, 0.510248, 0.507389, 0.501717, 0.493329, 0.482362, 0.468996, 0.453444, 0.435952, 0.416786, 0.396229, 0.374576, 0.352122, 0.329160, 0.305972, 0.282823, 0.259963, 0.237612, 0.215966, 0.195194, 0.175431, 0.156787, 0.139340, 0.123142, 0.108217, 0.094570, 0.082181, 0.071016, 0.061025, 0.052146, 0.044310, 0.037441, 0.031460, 0.026287, 0.021842, 0.018048, 0.014830, 0.012118, 0.009848, 0.007961, 0.006401, 0.005122, 0.004081, 0.003241, 0.002570, 0.002042, 0.001634, 0.001329, 0.001111, 0.000972, 0.000904
0.001033, 0.001111, 0.001270, 0.001518, 0.001868, 0.002334, 0.002937, 0.003704, 0.004664, 0.005853, 0.007315, 0.009097, 0.011254, 0.013848, 0.016947, 0.020624, 0.024960, 0.030040, 0.035951, 0.042785, 0.050635, 0.059589, 0.069736, 0.081153, 0.093912, 0.108069, 0.123664, 0.140719, 0.159229, 0.179167, 0.200472, 0.223055, 0.246793, 0.271527, 0.297069, 0.323193, 0.349645, 0.376143, 0.402383, 0.428042, 0.452786, 0.476276, 0.498178, 0.518168, 0.535939, 0.551213, 0.563746, 0.573332, 0.579813, 0.583081, 0.583081, 0.579813, 0.573332, 0.563746, 0.551214, 0.535940, 0.518169, 0.498180, 0.476278, 0.452787, 0.428044, 0.402385, 0.376145, 0.349647, 0.323195, 0.297071, 0.271529, 0.246794, 0.223056, 0.200473, 0.179168, 0.159231, 0.140720, 0.123665, 0.108070, 0.093913, 0.081154, 0.069736, 0.059590, 0.050635, 0.042786, 0.035951, 0.030040, 0.024961, 0.020624, 0.016947, 0.013848, 0.011254, 0.009097, 0.007315, 0.005853, 0.004664, 0.003704, 0.002938, 0.002334, 0.001868, 0.001518, 0.001270, 0.001111, 0.001033
0.001173, 0.001262, 0.001443, 0.001725, 0.002122, 0.002651, 0.003337, 0.004208, 0.005298, 0.006649, 0.008310, 0.010334, 0.012785, 0.015731, 0.019251, 0.023429, 0.028354, 0.034124, 0.040839, 0.048603, 0.057520, 0.067692, 0.079217, 0.092187, 0.106681, 0.122762, 0.140478, 0.159851, 0.180878, 0.203526, 0.227728, 0.253381, 0.280346, 0.308444, 0.337458, 0.367134, 0.397182, 0.427283, 0.457090, 0.486237, 0.514344, 0.541028, 0.565908, 0.588615, 0.608802, 0.626153, 0.640389, 0.651278, 0.658640, 0.662353, 0.662353, 0.658641, 0.651279, 0.640390, 0.626154, 0.608803, 0.588616, 0.565910, 0.541030, 0.514346, 0.486238, 0.457092, 0.427285, 0.397184, 0.367136, 0.337460, 0.308446, 0.280348, 0.253383, 0.227729, 0.203528, 0.180880, 0.159853, 0.140479, 0.122763, 0.106682, 0.092188, 0.079218, 0.067692, 0.057520, 0.048604, 0.040840, 0.034125, 0.028355, 0.023429, 0.019251, 0.015731, 0.012785, 0.010334, 0.008310, 0.006649, 0.005298, 0.004208, 0.003337, 0.002651, 0.002122, 0.001725, 0.001443, 0.001262, 0.001173
0.001325, 0.001425, 0.001629, 0.001948, 0.002396, 0.002994, 0.003768, 0.004751, 0.005983, 0.007509, 0.009384, 0.011669, 0.014437, 0.017764, 0.021739, 0.026456, 0.032018, 0.038534, 0.046117, 0.054884, 0.064952, 0.076439, 0.089454, 0.104099, 0.120466, 0.138625, 0.158630, 0.180506, 0.204250, 0.229824, 0.257153, 0.286121, 0.316570, 0.348298, 0.381061, 0.414571, 0.448501, 0.482491, 0.516149, 0.549062, 0.580801, 0.610933, 0.639027, 0.664668, 0.687463, 0.707055, 0.723130, 0.735426, 0.743740, 0.747932, 0.747932, 0.743740, 0.735427, 0.723131, 0.707056, 0.687464, 0.664669, 0.639029, 0.610935, 0.580803, 0.549064, 0.516151, 0.482493, 0.448503, 0.414573, 0.381063, 0.348300, 0.316572, 0.286122, 0.257154, 0.229826, 0.204252, 0.180508, 0.158631, 0.138626, 0.120467, 0.104100, 0.089454, 0.076439, 0.064953, 0.054884, 0.046117, 0.038534, 0.032019, 0.026457, 0.021739, 0.017764, 0.014437, 0.011670, 0.009384, 0.007509, 0.005983, 0.004751, 0.003768, 0.002994, 0.002396, 0.001948, 0.001629, 0.001425, 0.001325
0.001488, 0.001599, 0.001829, 0.002186, 0.002689, 0.003361, 0.004230, 0.005333, 0.006716, 0.008429, 0.010533, 0.013099, 0.016205, 0.019941, 0.024402, 0.029697, 0.035941, 0.043255, 0.051766, 0.061607, 0.072909, 0.085803, 0.100412, 0.116852, 0.135223, 0.155607, 0.178063, 0.202618, 0.229271, 0.257977, 0.288654, 0.321170, 0.355349, 0.390964, 0.427740, 0.465354, 0.503441, 0.541594, 0.579375, 0.616319, 0.651946, 0.685768, 0.717304, 0.746085, 0.771672, 0.793665, 0.811709, 0.825511, 0.834843, 0.839548, 0.839548, 0.834843, 0.825512, 0.811710, 0.793666, 0.771674, 0.746087, 0.717306, 0.685770, 0.651948, 0.616321, 0.579377, 0.541596, 0.503443, 0.465356, 0.427742, 0.390966, 0.355351, 0.321172, 0.288656, 0.257979, 0.229273, 0.202620, 0.178064, 0.155608, 0.135224, 0.116853, 0.100413, 0.085804, 0.072910, 0.061608, 0.051767, 0.043255, 0.035941, 0.029698, 0.024403, 0.019941, 0.016206, 0.013099, 0.010533, 0.008429, 0.006716, 0.005334, 0.004230, 0.003361, 0.002689, 0.002186, 0.001829, 0.001599, 0.001488
0.001660, 0.001785, 0.002041, 0.002440, 0.003001, 0.003750, 0.004720, 0.005951, 0.007494, 0.009405, 0.011753, 0.014617, 0.018083, 0.022250, 0.027229, 0.033138, 0.040104, 0.048265, 0.057763, 0.068744, 0.081355, 0.095742, 0.112043, 0.130387, 0.150886, 0.173631, 0.198687, 0.226087, 0.255826, 0.287857, 0.322087, 0.358369, 0.396506, 0.436246, 0.477281, 0.519252, 0.561749, 0.604321, 0.646477, 0.687701, 0.727453, 0.765193, 0.800380, 0.832495, 0.861046, 0.885585, 0.905719, 0.921120, 0.931532, 0.936782, 0.936782, 0.931533, 0.921121, 0.905720, 0.885586, 0.861047, 0.832497, 0.800382, 0.765195, 0.727456, 0.687703, 0.646480, 0.604324, 0.561752, 0.519254, 0.477283, 0.436249, 0.396509, 0.358371, 0.322089, 0.287859, 0.255828, 0.226089, 0.198688, 0.173632, 0.150887, 0.130388, 0.112044, 0.095743, 0.081356, 0.068744, 0.057763, 0.048266, 0.040105, 0.033138, 0.027229, 0.022251, 0.018083, 0.014617, 0.011754, 0.009405, 0.007494, 0.005951, 0.004720, 0.003750, 0.003001, 0.002440, 0.002041, 0.001785, 0.001660
0.001841, 0.001980, 0.002263, 0.002706, 0.003329, 0.004160, 0.005235, 0.006601, 0.008312, 0.010432, 0.013037, 0.016213, 0.020057, 0.024680, 0.030202, 0.036756, 0.044483, 0.053535, 0.064070, 0.076250, 0.090238, 0.106196, 0.124277, 0.144624, 0.167361, 0.192589, 0.220381, 0.250772, 0.283758, 0.319287, 0.357253, 0.397497, 0.439798, 0.483876, 0.529391, 0.575944, 0.623081, 0.670301, 0.717060, 0.762783, 0.806876, 0.848736, 0.887765, 0.923385, 0.955053, 0.982271, 1.004604, 1.021685, 1.033235, 1.039058, 1.039058, 1.033235, 1.021686, 1.004605, 0.982273, 0.955055, 0.923387, 0.887767, 0.848738, 0.806879, 0.762786, 0.717063, 0.670304, 0.623084, 0.575947, 0.529394, 0.483879, 0.439801, 0.397500, 0.357256, 0.319289, 0.283761, 0.250774, 0.220383, 0.192591, 0.167362, 0.144625, 0.124278, 0.106197, 0.090239, 0.076251, 0.064071, 0.053536, 0.044484, 0.036757, 0.030203, 0.024681, 0.020058, 0.016213, 0.013037, 0.010432, 0.008312, 0.006601, 0.005235, 0.004160, 0.003329, 0.002706, 0.002263, 0.001980, 0.001841
0.002030, 0.002183, 0.002496, 0.002984, 0.003670, 0.004586, 0.005773, 0.007279, 0.009165, 0.011503, 0.014375, 0.017876, 0.022115, 0.027212, 0.033301, 0.040527, 0.049047, 0.059028, 0.070643, 0.084072, 0.099495, 0.117090, 0.137026, 0.159460, 0.184529, 0.212346, 0.242988, 0.276497, 0.312867, 0.352040, 0.393901, 0.438273, 0.484912, 0.533512, 0.583696, 0.635023, 0.686996, 0.739059, 0.790613, 0.841027, 0.889642, 0.935795, 0.978828, 1.018102, 1.053017, 1.083027, 1.107650, 1.126485, 1.139218, 1.145639, 1.145639, 1.139219, 1.126485, 1.107652, 1.083029, 1.053019, 1.018104, 0.978830, 0.935798, 0.889645, 0.841030, 0.790617, 0.739062, 0.686999, 0.635026, 0.583699, 0.533515, 0.484915, 0.438275, 0.393904, 0.352043, 0.312869, 0.276499, 0.242990, 0.212347, 0.184531, 0.159462, 0.137027, 0.117091, 0.099496, 0.084073, 0.070644, 0.059028, 0.049048, 0.040528, 0.033302, 0.027213, 0.022115, 0.017876, 0.014375, 0.011503, 0.009165, 0.007279, 0.005773, 0.004587, 0.003670, 0.002984, 0.002496, 0.002183, 0.002030
0.002225, 0.002393, 0.002735, 0.003270, 0.004023, 0.005027, 0.006327, 0.007978, 0.010045, 0.012607, 0.015755, 0.019593, 0.024239, 0.029826, 0.036499, 0.044419, 0.053757, 0.064696, 0.077427, 0.092145, 0.109049, 0.128333, 0.150183, 0.174771, 0.202247, 0.232734, 0.266319, 0.303045, 0.342907, 0.385841, 0.431721, 0.480352, 0.531470, 0.584735, 0.639737, 0.695992, 0.752954, 0.810015, 0.866520, 0.921773, 0.975055, 1.025640, 1.072803, 1.115847, 1.154115, 1.187006, 1.213993, 1.234635, 1.248591, 1.255629, 1.255629, 1.248592, 1.234636, 1.213994, 1.187008, 1.154117, 1.115850, 1.072806, 1.025642, 0.975059, 0.921776, 0.866523, 0.810019, 0.752958, 0.695996, 0.639740, 0.584739, 0.531473, 0.480355, 0.431724, 0.385844, 0.342910, 0.303048, 0.266321, 0.232736, 0.202249, 0.174773, 0.150185, 0.128334, 0.109050, 0.092146, 0.077427, 0.064697, 0.053757, 0.044419, 0.036499, 0.029826, 0.024239, 0.019593, 0.015755, 0.012607, 0.010045, 0.007978, 0.006327, 0.005027, 0.004023, 0.003271, 0.002735, 0.002393, 0.002225
0.002424, 0.002607, 0.002980, 0.003563, 0.004383, 0.005477, 0.006893, 0.008692, 0.010944, 0.013736, 0.017165, 0.021346, 0.026408, 0.032495, 0.039765, 0.048394, 0.058568, 0.070486, 0.084356, 0.100391, 0.118808, 0.139818, 0.163623, 0.190411, 0.220346, 0.253560, 0.290150, 0.330163, 0.373591, 0.420367, 0.470352, 0.523335, 0.579026, 0.637057, 0.696980, 0.758269, 0.820327, 0.882494, 0.944054, 1.004250, 1.062300, 1.117410, 1.168794, 1.215689, 1.257381, 1.293215, 1.322616, 1.345105, 1.360310, 1.367977, 1.367977, 1.360311, 1.345106, 1.322618, 1.293217, 1.257384, 1.215692, 1.168797, 1.117414, 1.062304, 1.004254, 0.944058, 0.882498, 0.820331, 0.758273, 0.696984, 0.637061, 0.579030, 0.523338, 0.470355, 0.420370, 0.373594, 0.330165, 0.290153, 0.253563, 0.220348, 0.190413, 0.163624, 0.139819, 0.118809, 0.100392, 0.084357, 0.070486, 0.058568, 0.048395, 0.039766, 0.032495, 0.026409, 0.021347, 0.017165, 0.013736, 0.010944, 0.008692, 0.006893, 0.005477, 0.004383, 0.003563, 0.002980, 0.002607, 0.002424
0.002626, 0.002823, 0.003228, 0.003859, 0.004747, 0.005932, 0.007465, 0.009413, 0.011853, 0.014876, 0.018590, 0.023118, 0.028600, 0.035192, 0.043066, 0.052411, 0.063429, 0.076336, 0.091357, 0.108723, 0.128668, 0.151421, 0.177202, 0.206213, 0.238632, 0.274603, 0.314229, 0.357562, 0.404595, 0.455252, 0.509385, 0.566764, 0.627076, 0.689923, 0.754818, 0.821193, 0.888401, 0.955726, 1.022394, 1.087585, 1.150452, 1.210135, 1.265781, 1.316568, 1.361719, 1.400526, 1.432367, 1.456722, 1.473189, 1.481492, 1.481492, 1.473190, 1.456724, 1.432369, 1.400528, 1.361722, 1.316571, 1.265785, 1.210138, 1.150456, 1.087589, 1.022398, 0.955730, 0.888405, 0.821197, 0.754822, 0.689927, 0.627080, 0.566768, 0.509389, 0.455255, 0.404598, 0.357565, 0.314232, 0.274606, 0.238634, 0.206215, 0.177204, 0.151423, 0.128670, 0.108724, 0.091358, 0.076337, 0.063430, 0.052411, 0.043067, 0.035192, 0.028601, 0.023119, 0.018590, 0.014876, 0.011853, 0.009413, 0.007466, 0.005932, 0.004747, 0.003859, 0.003228, 0.002823, 0.002626
0.002827, 0.003039, 0.003475, 0.004154, 0.005110, 0.006386, 0.008037, 0.010134, 0.012760, 0.016014, 0.020013, 0.024888, 0.030789, 0.037886, 0.046362, 0.056422, 0.068283, 0.082178, 0.098349, 0.117044, 0.138516, 0.163010, 0.190764, 0.221995, 0.256894, 0.295619, 0.338277, 0.384926, 0.435558, 0.490091, 0.548366, 0.610136, 0.675064, 0.742719, 0.812580, 0.884033, 0.956384, 1.028860, 1.100629, 1.170809, 1.238486, 1.302735, 1.362640, 1.417313, 1.465918, 1.507695, 1.541972, 1.568190, 1.585917, 1.594856, 1.594856, 1.585918, 1.568192, 1.541974, 1.507697, 1.465921, 1.417316, 1.362644, 1.302739, 1.238490, 1.170813, 1.100634, 1.028865, 0.956388, 0.884038, 0.812584, 0.742724, 0.675068, 0.610140, 0.548370, 0.490095, 0.435561, 0.384929, 0.338280, 0.295621, 0.256897, 0.221997, 0.190766, 0.163012, 0.138517, 0.117046, 0.098350, 0.082179, 0.068284, 0.056423, 0.046363, 0.037886, 0.030790, 0.024888, 0.020013, 0.016015, 0.012760, 0.010134, 0.008037, 0.006386, 0.005110, 0.004155, 0.003475, 0.003039, 0.002827
0.003025, 0.003252, 0.003719, 0.004446, 0.005469, 0.006833, 0.008601, 0.010844, 0.013655, 0.017137, 0.021416, 0.026633, 0.032948, 0.040542, 0.049613, 0.060378, 0.073071, 0.087940, 0.105244, 0.125250, 0.148227, 0.174439, 0.204138, 0.237558, 0.274904, 0.316343, 0.361992, 0.411911, 0.466091, 0.524447, 0.586807, 0.652907, 0.722386, 0.794784, 0.869541, 0.946003, 1.023425, 1.100981, 1.177780, 1.252879, 1.325300, 1.394052, 1.458156, 1.516660, 1.568673, 1.613378, 1.650057, 1.678113, 1.697082, 1.706647, 1.706648, 1.697083, 1.678115, 1.650059, 1.613380, 1.568676, 1.516664, 1.458160, 1.394057, 1.325305, 1.252884, 1.177785, 1.100986, 1.023430, 0.946008, 0.869546, 0.794788, 0.722391, 0.652911, 0.586811, 0.524451, 0.466095, 0.411914, 0.361995, 0.316345, 0.274907, 0.237560, 0.204139, 0.174440, 0.148228, 0.125252, 0.105245, 0.087941, 0.073072, 0.060379, 0.049614, 0.040542, 0.032949, 0.026633, 0.021416, 0.017138, 0.013655, 0.010845, 0.008601, 0.006834, 0.005469, 0.004446, 0.003719, 0.003252, 0.003025
0.003218, 0.003460, 0.003956, 0.004729, 0.005817, 0.007269, 0.009149, 0.011536, 0.014525, 0.018229, 0.022781, 0.028330, 0.035048, 0.043126, 0.052775, 0.064226, 0.077727, 0.093544, 0.111950, 0.133231, 0.157672, 0.185554, 0.217145, 0.252694, 0.292420, 0.336499, 0.385056, 0.438155, 0.495788, 0.557861, 0.624194, 0.694505, 0.768410, 0.845420, 0.924940, 1.006272, 1.088625, 1.171122, 1.252815, 1.332698, 1.409732, 1.482864, 1.551051, 1.613282, 1.668608, 1.716160, 1.755176, 1.785020, 1.805196, 1.815371, 1.815371, 1.805197, 1.785021, 1.755178, 1.716163, 1.668611, 1.613286, 1.551055, 1.482868, 1.409736, 1.332703, 1.252820, 1.171128, 1.088631, 1.006277, 0.924945, 0.845425, 0.768415, 0.694509, 0.624198, 0.557865, 0.495791, 0.438159, 0.385059, 0.336501, 0.292423, 0.252697, 0.217147, 0.185555, 0.157674, 0.133233, 0.111952, 0.093545, 0.077728, 0.064226, 0.052775, 0.043126, 0.035048, 0.028331, 0.022781, 0.018230, 0.014525, 0.011536, 0.009149, 0.007269, 0.005817, 0.004729, 0.003956, 0.003460, 0.003218
0.003402, 0.003658, 0.004183, 0.005001, 0.006151, 0.007686, 0.009674, 0.012197, 0.015358, 0.019275, 0.024088, 0.029956, 0.037059, 0.045600, 0.055802, 0.067910, 0.082186, 0.098910, 0.118373, 0.140874, 0.166717, 0.196197, 0.229601, 0.267189, 0.309194, 0.355800, 0.407143, 0.463288, 0.524226, 0.589859, 0.659996, 0.734339, 0.812483, 0.893910, 0.977990, 1.063987, 1.151063, 1.238292, 1.324669, 1.409133, 1.490584, 1.567910, 1.640007, 1.705808, 1.764306, 1.814586, 1.855839, 1.887393, 1.908727, 1.919485, 1.919485, 1.908729, 1.887395, 1.855841, 1.814589, 1.764310, 1.705812, 1.640012, 1.567915, 1.490589, 1.409138, 1.324674, 1.238297, 1.151069, 1.063992, 0.977995, 0.893915, 0.812488, 0.734344, 0.660001, 0.589863, 0.524229, 0.463291, 0.407146, 0.355803, 0.309196, 0.267192, 0.229603, 0.196199, 0.166718, 0.140876, 0.118374, 0.098911, 0.082187, 0.067911, 0.055803, 0.045600, 0.037059, 0.029956, 0.024088, 0.019276, 0.015358, 0.012198, 0.009674, 0.007686, 0.006151, 0.005001, 0.004183, 0.003658, 0.003402
0.003576, 0.003845, 0.004396, 0.005256, 0.006465, 0.008079, 0.010168, 0.012820, 0.016142, 0.020260, 0.025318, 0.031485, 0.038951, 0.047928, 0.058651, 0.071377, 0.086382, 0.103959, 0.124415, 0.148065, 0.175226, 0.206212, 0.241320, 0.280828, 0.324976, 0.373961, 0.427924, 0.486934, 0.550982, 0.619965, 0.693682, 0.771819, 0.853950, 0.939532, 1.027903, 1.118288, 1.209808, 1.301488, 1.392273, 1.481047, 1.566655, 1.647927, 1.723703, 1.792861, 1.854344, 1.907189, 1.950547, 1.983713, 2.006135, 2.017441, 2.017441, 2.006136, 1.983714, 1.950550, 1.907192, 1.854348, 1.792865, 1.723707, 1.647932, 1.566660, 1.481052, 1.392278, 1.301494, 1.209814, 1.118294, 1.027909, 0.939537, 0.853955, 0.771824, 0.693686, 0.619970, 0.550986, 0.486938, 0.427927, 0.373964, 0.324979, 0.280830, 0.241323, 0.206214, 0.175228, 0.148067, 0.124417, 0.103960, 0.086383, 0.071378, 0.058652, 0.047928, 0.038951, 0.031485, 0.025318, 0.020260, 0.016143, 0.012820, 0.010168, 0.008079, 0.006465, 0.005256, 0.004396, 0.003845, 0.003576
0.003736, 0.004017, 0.004593, 0.005491, 0.006755, 0.008440, 0.010623, 0.013394, 0.016865, 0.021167, 0.026451, 0.032895, 0.040694, 0.050073, 0.061277, 0.074572, 0.090249, 0.108613, 0.129984, 0.154693, 0.183070, 0.215442, 0.252122, 0.293397, 0.339521, 0.390699, 0.447076, 0.508727, 0.575641, 0.647712, 0.724726, 0.806360, 0.892167, 0.981578, 1.073903, 1.168333, 1.263949, 1.359731, 1.454578, 1.547324, 1.636762, 1.721671, 1.800837, 1.873090, 1.937324, 1.992533, 2.037832, 2.072481, 2.095907, 2.107719, 2.107720, 2.095908, 2.072483, 2.037834, 1.992536, 1.937328, 1.873094, 1.800842, 1.721676, 1.636768, 1.547330, 1.454584, 1.359737, 1.263955, 1.168339, 1.073909, 0.981584, 0.892172, 0.806365, 0.724732, 0.647716, 0.575645, 0.508731, 0.447080, 0.390702, 0.339524, 0.293400, 0.252124, 0.215444, 0.183072, 0.154695, 0.129986, 0.108614, 0.090250, 0.074573, 0.061277, 0.050074, 0.040695, 0.032895, 0.026452, 0.021167, 0.016865, 0.013394, 0.010623, 0.008440, 0.006755, 0.005491, 0.004593, 0.004017, 0.003736
0.003880, 0.004172, 0.004770, 0.005703, 0.007015, 0.008765, 0.011032, 0.013910, 0.017515, 0.021982, 0.027470, 0.034162, 0.042262, 0.052002, 0.063637, 0.077445, 0.093725, 0.112796, 0.134991, 0.160650, 0.190120, 0.223739, 0.261831, 0.304696, 0.352595, 0.405744, 0.464292, 0.528316, 0.597806, 0.672652, 0.752632, 0.837408, 0.926518, 1.019372, 1.115252, 1.213317, 1.312613, 1.412082, 1.510580, 1.606897, 1.699779, 1.787956, 1.870170, 1.945203, 2.011909, 2.069244, 2.116287, 2.152270, 2.176598, 2.188864, 2.188865, 2.176599, 2.152272, 2.116289, 2.069248, 2.011914, 1.945207, 1.870175, 1.787961, 1.699784, 1.606903, 1.510587, 1.412089, 1.312619, 1.213323, 1.115258, 1.019378, 0.926524, 0.837414, 0.752637, 0.672656, 0.597811, 0.528320, 0.464296, 0.405747, 0.352598, 0.304698, 0.261833, 0.223741, 0.190122, 0.160652, 0.134992, 0.112797, 0.093726, 0.077445, 0.063638, 0.052003, 0.042263, 0.034162, 0.027471, 0.021982, 0.017515, 0.013910, 0.011032, 0.008766, 0.007015, 0.005703, 0.004770, 0.004172, 0.003880
0.004006, 0.004307, 0.004924, 0.005887, 0.007241, 0.009049, 0.011389, 0.014360, 0.018081, 0.022692, 0.028358, 0.035265, 0.043627, 0.053682, 0.065692, 0.079946, 0.096752, 0.116439, 0.139350, 0.165839, 0.196260, 0.230965, 0.270287, 0.314535, 0.363982, 0.418846, 0.479285, 0.545376, 0.617110, 0.694371, 0.776934, 0.864447, 0.956434, 1.052285, 1.151260, 1.252491, 1.354993, 1.457674, 1.559351, 1.658777, 1.754658, 1.845681, 1.930549, 2.008003, 2.076864, 2.136049, 2.184610, 2.221754, 2.246868, 2.259531, 2.259532, 2.246869, 2.221756, 2.184613, 2.136052, 2.076868, 2.008008, 1.930554, 1.845686, 1.754663, 1.658783, 1.559358, 1.457680, 1.355000, 1.252498, 1.151266, 1.052291, 0.956440, 0.864453, 0.776939, 0.694376, 0.617114, 0.545380, 0.479288, 0.418850, 0.363985, 0.314538, 0.270289, 0.230967, 0.196262, 0.165840, 0.139352, 0.116440, 0.096753, 0.079947, 0.065693, 0.053683, 0.043628, 0.035266, 0.028358, 0.022693, 0.018081, 0.014360, 0.011389, 0.009049, 0.007242, 0.005887, 0.004924, 0.004307, 0.004006
0.004110, 0.004419, 0.005053, 0.006041, 0.007431, 0.009285, 0.011686, 0.014735, 0.018553, 0.023285, 0.029099, 0.036186, 0.044767, 0.055084, 0.067408, 0.082034, 0.099279, 0.119480, 0.142989, 0.170170, 0.201386, 0.236996, 0.277345, 0.322749, 0.373486, 0.429783, 0.491799, 0.559616, 0.633223, 0.712501, 0.797219, 0.887017, 0.981404, 1.079758, 1.181316, 1.285190, 1.390367, 1.495728, 1.600060, 1.702081, 1.800464, 1.893863, 1.980945, 2.060423, 2.131080, 2.191810, 2.241639, 2.279753, 2.305521, 2.318516, 2.318516, 2.305523, 2.279755, 2.241641, 2.191813, 2.131085, 2.060427, 1.980950, 1.893868, 1.800470, 1.702087, 1.600066, 1.495734, 1.390374, 1.285196, 1.181322, 1.079764, 0.981411, 0.887022, 0.797224, 0.712506, 0.633227, 0.559621, 0.491803, 0.429787, 0.373490, 0.322752, 0.277348, 0.236998, 0.201388, 0.170171, 0.142991, 0.119481, 0.099280, 0.082035, 0.067409, 0.055085, 0.044767, 0.036187, 0.029099, 0.023285, 0.018553, 0.014735, 0.011686, 0.009285, 0.007431, 0.006041, 0.005053, 0.004419, 0.004110
0.004192, 0.004508, 0.005154, 0.006162, 0.007579, 0.009471, 0.011920, 0.015029, 0.018924, 0.023750, 0.029680, 0.036909, 0.045661, 0.056185, 0.068755, 0.083673, 0.101262, 0.121866, 0.145845, 0.173568, 0.205407, 0.241729, 0.282883, 0.329193, 0.380944, 0.438364, 0.501618, 0.570789, 0.645864, 0.726725, 0.813133, 0.904723, 1.000995, 1.101311, 1.204896, 1.310843, 1.418120, 1.525583, 1.631997, 1.736054, 1.836401, 1.931663, 2.020483, 2.101547, 2.173615, 2.235557, 2.286380, 2.325257, 2.351539, 2.364793, 2.364793, 2.351540, 2.325259, 2.286383, 2.235560, 2.173620, 2.101552, 2.020488, 1.931669, 1.836406, 1.736061, 1.632003, 1.525589, 1.418126, 1.310850, 1.204903, 1.101317, 1.001001, 0.904729, 0.813139, 0.726730, 0.645869, 0.570793, 0.501622, 0.438368, 0.380947, 0.329196, 0.282886, 0.241731, 0.205409, 0.173570, 0.145847, 0.121867, 0.101263, 0.083674, 0.068756, 0.056185, 0.045662, 0.036910, 0.029680, 0.023751, 0.018924, 0.015030, 0.011920, 0.009471, 0.007579, 0.006162, 0.005154, 0.004508, 0.004192
0.004251, 0.004570, 0.005225, 0.006247, 0.007684, 0.009602, 0.012085, 0.015238, 0.019186, 0.024080, 0.030092, 0.037421, 0.046294, 0.056963, 0.069708, 0.084833, 0.102666, 0.123555, 0.147866, 0.175973, 0.208254, 0.245078, 0.286803, 0.333755, 0.386221, 0.444437, 0.508567, 0.578696, 0.654811, 0.736791, 0.824396, 0.917254, 1.014859, 1.116563, 1.221583, 1.328997, 1.437759, 1.546710, 1.654598, 1.760098, 1.861833, 1.958415, 2.048466, 2.130650, 2.203720, 2.266521, 2.318046, 2.357461, 2.384108, 2.397543, 2.397544, 2.384109, 2.357463, 2.318049, 2.266525, 2.203724, 2.130654, 2.048472, 1.958421, 1.861839, 1.760104, 1.654604, 1.546716, 1.437765, 1.329004, 1.221590, 1.116570, 1.014865, 0.917260, 0.824401, 0.736796, 0.654816, 0.578700, 0.508571, 0.444441, 0.386225, 0.333758, 0.286805, 0.245081, 0.208256, 0.175975, 0.147868, 0.123557, 0.102667, 0.084834, 0.069709, 0.056964, 0.046295, 0.037422, 0.030092, 0.024080, 0.019187, 0.015238, 0.012085, 0.009602, 0.007684, 0.006247, 0.005225, 0.004570, 0.004251
0.004284, 0.004606, 0.005266, 0.006296, 0.007744, 0.009677, 0.012179, 0.015357, 0.019336, 0.024267, 0.030326, 0.037713, 0.046655, 0.057407, 0.070251, 0.085493, 0.103464, 0.124517, 0.149017, 0.177342, 0.209874, 0.246985, 0.289033, 0.336350, 0.389225, 0.447893, 0.512521, 0.583195, 0.659901, 0.742518, 0.830804, 0.924383, 1.022746, 1.125241, 1.231077, 1.339325, 1.448932, 1.558730, 1.667457, 1.773775, 1.876302, 1.973635, 2.064386, 2.147211, 2.220845, 2.284132, 2.336057, 2.375776, 2.402630, 2.416170, 2.416171, 2.402631, 2.375778, 2.336060, 2.284135, 2.220849, 2.147216, 2.064391, 1.973641, 1.876308, 1.773781, 1.667463, 1.558737, 1.448938, 1.339332, 1.231083, 1.125248, 1.022752, 0.924389, 0.830809, 0.742524, 0.659906, 0.583199, 0.512525, 0.447897, 0.389228, 0.336353, 0.289036, 0.246987, 0.209876, 0.177344, 0.149018, 0.124518, 0.103465, 0.085494, 0.070251, 0.057408, 0.046655, 0.037713, 0.030326, 0.024268, 0.019336, 0.015357, 0.012179, 0.009677, 0.007744, 0.006296, 0.005266, 0.004606, 0.004284
0.004291, 0.004614, 0.005275, 0.006307, 0.007758, 0.009694, 0.012201, 0.015383, 0.019369, 0.024310, 0.030379, 0.037778, 0.046736, 0.057507, 0.070373, 0.085641, 0.103644, 0.124733, 0.149276, 0.177650, 0.210238, 0.247413, 0.289534, 0.336933, 0.389899, 0.448668, 0.513408, 0.584204, 0.661043, 0.743803, 0.832240, 0.925981, 1.024513, 1.127185, 1.233204, 1.341639, 1.451438, 1.561424, 1.670337, 1.776838, 1.879541, 1.977042, 2.067949, 2.150916, 2.224676, 2.288071, 2.340086, 2.379873, 2.406773, 2.420337, 2.420338, 2.406775, 2.379875, 2.340089, 2.288075, 2.224680, 2.150921, 2.067954, 1.977047, 1.879547, 1.776845, 1.670344, 1.561431, 1.451445, 1.341646, 1.233210, 1.127192, 1.024519, 0.925987, 0.832246, 0.743808, 0.661048, 0.584208, 0.513413, 0.448672, 0.389902, 0.336936, 0.289537, 0.247415, 0.210240, 0.177652, 0.149277, 0.124734, 0.103645, 0.085642, 0.070374, 0.057508, 0.046737, 0.037779, 0.030379, 0.024310, 0.019370, 0.015384, 0.012201, 0.009694, 0.007758, 0.006307, 0.005275, 0.004614, 0.004291
0.004273, 0.004594, 0.005253, 0.006280, 0.007725, 0.009653, 0.012149, 0.015318, 0.019287, 0.024206, 0.030249, 0.037617, 0.046536, 0.057261, 0.070072, 0.085276, 0.103201, 0.124200, 0.148638, 0.176891, 0.209339, 0.246355, 0.288296, 0.335492, 0.388231, 0.446749, 0.511212, 0.581704, 0.658213, 0.740618, 0.828677, 0.922016, 1.020127, 1.122360, 1.227927, 1.335897, 1.445222, 1.554737, 1.663182, 1.769226, 1.871489, 1.968571, 2.059088, 2.141699, 2.215142, 2.278265, 2.330058, 2.369674, 2.396458, 2.409964, 2.409964, 2.396459, 2.369676, 2.330061, 2.278269, 2.215146, 2.141703, 2.059093, 1.968576, 1.871494, 1.769232, 1.663188, 1.554743, 1.445229, 1.335904, 1.227933, 1.122366, 1.020133, 0.922022, 0.828683, 0.740624, 0.658218, 0.581708, 0.511216, 0.446752, 0.388235, 0.335495, 0.288299, 0.246357, 0.209341, 0.176893, 0.148639, 0.124201, 0.103203, 0.085277, 0.070073, 0.057262, 0.046537, 0.037618, 0.030250, 0.024206, 0.019287, 0.015318, 0.012149, 0.009653, 0.007725, 0.006280, 0.005253, 0.004594, 0.004273
0.004229, 0.004547, 0.005199, 0.006216, 0.007646, 0.009554, 0.012024, 0.015161, 0.019089, 0.023958, 0.029939, 0.037232, 0.046060, 0.056674, 0.069354, 0.084402, 0.102144, 0.122927, 0.147114, 0.175078, 0.207193, 0.243829, 0.285340, 0.332052, 0.384250, 0.442167, 0.505969, 0.575737, 0.651462, 0.733022, 0.820177, 0.912559, 1.009663, 1.110850, 1.215330, 1.322192, 1.430395, 1.538785, 1.646117, 1.751073, 1.852286, 1.948370, 2.037958, 2.119720, 2.192410, 2.254885, 2.306146, 2.345355, 2.371864, 2.385231, 2.385231, 2.371865, 2.345357, 2.306149, 2.254888, 2.192414, 2.119725, 2.037963, 1.948375, 1.852291, 1.751078, 1.646124, 1.538792, 1.430401, 1.322199, 1.215337, 1.110856, 1.009669, 0.912565, 0.820182, 0.733027, 0.651467, 0.575742, 0.505973, 0.442171, 0.384253, 0.332055, 0.285343, 0.243832, 0.207195, 0.175079, 0.147116, 0.122928, 0.102145, 0.084403, 0.069355, 0.056675, 0.046060, 0.037232, 0.029940, 0.023958, 0.019090, 0.015161, 0.012024, 0.009554, 0.007646, 0.006216, 0.005199, 0.004547, 0.004229
0.004161, 0.004474, 0.005115, 0.006115, 0.007522, 0.009399, 0.011830, 0.014916, 0.018780, 0.023570, 0.029455, 0.036629, 0.045314, 0.055757, 0.068231, 0.083035, 0.100490, 0.120936, 0.144732, 0.172242, 0.203837, 0.239880, 0.280719, 0.326673, 0.378026, 0.435005, 0.497772, 0.566411, 0.640908, 0.721146, 0.806890, 0.897777, 0.993308, 1.092852, 1.195640, 1.300770, 1.407218, 1.513852, 1.619444, 1.722697, 1.822269, 1.916796, 2.004932, 2.085370, 2.156881, 2.218343, 2.268773, 2.307346, 2.333426, 2.346576, 2.346576, 2.333427, 2.307348, 2.268776, 2.218347, 2.156885, 2.085374, 2.004937, 1.916802, 1.822275, 1.722703, 1.619450, 1.513858, 1.407225, 1.300776, 1.195646, 1.092858, 0.993314, 0.897782, 0.806895, 0.721151, 0.640913, 0.566415, 0.497776, 0.435008, 0.378029, 0.326676, 0.280721, 0.239883, 0.203839, 0.172244, 0.144733, 0.120938, 0.100491, 0.083036, 0.068232, 0.055758, 0.045315, 0.036629, 0.029455, 0.023570, 0.018781, 0.014916, 0.011830, 0.009399, 0.007522, 0.006115, 0.005115, 0.004474, 0.004161
0.004069, 0.004375, 0.005002, 0.005980, 0.007356, 0.009192, 0.011568, 0.014586, 0.018365, 0.023049, 0.028804, 0.035820, 0.044313, 0.054525, 0.066723, 0.081200, 0.098269, 0.118263, 0.141533, 0.168435, 0.199331, 0.234577, 0.274513, 0.319452, 0.369669, 0.425387, 0.486767, 0.553888, 0.626738, 0.705202, 0.789050, 0.877926, 0.971345, 1.068688, 1.169202, 1.272006, 1.376101, 1.480375, 1.583632, 1.684601, 1.781970, 1.874407, 1.960593, 2.039252, 2.109181, 2.169284, 2.218598, 2.256318, 2.281821, 2.294680, 2.294681, 2.281822, 2.256320, 2.218601, 2.169287, 2.109185, 2.039256, 1.960598, 1.874412, 1.781976, 1.684608, 1.583638, 1.480382, 1.376107, 1.272013, 1.169208, 1.068694, 0.971351, 0.877932, 0.789055, 0.705207, 0.626743, 0.553892, 0.486771, 0.425391, 0.369672, 0.319454, 0.274515, 0.234580, 0.199334, 0.168437, 0.141534, 0.118265, 0.098270, 0.081201, 0.066724, 0.054525, 0.044313, 0.035820, 0.028804, 0.023050, 0.018366, 0.014586, 0.011568, 0.009192, 0.007356, 0.005980, 0.005002, 0.004375, 0.004069
0.003955, 0.004253, 0.004862, 0.005813, 0.007150, 0.008934, 0.011245, 0.014178, 0.017852, 0.022405, 0.027998, 0.034817, 0.043073, 0.052999, 0.064856, 0.078928, 0.095519, 0.114954, 0.137573, 0.163722, 0.193754, 0.228013, 0.266831, 0.310512, 0.359323, 0.413483, 0.473144, 0.538386, 0.609197, 0.685465, 0.766967, 0.853356, 0.944159, 1.038777, 1.136477, 1.236404, 1.337584, 1.438939, 1.539305, 1.637448, 1.732091, 1.821940, 1.905713, 1.982168, 2.050140, 2.108561, 2.156495, 2.193160, 2.217948, 2.230448, 2.230448, 2.217949, 2.193161, 2.156497, 2.108564, 2.050144, 1.982173, 1.905717, 1.821945, 1.732096, 1.637454, 1.539311, 1.438945, 1.337590, 1.236410, 1.136483, 1.038782, 0.944165, 0.853361, 0.766972, 0.685470, 0.609202, 0.538391, 0.473148, 0.413486, 0.359327, 0.310515, 0.266834, 0.228016, 0.193756, 0.163724, 0.137574, 0.114956, 0.095520, 0.078929, 0.064857, 0.053000, 0.043073, 0.034818, 0.027998, 0.022405, 0.017852, 0.014178, 0.011245, 0.008935, 0.007150, 0.005813, 0.004862, 0.004253, 0.003955
0.003822, 0.004109, 0.004698, 0.005617, 0.006908, 0.008632, 0.010864, 0.013699, 0.017248, 0.021647, 0.027051, 0.033640, 0.041616, 0.051207, 0.062663, 0.076258, 0.092288, 0.111066, 0.132919, 0.158184, 0.187200, 0.220300, 0.257805, 0.300008, 0.347168, 0.399495, 0.457138, 0.520173, 0.588588, 0.662277, 0.741021, 0.824486, 0.912217, 1.003632, 1.098027, 1.194572, 1.292328, 1.390255, 1.487224, 1.582046, 1.673486, 1.760295, 1.841232, 1.915101, 1.980772, 2.037217, 2.083529, 2.118952, 2.142902, 2.154979, 2.154979, 2.142903, 2.118953, 2.083531, 2.037220, 1.980776, 1.915105, 1.841237, 1.760300, 1.673491, 1.582051, 1.487230, 1.390260, 1.292334, 1.194578, 1.098032, 1.003638, 0.912222, 0.824491, 0.741026, 0.662282, 0.588593, 0.520177, 0.457142, 0.399499, 0.347171, 0.300011, 0.257807, 0.220303, 0.187202, 0.158186, 0.132921, 0.111067, 0.092290, 0.076259, 0.062664, 0.051207, 0.041617, 0.033640, 0.027052, 0.021647, 0.017248, 0.013699, 0.010865, 0.008632, 0.006908, 0.005617, 0.004698, 0.004109, 0.003822
0.003670, 0.003946, 0.004512, 0.005394, 0.006635, 0.008290, 0.010434, 0.013156, 0.016565, 0.020789, 0.025979, 0.032307, 0.039967, 0.049177, 0.060179, 0.073236, 0.088631, 0.106664, 0.127651, 0.151914, 0.179780, 0.211568, 0.247586, 0.288116, 0.333407, 0.383660, 0.439017, 0.499553, 0.565256, 0.636025, 0.711646, 0.791801, 0.876054, 0.963845, 1.054497, 1.147214, 1.241095, 1.335139, 1.428263, 1.519326, 1.607140, 1.690506, 1.768235, 1.839175, 1.902243, 1.956449, 2.000924, 2.034943, 2.057943, 2.069541, 2.069541, 2.057944, 2.034945, 2.000926, 1.956452, 1.902246, 1.839179, 1.768239, 1.690511, 1.607145, 1.519331, 1.428269, 1.335144, 1.241100, 1.147220, 1.054502, 0.963850, 0.876059, 0.791806, 0.711651, 0.636029, 0.565261, 0.499557, 0.439021, 0.383663, 0.333410, 0.288119, 0.247589, 0.211570, 0.179782, 0.151916, 0.127652, 0.106665, 0.088632, 0.073237, 0.060180, 0.049178, 0.039967, 0.032307, 0.025979, 0.020789, 0.016565, 0.013156, 0.010434, 0.008290, 0.006635, 0.005394, 0.004512, 0.003946, 0.003670
0.003504, 0.003767, 0.004307, 0.005149, 0.006333, 0.007914, 0.009960, 0.012558, 0.015812, 0.019845, 0.024799, 0.030840, 0.038152, 0.046944, 0.057447, 0.069910, 0.084606, 0.101820, 0.121854, 0.145015, 0.171615, 0.201960, 0.236342, 0.275031, 0.318264, 0.366235, 0.419078, 0.476864, 0.539584, 0.607137, 0.679323, 0.755838, 0.836263, 0.920066, 1.006600, 1.095106, 1.184722, 1.274493, 1.363387, 1.450313, 1.534138, 1.613718, 1.687915, 1.755633, 1.815836, 1.867579, 1.910034, 1.942507, 1.964463, 1.975535, 1.975535, 1.964464, 1.942509, 1.910036, 1.867582, 1.815839, 1.755636, 1.687919, 1.613722, 1.534143, 1.450318, 1.363393, 1.274498, 1.184727, 1.095111, 1.006605, 0.920071, 0.836268, 0.755843, 0.679328, 0.607141, 0.539587, 0.476868, 0.419082, 0.366238, 0.318267, 0.275034, 0.236344, 0.201962, 0.171617, 0.145017, 0.121855, 0.101821, 0.084607, 0.069911, 0.057447, 0.046945, 0.038152, 0.030840, 0.024800, 0.019845, 0.015813, 0.012559, 0.009960, 0.007914, 0.006333, 0.005149, 0.004307, 0.003767, 0.003504
0.003324, 0.003574, 0.004087, 0.004886, 0.006009, 0.007509, 0.009451, 0.011916, 0.015004, 0.018830, 0.023531, 0.029262, 0.036200, 0.044543, 0.054508, 0.066334, 0.080278, 0.096611, 0.115620, 0.137596, 0.162836, 0.191628, 0.224250, 0.260960, 0.301981, 0.347497, 0.397637, 0.452466, 0.511976, 0.576073, 0.644566, 0.717165, 0.793475, 0.872989, 0.955095, 1.039073, 1.124102, 1.209280, 1.293626, 1.376103, 1.455639, 1.531146, 1.601547, 1.665799, 1.722920, 1.772016, 1.812299, 1.843111, 1.863943, 1.874447, 1.874447, 1.863944, 1.843112, 1.812301, 1.772019, 1.722923, 1.665802, 1.601551, 1.531150, 1.455643, 1.376108, 1.293631, 1.209285, 1.124107, 1.039078, 0.955100, 0.872994, 0.793479, 0.717169, 0.644570, 0.576077, 0.511980, 0.452470, 0.397640, 0.347500, 0.301984, 0.260962, 0.224253, 0.191629, 0.162837, 0.137598, 0.115621, 0.096612, 0.080279, 0.066335, 0.054509, 0.044543, 0.036201, 0.029263, 0.023531, 0.018830, 0.015004, 0.011916, 0.009451, 0.007509, 0.006010, 0.004886, 0.004087, 0.003574, 0.003324
0.003135, 0.003371, 0.003854, 0.004608, 0.005668, 0.007082, 0.008913, 0.011238, 0.014150, 0.017759, 0.022193, 0.027598, 0.034142, 0.042010, 0.051408, 0.062562, 0.075712, 0.091117, 0.109044, 0.129771, 0.153575, 0.180729, 0.211496, 0.246118, 0.284806, 0.327733, 0.375021, 0.426732, 0.482857, 0.543308, 0.607905, 0.676374, 0.748343, 0.823334, 0.900770, 0.979970, 1.060163, 1.140496, 1.220043, 1.297829, 1.372841, 1.444052, 1.510448, 1.571045, 1.624917, 1.671220, 1.709211, 1.738270, 1.757917, 1.767824, 1.767824, 1.757918, 1.738272, 1.709213, 1.671223, 1.624920, 1.571048, 1.510452, 1.444056, 1.372845, 1.297834, 1.220048, 1.140500, 1.060168, 0.979974, 0.900774, 0.823339, 0.748347, 0.676378, 0.607909, 0.543312, 0.482861, 0.426735, 0.375024, 0.327736, 0.284809, 0.246120, 0.211498, 0.180731, 0.153576, 0.129772, 0.109046, 0.091118, 0.075713, 0.062562, 0.051409, 0.042010, 0.034142, 0.027599, 0.022193, 0.017759, 0.014151, 0.011239, 0.008913, 0.007082, 0.005668, 0.004608, 0.003854, 0.003371, 0.003135
0.002939, 0.003160, 0.003613, 0.004320, 0.005313, 0.006639, 0.008356, 0.010536, 0.013265, 0.016648, 0.020805, 0.025872, 0.032006, 0.039382, 0.048193, 0.058648, 0.070976, 0.085417, 0.102223, 0.121653, 0.143968, 0.169424, 0.198266, 0.230722, 0.266990, 0.307231, 0.351561, 0.400037, 0.452651, 0.509320, 0.569875, 0.634061, 0.701527, 0.771827, 0.844417, 0.918662, 0.993838, 1.069145, 1.143716, 1.216635, 1.286954, 1.353710, 1.415951, 1.472757, 1.523258, 1.566665, 1.602279, 1.629520, 1.647937, 1.657224, 1.657225, 1.647938, 1.629521, 1.602281, 1.566667, 1.523261, 1.472760, 1.415955, 1.353714, 1.286958, 1.216640, 1.143720, 1.069149, 0.993843, 0.918667, 0.844422, 0.771831, 0.701531, 0.634065, 0.569879, 0.509324, 0.452654, 0.400040, 0.351564, 0.307234, 0.266992, 0.230724, 0.198268, 0.169425, 0.143969, 0.121655, 0.102225, 0.085418, 0.070977, 0.058649, 0.048193, 0.039383, 0.032007, 0.025872, 0.020805, 0.016649, 0.013266, 0.010536, 0.008356, 0.006639, 0.005313, 0.004320, 0.003613, 0.003160, 0.002939
0.002739, 0.002945, 0.003367, 0.004025, 0.004951, 0.006186, 0.007786, 0.009817, 0.012361, 0.015513, 0.019386, 0.024108, 0.029823, 0.036696, 0.044906, 0.054649, 0.066136, 0.079592, 0.095252, 0.113356, 0.134149, 0.157869, 0.184744, 0.214986, 0.248780, 0.286277, 0.327583, 0.372752, 0.421777, 0.474580, 0.531005, 0.590813, 0.653677, 0.719182, 0.786821, 0.856002, 0.926049, 0.996219, 1.065703, 1.133649, 1.199171, 1.261373, 1.319369, 1.372300, 1.419356, 1.459801, 1.492986, 1.518369, 1.535530, 1.544184, 1.544184, 1.535531, 1.518371, 1.492988, 1.459803, 1.419359, 1.372303, 1.319372, 1.261377, 1.199175, 1.133653, 1.065707, 0.996223, 0.926053, 0.856006, 0.786825, 0.719186, 0.653681, 0.590817, 0.531009, 0.474583, 0.421780, 0.372755, 0.327585, 0.286279, 0.248782, 0.214988, 0.184746, 0.157870, 0.134150, 0.113358, 0.095253, 0.079593, 0.066137, 0.054649, 0.044906, 0.036697, 0.029824, 0.024108, 0.019386, 0.015513, 0.012361, 0.009817, 0.007786, 0.006187, 0.004951, 0.004025, 0.003367, 0.002945, 0.002739
0.002537, 0.002727, 0.003118, 0.003728, 0.004586, 0.005730, 0.007211, 0.009092, 0.011448, 0.014368, 0.017955, 0.022328, 0.027622, 0.033988, 0.041591, 0.050615, 0.061254, 0.073717, 0.088221, 0.104989, 0.124246, 0.146215, 0.171106, 0.199116, 0.230415, 0.265144, 0.303400, 0.345235, 0.390640, 0.439545, 0.491804, 0.547197, 0.605420, 0.666089, 0.728734, 0.792807, 0.857684, 0.922673, 0.987027, 1.049956, 1.110641, 1.168251, 1.221965, 1.270988, 1.314570, 1.352029, 1.382764, 1.406272, 1.422167, 1.430181, 1.430181, 1.422168, 1.406274, 1.382765, 1.352031, 1.314573, 1.270991, 1.221968, 1.168254, 1.110644, 1.049960, 0.987031, 0.922677, 0.857688, 0.792811, 0.728738, 0.666093, 0.605424, 0.547200, 0.491807, 0.439548, 0.390643, 0.345237, 0.303402, 0.265146, 0.230417, 0.199118, 0.171108, 0.146216, 0.124248, 0.104990, 0.088221, 0.073718, 0.061255, 0.050615, 0.041592, 0.033988, 0.027622, 0.022328, 0.017955, 0.014368, 0.011449, 0.009093, 0.007211, 0.005730, 0.004586, 0.003728, 0.003118, 0.002728, 0.002537
0.002335, 0.002511, 0.002871, 0.003432, 0.004222, 0.005275, 0.006639, 0.008371, 0.010539, 0.013227, 0.016529, 0.020555, 0.025429, 0.031289, 0.038289, 0.046596, 0.056390, 0.067864, 0.081216, 0.096652, 0.114381, 0.134605, 0.157520, 0.183305, 0.212119, 0.244090, 0.279308, 0.317821, 0.359621, 0.404642, 0.452751, 0.503745, 0.557345, 0.613196, 0.670867, 0.729851, 0.789576, 0.849404, 0.908648, 0.966579, 1.022444, 1.075480, 1.124928, 1.170058, 1.210179, 1.244664, 1.272957, 1.294599, 1.309231, 1.316610, 1.316610, 1.309232, 1.294600, 1.272959, 1.244666, 1.210182, 1.170060, 1.124931, 1.075483, 1.022448, 0.966583, 0.908651, 0.849407, 0.789579, 0.729855, 0.670870, 0.613199, 0.557348, 0.503748, 0.452754, 0.404644, 0.359623, 0.317823, 0.279310, 0.244092, 0.212121, 0.183307, 0.157521, 0.134606, 0.114382, 0.096653, 0.081217, 0.067864, 0.056391, 0.046596, 0.038289, 0.031289, 0.025429, 0.020556, 0.016530, 0.013227, 0.010540, 0.008371, 0.006639, 0.005275, 0.004222, 0.003432, 0.002871, 0.002511, 0.002335
0.002137, 0.002298, 0.002627, 0.003141, 0.003863, 0.004827, 0.006075, 0.007660, 0.009644, 0.012104, 0.015125, 0.018809, 0.023269, 0.028631, 0.035036, 0.042637, 0.051600, 0.062098, 0.074316, 0.088441, 0.104664, 0.123169, 0.144137, 0.167732, 0.194098, 0.223352, 0.255579, 0.290819, 0.329068, 0.370263, 0.414285, 0.460947, 0.509993, 0.561098, 0.613869, 0.667842, 0.722492, 0.777237, 0.831447, 0.884456, 0.935575, 0.984104, 1.029351, 1.070647, 1.107359, 1.138913, 1.164802, 1.184605, 1.197994, 1.204746, 1.204746, 1.197995, 1.184606, 1.164804, 1.138914, 1.107361, 1.070649, 1.029354, 0.984107, 0.935578, 0.884459, 0.831450, 0.777240, 0.722495, 0.667845, 0.613872, 0.561101, 0.509996, 0.460949, 0.414288, 0.370266, 0.329070, 0.290821, 0.255581, 0.223354, 0.194100, 0.167734, 0.144139, 0.123171, 0.104665, 0.088442, 0.074317, 0.062099, 0.051600, 0.042638, 0.035037, 0.028631, 0.023269, 0.018809, 0.015125, 0.012104, 0.009644, 0.007660, 0.006075, 0.004827, 0.003863, 0.003141, 0.002627, 0.002298, 0.002137
0.001944, 0.002090, 0.002389, 0.002856, 0.003513, 0.004390, 0.005525, 0.006967, 0.008772, 0.011009, 0.013757, 0.017107, 0.021164, 0.026041, 0.031866, 0.038780, 0.046931, 0.056480, 0.067592, 0.080439, 0.095194, 0.112025, 0.131096, 0.152556, 0.176536, 0.203144, 0.232454, 0.264506, 0.299293, 0.336761, 0.376800, 0.419239, 0.463848, 0.510329, 0.558325, 0.607414, 0.657119, 0.706910, 0.756215, 0.804428, 0.850921, 0.895059, 0.936212, 0.973770, 1.007161, 1.035860, 1.059407, 1.077417, 1.089594, 1.095735, 1.095735, 1.089595, 1.077418, 1.059408, 1.035861, 1.007163, 0.973772, 0.936214, 0.895061, 0.850923, 0.804430, 0.756218, 0.706913, 0.657122, 0.607417, 0.558328, 0.510332, 0.463850, 0.419241, 0.376802, 0.336764, 0.299296, 0.264508, 0.232456, 0.203145, 0.176538, 0.152557, 0.131097, 0.112026, 0.095195, 0.080440, 0.067593, 0.056481, 0.046932, 0.038780, 0.031867, 0.026041, 0.021164, 0.017108, 0.013757, 0.011009, 0.008772, 0.006967, 0.005525, 0.004390, 0.003514, 0.002857, 0.002389, 0.002090, 0.001944
0.001757, 0.001889, 0.002160, 0.002582, 0.003176, 0.003969, 0.004995, 0.006298, 0.007930, 0.009952, 0.012437, 0.015466, 0.019133, 0.023542, 0.028808, 0.035058, 0.042428, 0.051060, 0.061106, 0.072720, 0.086059, 0.101275, 0.118515, 0.137916, 0.159594, 0.183648, 0.210146, 0.239122, 0.270570, 0.304442, 0.340638, 0.379004, 0.419332, 0.461352, 0.504741, 0.549120, 0.594054, 0.639067, 0.683640, 0.727225, 0.769256, 0.809157, 0.846361, 0.880314, 0.910500, 0.936445, 0.957732, 0.974014, 0.985022, 0.990574, 0.990574, 0.985023, 0.974015, 0.957733, 0.936446, 0.910502, 0.880316, 0.846363, 0.809160, 0.769258, 0.727227, 0.683642, 0.639069, 0.594057, 0.549122, 0.504744, 0.461355, 0.419334, 0.379007, 0.340640, 0.304445, 0.270572, 0.239123, 0.210148, 0.183650, 0.159596, 0.137917, 0.118516, 0.101276, 0.086059, 0.072721, 0.061106, 0.051060, 0.042428, 0.035059, 0.028809, 0.023542, 0.019133, 0.015466, 0.012437, 0.009952, 0.007930, 0.006298, 0.004995, 0.003969, 0.003176, 0.002582, 0.002160, 0.001889, 0.001757
0.001579, 0.001698, 0.001941, 0.002321, 0.002854, 0.003566, 0.004489, 0.005659, 0.007126, 0.008943, 0.011175, 0.013897, 0.017192, 0.021154, 0.025887, 0.031503, 0.038125, 0.045881, 0.054908, 0.065345, 0.077330, 0.091003, 0.106495, 0.123927, 0.143407, 0.165022, 0.188832, 0.214868, 0.243127, 0.273563, 0.306088, 0.340562, 0.376798, 0.414557, 0.453545, 0.493422, 0.533799, 0.574246, 0.614298, 0.653462, 0.691229, 0.727084, 0.760513, 0.791023, 0.818147, 0.841460, 0.860588, 0.875219, 0.885110, 0.890098, 0.890098, 0.885111, 0.875219, 0.860589, 0.841461, 0.818149, 0.791025, 0.760515, 0.727086, 0.691232, 0.653464, 0.614300, 0.574249, 0.533802, 0.493425, 0.453548, 0.414559, 0.376801, 0.340564, 0.306090, 0.273565, 0.243129, 0.214870, 0.188833, 0.165023, 0.143409, 0.123929, 0.106496, 0.091004, 0.077331, 0.065345, 0.054909, 0.045882, 0.038125, 0.031503, 0.025887, 0.021154, 0.017192, 0.013897, 0.011176, 0.008943, 0.007126, 0.005659, 0.004489, 0.003566, 0.002854, 0.002321, 0.001941, 0.001698, 0.001579
0.001410, 0.001516, 0.001734, 0.002073, 0.002549, 0.003185, 0.004009, 0.005055, 0.006364, 0.007987, 0.009981, 0.012412, 0.015355, 0.018894, 0.023121, 0.028137, 0.034051, 0.040979, 0.049041, 0.058362, 0.069067, 0.081279, 0.095116, 0.110686, 0.128084, 0.147389, 0.168654, 0.191909, 0.217148, 0.244332, 0.273381, 0.304171, 0.336535, 0.370258, 0.405081, 0.440697, 0.476759, 0.512884, 0.548656, 0.583635, 0.617366, 0.649389, 0.679247, 0.706496, 0.730722, 0.751543, 0.768627, 0.781694, 0.790529, 0.794984, 0.794984, 0.790530, 0.781695, 0.768628, 0.751544, 0.730723, 0.706498, 0.679248, 0.649391, 0.617368, 0.583637, 0.548658, 0.512886, 0.476761, 0.440699, 0.405083, 0.370260, 0.336537, 0.304173, 0.273382, 0.244334, 0.217150, 0.191910, 0.168656, 0.147390, 0.128085, 0.110687, 0.095117, 0.081280, 0.069068, 0.058363, 0.049042, 0.040979, 0.034051, 0.028137, 0.023121, 0.018894, 0.015356, 0.012413, 0.009982, 0.007988, 0.006364, 0.005055, 0.004009, 0.003185, 0.002549, 0.002073, 0.001734, 0.001516, 0.001410
0.001252, 0.001346, 0.001539, 0.001840, 0.002263, 0.002828, 0.003559, 0.004487, 0.005650, 0.007091, 0.008861, 0.011019, 0.013632, 0.016773, 0.020526, 0.024979, 0.030229, 0.036379, 0.043537, 0.051812, 0.061315, 0.072156, 0.084439, 0.098261, 0.113707, 0.130844, 0.149723, 0.170367, 0.192773, 0.216906, 0.242693, 0.270028, 0.298759, 0.328696, 0.359610, 0.391227, 0.423242, 0.455311, 0.487067, 0.518120, 0.548064, 0.576493, 0.602999, 0.627190, 0.648696, 0.667180, 0.682346, 0.693947, 0.701790, 0.705744, 0.705744, 0.701790, 0.693947, 0.682347, 0.667181, 0.648697, 0.627191, 0.603001, 0.576495, 0.548066, 0.518122, 0.487069, 0.455313, 0.423243, 0.391229, 0.359611, 0.328698, 0.298760, 0.270029, 0.242695, 0.216907, 0.192775, 0.170368, 0.149724, 0.130846, 0.113708, 0.098262, 0.084440, 0.072157, 0.061315, 0.051812, 0.043537, 0.036380, 0.030229, 0.024979, 0.020526, 0.016773, 0.013632, 0.011019, 0.008861, 0.007091, 0.005650, 0.004487, 0.003559, 0.002828, 0.002263, 0.001840, 0.001539, 0.001346, 0.001252
0.001105, 0.001188, 0.001358, 0.001624, 0.001997, 0.002495, 0.003140, 0.003960, 0.004986, 0.006257, 0.007819, 0.009723, 0.012029, 0.014801, 0.018112, 0.022041, 0.026674, 0.032101, 0.038416, 0.045718, 0.054103, 0.063669, 0.074508, 0.086705, 0.100333, 0.115455, 0.132113, 0.150329, 0.170100, 0.191394, 0.214149, 0.238268, 0.263620, 0.290036, 0.317313, 0.345212, 0.373461, 0.401758, 0.429780, 0.457180, 0.483603, 0.508687, 0.532076, 0.553421, 0.572397, 0.588708, 0.602090, 0.612326, 0.619246, 0.622736, 0.622736, 0.619247, 0.612326, 0.602090, 0.588708, 0.572399, 0.553422, 0.532077, 0.508689, 0.483604, 0.457182, 0.429781, 0.401760, 0.373462, 0.345214, 0.317315, 0.290038, 0.263621, 0.238270, 0.214150, 0.191396, 0.170101, 0.150331, 0.132114, 0.115456, 0.100334, 0.086705, 0.074509, 0.063670, 0.054104, 0.045718, 0.038417, 0.032101, 0.026674, 0.022041, 0.018112, 0.014801, 0.012029, 0.009723, 0.007819, 0.006257, 0.004986, 0.003960, 0.003141, 0.002495, 0.001997, 0.001624, 0.001358, 0.001188, 0.001105
0.000969, 0.001042, 0.001191, 0.001424, 0.001751, 0.002189, 0.002754, 0.003473, 0.004373, 0.005488, 0.006858, 0.008528, 0.010550, 0.012981, 0.015885, 0.019331, 0.023394, 0.028154, 0.033693, 0.040097, 0.047452, 0.055842, 0.065348, 0.076045, 0.087998, 0.101260, 0.115870, 0.131847, 0.149187, 0.167863, 0.187819, 0.208973, 0.231208, 0.254376, 0.278299, 0.302768, 0.327543, 0.352361, 0.376937, 0.400969, 0.424143, 0.446143, 0.466656, 0.485377, 0.502020, 0.516325, 0.528061, 0.537039, 0.543109, 0.546169, 0.546169, 0.543109, 0.537040, 0.528062, 0.516325, 0.502021, 0.485378, 0.466657, 0.446144, 0.424144, 0.400970, 0.376939, 0.352363, 0.327545, 0.302769, 0.278301, 0.254378, 0.231209, 0.208974, 0.187821, 0.167864, 0.149188, 0.131848, 0.115871, 0.101261, 0.087998, 0.076045, 0.065348, 0.055842, 0.047452, 0.040098, 0.033694, 0.028154, 0.023395, 0.019331, 0.015885, 0.012981, 0.010550, 0.008528, 0.006858, 0.005488, 0.004373, 0.003473, 0.002754, 0.002189, 0.001752, 0.001424, 0.001191, 0.001042, 0.000969
0.000845, 0.000908, 0.001038, 0.001241, 0.001527, 0.001908, 0.002401, 0.003027, 0.003812, 0.004784, 0.005978, 0.007434, 0.009197, 0.011316, 0.013848, 0.016852, 0.020394, 0.024543, 0.029372, 0.034955, 0.041366, 0.048680, 0.056967, 0.066292, 0.076712, 0.088274, 0.101010, 0.114937, 0.130053, 0.146334, 0.163731, 0.182172, 0.201555, 0.221752, 0.242606, 0.263937, 0.285534, 0.307169, 0.328593, 0.349542, 0.369744, 0.388923, 0.406804, 0.423124, 0.437633, 0.450103, 0.460335, 0.468161, 0.473452, 0.476120, 0.476120, 0.473452, 0.468161, 0.460335, 0.450104, 0.437634, 0.423125, 0.406805, 0.388924, 0.369745, 0.349543, 0.328594, 0.307171, 0.285536, 0.263938, 0.242608, 0.221753, 0.201556, 0.182173, 0.163732, 0.146335, 0.130054, 0.114938, 0.101011, 0.088274, 0.076713, 0.066292, 0.056967, 0.048680, 0.041367, 0.034955, 0.029372, 0.024544, 0.020394, 0.016852, 0.013848, 0.011316, 0.009197, 0.007434, 0.005978, 0.004784, 0.003812, 0.003028, 0.002401, 0.001908, 0.001527, 0.001241, 0.001038, 0.000908, 0.000845
0.000732, 0.000787, 0.000900, 0.001076, 0.001323, 0.001653, 0.002081, 0.002623, 0.003303, 0.004145, 0.005180, 0.006442, 0.007969, 0.009805, 0.011999, 0.014602, 0.017671, 0.021266, 0.025450, 0.030288, 0.035843, 0.042180, 0.049360, 0.057440, 0.066469, 0.076487, 0.087523, 0.099590, 0.112688, 0.126795, 0.141869, 0.157847, 0.174642, 0.192142, 0.210212, 0.228694, 0.247408, 0.266154, 0.284717, 0.302869, 0.320373, 0.336991, 0.352484, 0.366625, 0.379196, 0.390001, 0.398866, 0.405648, 0.410233, 0.412545, 0.412545, 0.410233, 0.405648, 0.398867, 0.390002, 0.379197, 0.366626, 0.352485, 0.336992, 0.320374, 0.302870, 0.284718, 0.266155, 0.247409, 0.228695, 0.210213, 0.192143, 0.174643, 0.157848, 0.141870, 0.126796, 0.112689, 0.099591, 0.087523, 0.076488, 0.066470, 0.057441, 0.049361, 0.042181, 0.035843, 0.030288, 0.025451, 0.021267, 0.017671, 0.014602, 0.011999, 0.009805, 0.007969, 0.006442, 0.005180, 0.004145, 0.003303, 0.002623, 0.002081, 0.001653, 0.001323, 0.001076, 0.000900, 0.000787, 0.000732
0.000630, 0.000678, 0.000775, 0.000926, 0.001139, 0.001424, 0.001792, 0.002259, 0.002845, 0.003570, 0.004461, 0.005548, 0.006863, 0.008445, 0.010334, 0.012576, 0.015219, 0.018315, 0.021919, 0.026085, 0.030869, 0.036327, 0.042511, 0.049470, 0.057246, 0.065873, 0.075377, 0.085770, 0.097050, 0.109200, 0.122182, 0.135943, 0.150407, 0.165479, 0.181041, 0.196959, 0.213075, 0.229220, 0.245207, 0.260840, 0.275915, 0.290227, 0.303570, 0.315748, 0.326575, 0.335881, 0.343516, 0.349356, 0.353304, 0.355295, 0.355295, 0.353304, 0.349356, 0.343516, 0.335881, 0.326576, 0.315749, 0.303571, 0.290227, 0.275916, 0.260841, 0.245208, 0.229221, 0.213076, 0.196960, 0.181042, 0.165480, 0.150408, 0.135944, 0.122183, 0.109200, 0.097051, 0.085771, 0.075378, 0.065874, 0.057246, 0.049470, 0.042511, 0.036327, 0.030869, 0.026085, 0.021919, 0.018316, 0.015219, 0.012576, 0.010334, 0.008445, 0.006863, 0.005548, 0.004461, 0.003570, 0.002845, 0.002259, 0.001792, 0.001424, 0.001139, 0.000926, 0.000775, 0.000678, 0.000630
0.000540, 0.000580, 0.000663, 0.000793, 0.000975, 0.001219, 0.001534, 0.001934, 0.002435, 0.003056, 0.003819, 0.004749, 0.005875, 0.007229, 0.008846, 0.010765, 0.013028, 0.015678, 0.018763, 0.022329, 0.026425, 0.031097, 0.036390, 0.042347, 0.049003, 0.056389, 0.064525, 0.073421, 0.083077, 0.093477, 0.104590, 0.116370, 0.128752, 0.141653, 0.154975, 0.168600, 0.182397, 0.196217, 0.209902, 0.223284, 0.236188, 0.248439, 0.259862, 0.270286, 0.279554, 0.287520, 0.294056, 0.299055, 0.302435, 0.304139, 0.304139, 0.302435, 0.299055, 0.294056, 0.287520, 0.279555, 0.270287, 0.259862, 0.248440, 0.236189, 0.223285, 0.209903, 0.196218, 0.182397, 0.168601, 0.154976, 0.141654, 0.128752, 0.116371, 0.104591, 0.093478, 0.083078, 0.073422, 0.064525, 0.056389, 0.049004, 0.042348, 0.036391, 0.031097, 0.026425, 0.022329, 0.018763, 0.015679, 0.013028, 0.010765, 0.008846, 0.007229, 0.005875, 0.004749, 0.003819, 0.003056, 0.002435, 0.001934, 0.001534, 0.001219, 0.000975, 0.000793, 0.000663, 0.000580, 0.000540
0.000459, 0.000494, 0.000564, 0.000675, 0.000830, 0.001037, 0.001305, 0.001646, 0.002072, 0.002600, 0.003249, 0.004041, 0.004999, 0.006151, 0.007527, 0.009159, 0.011085, 0.013340, 0.015964, 0.018999, 0.022483, 0.026458, 0.030962, 0.036031, 0.041694, 0.047978, 0.054900, 0.062470, 0.070685, 0.079534, 0.088990, 0.099012, 0.109547, 0.120524, 0.131859, 0.143451, 0.155190, 0.166948, 0.178592, 0.189978, 0.200958, 0.211381, 0.221100, 0.229970, 0.237855, 0.244632, 0.250193, 0.254447, 0.257322, 0.258772, 0.258772, 0.257323, 0.254447, 0.250193, 0.244633, 0.237855, 0.229970, 0.221100, 0.211382, 0.200959, 0.189979, 0.178593, 0.166949, 0.155191, 0.143452, 0.131859, 0.120525, 0.109547, 0.099013, 0.088990, 0.079535, 0.070686, 0.062470, 0.054901, 0.047978, 0.041695, 0.036031, 0.030963, 0.026459, 0.022483, 0.018999, 0.015965, 0.013340, 0.011085, 0.009160, 0.007527, 0.006151, 0.004999, 0.004041, 0.003249, 0.002600, 0.002072, 0.001646, 0.001305, 0.001037, 0.000830, 0.000675, 0.000564, 0.000494, 0.000459
0.000388, 0.000417, 0.000477, 0.000571, 0.000702, 0.000877, 0.001104, 0.001392, 0.001752, 0.002199, 0.002748, 0.003417, 0.004227, 0.005202, 0.006365, 0.007746, 0.009374, 0.011281, 0.013501, 0.016067, 0.019014, 0.022376, 0.026185, 0.030471, 0.035260, 0.040574, 0.046428, 0.052830, 0.059778, 0.067261, 0.075257, 0.083733, 0.092642, 0.101925, 0.111511, 0.121315, 0.131242, 0.141186, 0.151033, 0.160662, 0.169947, 0.178762, 0.186981, 0.194482, 0.201150, 0.206882, 0.211585, 0.215182, 0.217614, 0.218840, 0.218840, 0.217614, 0.215182, 0.211585, 0.206882, 0.201151, 0.194482, 0.186981, 0.178763, 0.169948, 0.160662, 0.151034, 0.141187, 0.131242, 0.121316, 0.111512, 0.101926, 0.092643, 0.083734, 0.075258, 0.067261, 0.059778, 0.052830, 0.046429, 0.040575, 0.035261, 0.030471, 0.026185, 0.022376, 0.019014, 0.016067, 0.013501, 0.011282, 0.009374, 0.007746, 0.006365, 0.005202, 0.004227, 0.003417, 0.002748, 0.002199, 0.001752, 0.001392, 0.001104, 0.000877, 0.000702, 0.000571, 0.000477, 0.000417, 0.000388
0.000326, 0.000351, 0.000401, 0.000480, 0.000590, 0.000737, 0.000928, 0.001170, 0.001473, 0.001848, 0.002310, 0.002872, 0.003553, 0.004372, 0.005350, 0.006511, 0.007880, 0.009483, 0.011348, 0.013505, 0.015982, 0.018808, 0.022010, 0.025613, 0.029639, 0.034106, 0.039026, 0.044407, 0.050247, 0.056537, 0.063259, 0.070383, 0.077872, 0.085675, 0.093732, 0.101973, 0.110317, 0.118676, 0.126953, 0.135046, 0.142851, 0.150261, 0.157169, 0.163474, 0.169079, 0.173897, 0.177850, 0.180874, 0.182918, 0.183949, 0.183949, 0.182918, 0.180874, 0.177850, 0.173897, 0.169080, 0.163475, 0.157170, 0.150261, 0.142852, 0.135047, 0.126953, 0.118676, 0.110318, 0.101974, 0.093733, 0.085675, 0.077872, 0.070384, 0.063259, 0.056538, 0.050248, 0.044407, 0.039027, 0.034106, 0.029639, 0.025613, 0.022010, 0.018808, 0.015983, 0.013505, 0.011349, 0.009483, 0.007880, 0.006511, 0.005350, 0.004372, 0.003553, 0.002872, 0.002310, 0.001848, 0.001473, 0.001170, 0.000928, 0.000737, 0.000590, 0.000480, 0.000401, 0.000351, 0.000326
0.000273, 0.000293, 0.000335, 0.000401, 0.000493, 0.000616, 0.000775, 0.000977, 0.001231, 0.001544, 0.001930, 0.002400, 0.002969, 0.003653, 0.004470, 0.005440, 0.006583, 0.007923, 0.009481, 0.011283, 0.013353, 0.015714, 0.018389, 0.021399, 0.024762, 0.028494, 0.032605, 0.037101, 0.041980, 0.047235, 0.052851, 0.058803, 0.065060, 0.071579, 0.078311, 0.085196, 0.092167, 0.099150, 0.106065, 0.112827, 0.119348, 0.125539, 0.131310, 0.136578, 0.141261, 0.145286, 0.148588, 0.151115, 0.152822, 0.153684, 0.153684, 0.152822, 0.151115, 0.148589, 0.145286, 0.141261, 0.136578, 0.131311, 0.125539, 0.119348, 0.112828, 0.106066, 0.099151, 0.092167, 0.085196, 0.078311, 0.071579, 0.065060, 0.058804, 0.052851, 0.047236, 0.041980, 0.037101, 0.032606, 0.028495, 0.024762, 0.021399, 0.018389, 0.015714, 0.013353, 0.011284, 0.009481, 0.007923, 0.006583, 0.005440, 0.004470, 0.003653, 0.002969, 0.002400, 0.001930, 0.001544, 0.001231, 0.000977, 0.000775, 0.000616, 0.000493, 0.000401, 0.000335, 0.000293, 0.000273
0.000226, 0.000243, 0.000278, 0.000333, 0.000409, 0.000511, 0.000644, 0.000812, 0.001022, 0.001282, 0.001603, 0.001993, 0.002465, 0.003033, 0.003712, 0.004517, 0.005467, 0.006579, 0.007873, 0.009370, 0.011088, 0.013049, 0.015270, 0.017770, 0.020563, 0.023662, 0.027076, 0.030809, 0.034861, 0.039225, 0.043888, 0.048831, 0.054026, 0.059440, 0.065030, 0.070747, 0.076536, 0.082335, 0.088078, 0.093693, 0.099108, 0.104248, 0.109041, 0.113415, 0.117304, 0.120647, 0.123389, 0.125487, 0.126905, 0.127620, 0.127620, 0.126905, 0.125487, 0.123389, 0.120647, 0.117305, 0.113416, 0.109041, 0.104249, 0.099108, 0.093693, 0.088078, 0.082336, 0.076537, 0.070748, 0.065030, 0.059440, 0.054027, 0.048831, 0.043888, 0.039225, 0.034861, 0.030809, 0.027076, 0.023662, 0.020563, 0.017770, 0.015270, 0.013049, 0.011089, 0.009370, 0.007874, 0.006579, 0.005467, 0.004517, 0.003712, 0.003034, 0.002465, 0.001993, 0.001603, 0.001282, 0.001022, 0.000812, 0.000644, 0.000511, 0.000409, 0.000333, 0.000278, 0.000243, 0.000226
0.000187, 0.000201, 0.000230, 0.000275, 0.000338, 0.000422, 0.000531, 0.000670, 0.000843, 0.001059, 0.001323, 0.001645, 0.002035, 0.002504, 0.003064, 0.003729, 0.004512, 0.005430, 0.006499, 0.007734, 0.009152, 0.010770, 0.012604, 0.014667, 0.016972, 0.019530, 0.022348, 0.025429, 0.028773, 0.032375, 0.036224, 0.040304, 0.044592, 0.049060, 0.053674, 0.058393, 0.063171, 0.067958, 0.072697, 0.077332, 0.081801, 0.086044, 0.090000, 0.093610, 0.096820, 0.099579, 0.101842, 0.103574, 0.104744, 0.105335, 0.105335, 0.104744, 0.103574, 0.101842, 0.099579, 0.096820, 0.093611, 0.090000, 0.086044, 0.081801, 0.077332, 0.072697, 0.067958, 0.063171, 0.058393, 0.053674, 0.049061, 0.044592, 0.040304, 0.036224, 0.032375, 0.028774, 0.025429, 0.022348, 0.019530, 0.016972, 0.014667, 0.012604, 0.010770, 0.009152, 0.007734, 0.006499, 0.005430, 0.004512, 0.003729, 0.003064, 0.002504, 0.002035, 0.001645, 0.001323, 0.001059, 0.000843, 0.000670, 0.000531, 0.000422, 0.000338, 0.000275, 0.000230, 0.000201, 0.000187
0.000153, 0.000165, 0.000188, 0.000225, 0.000277, 0.000346, 0.000436, 0.000550, 0.000692, 0.000868, 0.001085, 0.001349, 0.001669, 0.002054, 0.002514, 0.003059, 0.003702, 0.004455, 0.005331, 0.006345, 0.007508, 0.008836, 0.010340, 0.012032, 0.013924, 0.016022, 0.018334, 0.020861, 0.023605, 0.026560, 0.029717, 0.033064, 0.036582, 0.040248, 0.044033, 0.047904, 0.051824, 0.055751, 0.059639, 0.063441, 0.067107, 0.070588, 0.073834, 0.076795, 0.079429, 0.081692, 0.083549, 0.084969, 0.085929, 0.086414, 0.086414, 0.085929, 0.084969, 0.083549, 0.081692, 0.079429, 0.076796, 0.073834, 0.070588, 0.067108, 0.063441, 0.059639, 0.055751, 0.051824, 0.047904, 0.044033, 0.040248, 0.036582, 0.033064, 0.029718, 0.026560, 0.023605, 0.020862, 0.018334, 0.016022, 0.013924, 0.012032, 0.010340, 0.008836, 0.007508, 0.006345, 0.005331, 0.004455, 0.003702, 0.003059, 0.002514, 0.002054, 0.001669, 0.001349, 0.001085, 0.000868, 0.000692, 0.000550, 0.000436, 0.000346, 0.000277, 0.000225, 0.000188, 0.000165, 0.000153
0.000125, 0.000134, 0.000154, 0.000184, 0.000226, 0.000282, 0.000355, 0.000448, 0.000564, 0.000708, 0.000885, 0.001100, 0.001361, 0.001675, 0.002050, 0.002494, 0.003018, 0.003633, 0.004347, 0.005173, 0.006122, 0.007205, 0.008431, 0.009811, 0.011353, 0.013064, 0.014949, 0.017010, 0.019248, 0.021657, 0.024232, 0.026961, 0.029829, 0.032818, 0.035905, 0.039061, 0.042257, 0.045459, 0.048630, 0.051730, 0.054720, 0.057558, 0.060204, 0.062619, 0.064766, 0.066612, 0.068126, 0.069284, 0.070067, 0.070462, 0.070462, 0.070067, 0.069284, 0.068126, 0.066612, 0.064766, 0.062619, 0.060204, 0.057558, 0.054720, 0.051730, 0.048630, 0.045459, 0.042258, 0.039061, 0.035905, 0.032818, 0.029829, 0.026961, 0.024232, 0.021657, 0.019248, 0.017011, 0.014949, 0.013065, 0.011353, 0.009811, 0.008431, 0.007205, 0.006122, 0.005173, 0.004347, 0.003633, 0.003018, 0.002494, 0.002050, 0.001675, 0.001361, 0.001100, 0.000885, 0.000708, 0.000564, 0.000448, 0.000355, 0.000282, 0.000226, 0.000184, 0.000154, 0.000134, 0.000125
0.000101, 0.000109, 0.000125, 0.000149, 0.000183, 0.000229, 0.000288, 0.000363, 0.000457, 0.000574, 0.000717, 0.000892, 0.001103, 0.001357, 0.001661, 0.002021, 0.002446, 0.002944, 0.003523, 0.004193, 0.004962, 0.005839, 0.006833, 0.007952, 0.009202, 0.010588, 0.012116, 0.013786, 0.015599, 0.017552, 0.019639, 0.021851, 0.024176, 0.026598, 0.029099, 0.031658, 0.034248, 0.036843, 0.039413, 0.041925, 0.044348, 0.046648, 0.048793, 0.050751, 0.052491, 0.053986, 0.055214, 0.056152, 0.056787, 0.057107, 0.057107, 0.056787, 0.056152, 0.055214, 0.053986, 0.052491, 0.050751, 0.048793, 0.046649, 0.044348, 0.041925, 0.039413, 0.036843, 0.034248, 0.031658, 0.029100, 0.026598, 0.024176, 0.021851, 0.019639, 0.017552, 0.015600, 0.013787, 0.012116, 0.010588, 0.009202, 0.007952, 0.006833, 0.005839, 0.004962, 0.004193, 0.003523, 0.002944, 0.002446, 0.002021, 0.001661, 0.001357, 0.001103, 0.000892, 0.000717, 0.000574, 0.000457, 0.000363, 0.000288, 0.000229, 0.000183, 0.000149, 0.000125, 0.000109, 0.000101
0.000082, 0.000088, 0.000100, 0.000120, 0.000148, 0.000184, 0.000232, 0.000293, 0.000368, 0.000462, 0.000578, 0.000718, 0.000889, 0.001094, 0.001338, 0.001628, 0.001971, 0.002372, 0.002838, 0.003378, 0.003997, 0.004704, 0.005505, 0.006406, 0.007412, 0.008530, 0.009760, 0.011106, 0.012566, 0.014139, 0.015820, 0.017602, 0.019475, 0.021426, 0.023441, 0.025502, 0.027589, 0.029679, 0.031749, 0.033773, 0.035725, 0.037578, 0.039306, 0.040883, 0.042285, 0.043489, 0.044478, 0.045234, 0.045745, 0.046003, 0.046003, 0.045745, 0.045234, 0.044478, 0.043489, 0.042285, 0.040883, 0.039306, 0.037578, 0.035725, 0.033774, 0.031750, 0.029680, 0.027589, 0.025502, 0.023442, 0.021427, 0.019475, 0.017602, 0.015821, 0.014140, 0.012567, 0.011106, 0.009760, 0.008530, 0.007413, 0.006406, 0.005505, 0.004704, 0.003997, 0.003378, 0.002838, 0.002372, 0.001971, 0.001628, 0.001338, 0.001094, 0.000889, 0.000718, 0.000578, 0.000462, 0.000368, 0.000293, 0.000232, 0.000184, 0.000148, 0.000120, 0.000100, 0.000088, 0.000082
0.000065, 0.000070, 0.000080, 0.000096, 0.000118, 0.000148, 0.000186, 0.000234, 0.000295, 0.000370, 0.000463, 0.000575, 0.000712, 0.000876, 0.001071, 0.001304, 0.001578, 0.001899, 0.002273, 0.002705, 0.003201, 0.003766, 0.004408, 0.005129, 0.005935, 0.006830, 0.007815, 0.008893, 0.010062, 0.011322, 0.012668, 0.014094, 0.015594, 0.017156, 0.018770, 0.020420, 0.022091, 0.023765, 0.025422, 0.027043, 0.028606, 0.030089, 0.031473, 0.032735, 0.033858, 0.034822, 0.035614, 0.036219, 0.036629, 0.036835, 0.036835, 0.036629, 0.036219, 0.035614, 0.034823, 0.033858, 0.032735, 0.031473, 0.030089, 0.028606, 0.027043, 0.025422, 0.023765, 0.022091, 0.020420, 0.018770, 0.017156, 0.015594, 0.014094, 0.012668, 0.011322, 0.010062, 0.008893, 0.007815, 0.006830, 0.005935, 0.005129, 0.004408, 0.003766, 0.003201, 0.002705, 0.002273, 0.001899, 0.001578, 0.001304, 0.001071, 0.000876, 0.000712, 0.000575, 0.000463, 0.000370, 0.000295, 0.000234, 0.000186, 0.000148, 0.000118, 0.000096, 0.000080, 0.000070, 0.000065
0.000052, 0.000056, 0.000064, 0.000076, 0.000094, 0.000118, 0.000148, 0.000186, 0.000235, 0.000295, 0.000368, 0.000458, 0.000566, 0.000697, 0.000853, 0.001038, 0.001256, 0.001511, 0.001809, 0.002153, 0.002547, 0.002998, 0.003508, 0.004082, 0.004724, 0.005436, 0.006220, 0.007078, 0.008009, 0.009011, 0.010082, 0.011218, 0.012412, 0.013655, 0.014939, 0.016253, 0.017583, 0.018915, 0.020234, 0.021524, 0.022768, 0.023949, 0.025050, 0.026055, 0.026948, 0.027716, 0.028346, 0.028828, 0.029154, 0.029318, 0.029318, 0.029154, 0.028828, 0.028346, 0.027716, 0.026948, 0.026055, 0.025050, 0.023949, 0.022768, 0.021524, 0.020234, 0.018915, 0.017583, 0.016253, 0.014939, 0.013655, 0.012412, 0.011218, 0.010083, 0.009011, 0.008009, 0.007078, 0.006220, 0.005436, 0.004724, 0.004082, 0.003508, 0.002998, 0.002547, 0.002153, 0.001809, 0.001511, 0.001256, 0.001038, 0.000853, 0.000697, 0.000566, 0.000458, 0.000368, 0.000295, 0.000235, 0.000186, 0.000148, 0.000118, 0.000094, 0.000076, 0.000064, 0.000056, 0.000052
0.000041, 0.000044, 0.000051, 0.000060, 0.000074, 0.000093, 0.000117, 0.000148, 0.000186, 0.000233, 0.000291, 0.000362, 0.000448, 0.000551, 0.000675, 0.000821, 0.000994, 0.001196, 0.001431, 0.001703, 0.002016, 0.002372, 0.002776, 0.003230, 0.003738, 0.004301, 0.004922, 0.005600, 0.006337, 0.007130, 0.007978, 0.008876, 0.009821, 0.010805, 0.011821, 0.012860, 0.013912, 0.014966, 0.016010, 0.017031, 0.018015, 0.018949, 0.019821, 0.020616, 0.021323, 0.021930, 0.022429, 0.022810, 0.023068, 0.023198, 0.023198, 0.023068, 0.022810, 0.022429, 0.021930, 0.021323, 0.020616, 0.019821, 0.018949, 0.018015, 0.017031, 0.016010, 0.014966, 0.013912, 0.012860, 0.011821, 0.010805, 0.009821, 0.008876, 0.007978, 0.007130, 0.006337, 0.005600, 0.004922, 0.004301, 0.003738, 0.003230, 0.002776, 0.002372, 0.002016, 0.001703, 0.001431, 0.001196, 0.000994, 0.000821, 0.000675, 0.000551, 0.000448, 0.000362, 0.000291, 0.000233, 0.000186, 0.000148, 0.000117, 0.000093, 0.000074, 0.000060, 0.000051, 0.000044, 0.000041
0.000032, 0.000035, 0.000040, 0.000048, 0.000059, 0.000073, 0.000092, 0.000116, 0.000146, 0.000183, 0.000229, 0.000285, 0.000353, 0.000434, 0.000531, 0.000646, 0.000782, 0.000941, 0.001126, 0.001340, 0.001586, 0.001866, 0.002184, 0.002541, 0.002941, 0.003384, 0.003872, 0.004406, 0.004985, 0.005610, 0.006276, 0.006983, 0.007726, 0.008500, 0.009300, 0.010117, 0.010945, 0.011775, 0.012596, 0.013399, 0.014173, 0.014908, 0.015594, 0.016219, 0.016775, 0.017253, 0.017645, 0.017945, 0.018148, 0.018250, 0.018250, 0.018148, 0.017945, 0.017645, 0.017253, 0.016775, 0.016219, 0.015594, 0.014908, 0.014173, 0.013399, 0.012596, 0.011775, 0.010945, 0.010117, 0.009300, 0.008500, 0.007726, 0.006983, 0.006276, 0.005610, 0.004985, 0.004406, 0.003872, 0.003384, 0.002941, 0.002541, 0.002184, 0.001866, 0.001586, 0.001340, 0.001126, 0.000941, 0.000782, 0.000646, 0.000531, 0.000434, 0.000353, 0.000285, 0.000229, 0.000183, 0.000146, 0.000116, 0.000092, 0.000073, 0.000059, 0.000048, 0.000040, 0.000035, 0.000032
0.000025, 0.000027, 0.000031, 0.000037, 0.000046, 0.000057, 0.000072, 0.000091, 0.000114, 0.000144, 0.000179, 0.000223, 0.000276, 0.000340, 0.000415, 0.000506, 0.000612, 0.000736, 0.000881, 0.001049, 0.001241, 0.001460, 0.001709, 0.001989, 0.002301, 0.002648, 0.003030, 0.003448, 0.003901, 0.004390, 0.004912, 0.005465, 0.006046, 0.006652, 0.007278, 0.007918, 0.008565, 0.009214, 0.009857, 0.010485, 0.011091, 0.011667, 0.012203, 0.012693, 0.013128, 0.013502, 0.013809, 0.014043, 0.014202, 0.014282, 0.014282, 0.014202, 0.014043, 0.013809, 0.013502, 0.013128, 0.012693, 0.012203, 0.011667, 0.011091, 0.010485, 0.009857, 0.009214, 0.008565, 0.007918, 0.007278, 0.006652, 0.006046, 0.005465, 0.004912, 0.004390, 0.003901, 0.003448, 0.003030, 0.002648, 0.002301, 0.001989, 0.001709, 0.001460, 0.001241, 0.001049, 0.000881, 0.000736, 0.000612, 0.000506, 0.000415, 0.000340, 0.000276, 0.000223, 0.000179, 0.000144, 0.000114, 0.000091, 0.000072, 0.000057, 0.000046, 0.000037, 0.000031, 0.000027, 0.000025
0.000020, 0.000021, 0.000024, 0.000029, 0.000036, 0.000045, 0.000056, 0.000071, 0.000089, 0.000112, 0.000140, 0.000174, 0.000215, 0.000264, 0.000324, 0.000394, 0.000477, 0.000574, 0.000686, 0.000817, 0.000967, 0.001138, 0.001331, 0.001549, 0.001793, 0.002063, 0.002361, 0.002686, 0.003039, 0.003420, 0.003826, 0.004257, 0.004710, 0.005182, 0.005669, 0.006168, 0.006672, 0.007178, 0.007679, 0.008168, 0.008640, 0.009088, 0.009506, 0.009887, 0.010226, 0.010518, 0.010757, 0.010940, 0.011063, 0.011126, 0.011126, 0.011063, 0.010940, 0.010757, 0.010518, 0.010226, 0.009887, 0.009506, 0.009088, 0.008640, 0.008168, 0.007679, 0.007178, 0.006672, 0.006168, 0.005669, 0.005182, 0.004710, 0.004257, 0.003826, 0.003420, 0.003039, 0.002686, 0.002361, 0.002063, 0.001793, 0.001549, 0.001331, 0.001138, 0.000967, 0.000817, 0.000686, 0.000574, 0.000477, 0.000394, 0.000324, 0.000264, 0.000215, 0.000174, 0.000140, 0.000112, 0.000089, 0.000071, 0.000056, 0.000045, 0.000036, 0.000029, 0.000024, 0.000021, 0.000020
0.000015, 0.000016, 0.000019, 0.000023, 0.000028, 0.000035, 0.000044, 0.000055, 0.000069, 0.000087, 0.000109, 0.000135, 0.000167, 0.000205, 0.000251, 0.000306, 0.000370, 0.000445, 0.000533, 0.000634, 0.000751, 0.000883, 0.001034, 0.001203, 0.001392, 0.001602, 0.001833, 0.002086, 0.002360, 0.002655, 0.002971, 0.003306, 0.003658, 0.004024, 0.004402, 0.004790, 0.005181, 0.005574, 0.005963, 0.006343, 0.006709, 0.007057, 0.007382, 0.007678, 0.007941, 0.008168, 0.008353, 0.008495, 0.008591, 0.008640, 0.008640, 0.008591, 0.008495, 0.008353, 0.008168, 0.007941, 0.007678, 0.007382, 0.007057, 0.006709, 0.006343, 0.005963, 0.005574, 0.005181, 0.004790, 0.004402, 0.004024, 0.003658, 0.003306, 0.002971, 0.002656, 0.002360, 0.002086, 0.001833, 0.001602, 0.001392, 0.001203, 0.001034, 0.000883, 0.000751, 0.000634, 0.000533, 0.000445, 0.000370, 0.000306, 0.000251, 0.000205, 0.000167, 0.000135, 0.000109, 0.000087, 0.000069, 0.000055, 0.000044, 0.000035, 0.000028, 0.000023, 0.000019, 0.000016, 0.000015
0.000012, 0.000013, 0.000015, 0.000017, 0.000022, 0.000027, 0.000034, 0.000043, 0.000054, 0.000067, 0.000084, 0.000105, 0.000130, 0.000159, 0.000195, 0.000237, 0.000287, 0.000346, 0.000414, 0.000492, 0.000583, 0.000686, 0.000802, 0.000934, 0.001081, 0.001243, 0.001423, 0.001619, 0.001832, 0.002061, 0.002306, 0.002566, 0.002839, 0.003123, 0.003417, 0.003718, 0.004022, 0.004326, 0.004628, 0.004923, 0.005208, 0.005478, 0.005730, 0.005960, 0.006164, 0.006339, 0.006484, 0.006594, 0.006668, 0.006706, 0.006706, 0.006668, 0.006594, 0.006484, 0.006340, 0.006164, 0.005960, 0.005730, 0.005478, 0.005208, 0.004923, 0.004628, 0.004326, 0.004022, 0.003718, 0.003417, 0.003123, 0.002839, 0.002566, 0.002306, 0.002061, 0.001832, 0.001619, 0.001423, 0.001243, 0.001081, 0.000934, 0.000802, 0.000686, 0.000583, 0.000492, 0.000414, 0.000346, 0.000287, 0.000237, 0.000195, 0.000159, 0.000130, 0.000105, 0.000084, 0.000067, 0.000054, 0.000043, 0.000034, 0.000027, 0.000022, 0.000017, 0.000015, 0.000013, 0.000012
0.000009, 0.000010, 0.000011, 0.000014, 0.000017, 0.000021, 0.000026, 0.000033, 0.000042, 0.000053, 0.000066, 0.000082, 0.000101, 0.000124, 0.000152, 0.000185, 0.000224, 0.000270, 0.000323, 0.000384, 0.000454, 0.000535, 0.000626, 0.000728, 0.000842, 0.000969, 0.001109, 0.001262, 0.001428, 0.001607, 0.001798, 0.002000, 0.002213, 0.002435, 0.002664, 0.002898, 0.003135, 0.003373, 0.003608, 0.003838, 0.004060, 0.004270, 0.004467, 0.004646, 0.004805, 0.004942, 0.005055, 0.005140, 0.005199, 0.005228, 0.005228, 0.005199, 0.005140, 0.005055, 0.004942, 0.004805, 0.004646, 0.004467, 0.004270, 0.004060, 0.003838, 0.003608, 0.003373, 0.003135, 0.002898, 0.002664, 0.002435, 0.002213, 0.002000, 0.001798, 0.001607, 0.001428, 0.001262, 0.001109, 0.000969, 0.000842, 0.000728, 0.000626, 0.000535, 0.000454, 0.000384, 0.000323, 0.000270, 0.000224, 0.000185, 0.000152, 0.000124, 0.000101, 0.000082, 0.000066, 0.000053, 0.000042, 0.000033, 0.000026, 0.000021, 0.000017, 0.000014, 0.000011, 0.000010, 0.000009
0.000007, 0.000008, 0.000009, 0.000011, 0.000013, 0.000017, 0.000021, 0.000026, 0.000033, 0.000041, 0.000052, 0.000064, 0.000080, 0.000098, 0.000120, 0.000146, 0.000177, 0.000213, 0.000255, 0.000303, 0.000359, 0.000422, 0.000494, 0.000575, 0.000665, 0.000765, 0.000876, 0.000997, 0.001128, 0.001269, 0.001420, 0.001579, 0.001748, 0.001923, 0.002103, 0.002288, 0.002476, 0.002663, 0.002849, 0.003031, 0.003206, 0.003372, 0.003527, 0.003669, 0.003794, 0.003902, 0.003991, 0.004059, 0.004105, 0.004128, 0.004128, 0.004105, 0.004059, 0.003991, 0.003902, 0.003794, 0.003669, 0.003527, 0.003372, 0.003206, 0.003031, 0.002849, 0.002663, 0.002476, 0.002288, 0.002103, 0.001923, 0.001748, 0.001579, 0.001420, 0.001269, 0.001128, 0.000997, 0.000876, 0.000765, 0.000665, 0.000575, 0.000494, 0.000422, 0.000359, 0.000303, 0.000255, 0.000213, 0.000177, 0.000146, 0.000120, 0.000098, 0.000080, 0.000064, 0.000052, 0.000041, 0.000033, 0.000026, 0.000021, 0.000017, 0.000013, 0.000011, 0.000009, 0.000008, 0.000007
0.000006, 0.000006, 0.000007, 0.000009, 0.000011, 0.000013, 0.000017, 0.000021, 0.000027, 0.000034, 0.000042, 0.000052, 0.000065, 0.000080, 0.000097, 0.000118, 0.000143, 0.000173, 0.000206, 0.000246, 0.000291, 0.000342, 0.000400, 0.000466, 0.000539, 0.000620, 0.000710, 0.000808, 0.000914, 0.001029, 0.001151, 0.001280, 0.001417, 0.001559, 0.001705, 0.001855, 0.002007, 0.002159, 0.002310, 0.002457, 0.002599, 0.002734, 0.002859, 0.002974, 0.003076, 0.003164, 0.003236, 0.003291, 0.003328, 0.003347, 0.003347, 0.003328, 0.003291, 0.003236, 0.003164, 0.003076, 0.002974, 0.002859, 0.002734, 0.002599, 0.002457, 0.002310, 0.002159, 0.002007, 0.001855, 0.001705, 0.001559, 0.001417, 0.001280, 0.001151, 0.001029, 0.000914, 0.000808, 0.000710, 0.000620, 0.000539, 0.000466, 0.000400, 0.000342, 0.000291, 0.000246, 0.000206, 0.000173, 0.000143, 0.000118, 0.000097, 0.000080, 0.000065, 0.000052, 0.000042, 0.000034, 0.000027, 0.000021, 0.000017, 0.000013, 0.000011, 0.000009, 0.000007, 0.000006, 0.000006
0.000005, 0.000005, 0.000006, 0.000007, 0.000009, 0.000011, 0.000014, 0.000018, 0.000023, 0.000029, 0.000036, 0.000044, 0.000055, 0.000067, 0.000083, 0.000100, 0.000122, 0.000146, 0.000175, 0.000208, 0.000247, 0.000290, 0.000340, 0.000395, 0.000457, 0.000526, 0.000602, 0.000685, 0.000776, 0.000873, 0.000976, 0.001086, 0.001202, 0.001323, 0.001447, 0.001574, 0.001703, 0.001832, 0.001960, 0.002085, 0.002205, 0.002320, 0.002426, 0.002524, 0.002610, 0.002685, 0.002746, 0.002792, 0.002824, 0.002840, 0.002840, 0.002824, 0.002792, 0.002746, 0.002685, 0.002610, 0.002524, 0.002426, 0.002320, 0.002205, 0.002085, 0.001960, 0.001832, 0.001703, 0.001574, 0.001447, 0.001323, 0.001202, 0.001086, 0.000977, 0.000873, 0.000776, 0.000685, 0.000602, 0.000526, 0.000457, 0.000395, 0.000340, 0.000290, 0.000247, 0.000208, 0.000175, 0.000146, 0.000122, 0.000100, 0.000083, 0.000067, 0.000055, 0.000044, 0.000036, 0.000029, 0.000023, 0.000018, 0.000014, 0.000011, 0.000009, 0.000007, 0.000006, 0.000005, 0.000005
0.000005, 0.000005, 0.000006, 0.000007, 0.000008, 0.000010, 0.000013, 0.000016, 0.000021, 0.000026, 0.000032, 0.000040, 0.000050, 0.000061, 0.000075, 0.000091, 0.000110, 0.000133, 0.000159, 0.000189, 0.000224, 0.000264, 0.000308, 0.000359, 0.000415, 0.000478, 0.000547, 0.000622, 0.000704, 0.000792, 0.000886, 0.000986, 0.001091, 0.001201, 0.001314, 0.001429, 0.001546, 0.001663, 0.001779, 0.001893, 0.002002, 0.002106, 0.002203, 0.002291, 0.002370, 0.002437, 0.002493, 0.002535, 0.002564, 0.002578, 0.002578, 0.002564, 0.002535, 0.002493, 0.002437, 0.002370, 0.002291, 0.002203, 0.002106, 0.002002, 0.001893, 0.001779, 0.001663, 0.001546, 0.001429, 0.001314, 0.001201, 0.001091, 0.000986, 0.000886, 0.000792, 0.000704, 0.000622, 0.000547, 0.000478, 0.000415, 0.000359, 0.000308, 0.000264, 0.000224, 0.000189, 0.000159, 0.000133, 0.000110, 0.000091, 0.000075, 0.000061, 0.000050, 0.000040, 0.000032, 0.000026, 0.000021, 0.000016, 0.000013, 0.000010, 0.000008, 0.000007, 0.000006, 0.000005, 0.000005
0.000005, 0.000005, 0.000006, 0.000007, 0.000008, 0.000010, 0.000013, 0.000016, 0.000020, 0.000026, 0.000032, 0.000040, 0.000049, 0.000060, 0.000074, 0.000090, 0.000109, 0.000131, 0.000157, 0.000187, 0.000221, 0.000260, 0.000304, 0.000354, 0.000410, 0.000472, 0.000540, 0.000614, 0.000695, 0.000782, 0.000875, 0.000974, 0.001078, 0.001186, 0.001297, 0.001411, 0.001527, 0.001642, 0.001757, 0.001869, 0.001977, 0.002080, 0.002175, 0.002263, 0.002340, 0.002407, 0.002462, 0.002503, 0.002532, 0.002546, 0.002546, 0.002532, 0.002503, 0.002462, 0.002407, 0.002340, 0.002263, 0.002175, 0.002080, 0.001977, 0.001869, 0.001757, 0.001642, 0.001527, 0.001411, 0.001297, 0.001186, 0.001078, 0.000974, 0.000875, 0.000782, 0.000695, 0.000614, 0.000540, 0.000472, 0.000410, 0.000354, 0.000304, 0.000260, 0.000221, 0.000187, 0.000157, 0.000131, 0.000109, 0.000090, 0.000074, 0.000060, 0.000049, 0.000040, 0.000032, 0.000026, 0.000020, 0.000016, 0.000013, 0.000010, 0.000008, 0.000007, 0.000006, 0.000005, 0.000005
0.000005, 0.000005, 0.000006, 0.000007, 0.000009, 0.000011, 0.000014, 0.000017, 0.000022, 0.000028, 0.000034, 0.000043, 0.000053, 0.000065, 0.000080, 0.000097, 0.000117, 0.000141, 0.000169, 0.000201, 0.000238, 0.000280, 0.000328, 0.000381, 0.000441, 0.000508, 0.000581, 0.000661, 0.000748, 0.000842, 0.000942, 0.001048, 0.001160, 0.001276, 0.001396, 0.001519, 0.001644, 0.001768, 0.001891, 0.002012, 0.002128, 0.002239, 0.002342, 0.002436, 0.002519, 0.002591, 0.002650, 0.002695, 0.002726, 0.002741, 0.002741, 0.002726, 0.002695, 0.002650, 0.002591, 0.002519, 0.002436, 0.002342, 0.002239, 0.002128, 0.002012, 0.001891, 0.001768, 0.001644, 0.001519, 0.001396, 0.001276, 0.001160, 0.001048, 0.000942, 0.000842, 0.000748, 0.000661, 0.000581, 0.000508, 0.000441, 0.000381, 0.000328, 0.000280, 0.000238, 0.000201, 0.000169, 0.000141, 0.000117, 0.000097, 0.000080, 0.000065, 0.000053, 0.000043, 0.000034, 0.000028, 0.000022, 0.000017, 0.000014, 0.000011, 0.000009, 0.000007, 0.000006, 0.000005, 0.000005
0.000006, 0.000006, 0.000007, 0.000008, 0.000010, 0.000013, 0.000016, 0.000020, 0.000025, 0.000032, 0.000040, 0.000049, 0.000061, 0.000075, 0.000092, 0.000112, 0.000136, 0.000163, 0.000196, 0.000233, 0.000276, 0.000324, 0.000379, 0.000442, 0.000511, 0.000588, 0.000673, 0.000766, 0.000867, 0.000975, 0.001091, 0.001214, 0.001343, 0.001478, 0.001617, 0.001759, 0.001903, 0.002047, 0.002190, 0.002330, 0.002464, 0.002592, 0.002711, 0.002820, 0.002917, 0.003000, 0.003068, 0.003120, 0.003156, 0.003174, 0.003174, 0.003156, 0.003120, 0.003068, 0.003000, 0.002917, 0.002820, 0.002711, 0.002592, 0.002464, 0.002330, 0.002190, 0.002047, 0.001903, 0.001759, 0.001617, 0.001478, 0.001343, 0.001214, 0.001091, 0.000975, 0.000867, 0.000766, 0.000673, 0.000588, 0.000511, 0.000442, 0.000379, 0.000324, 0.000276, 0.000233, 0.000196, 0.000163, 0.000136, 0.000112, 0.000092, 0.000075, 0.000061, 0.000049, 0.000040, 0.000032, 0.000025, 0.000020, 0.000016, 0.000013, 0.000010, 0.000008, 0.000007, 0.000006, 0.000006
0.000007, 0.000007, 0.000008, 0.000010, 0.000012, 0.000015, 0.000019, 0.000025, 0.000031, 0.000039, 0.000048, 0.000060, 0.000075, 0.000092, 0.000112, 0.000137, 0.000165, 0.000199, 0.000238, 0.000284, 0.000336, 0.000395, 0.000462, 0.000538, 0.000623, 0.000717, 0.000820, 0.000933, 0.001056, 0.001188, 0.001330, 0.001479, 0.001637, 0.001801, 0.001970, 0.002144, 0.002319, 0.002495, 0.002669, 0.002839, 0.003003, 0.003159, 0.003304, 0.003437, 0.003555, 0.003656, 0.003739, 0.003803, 0.003846, 0.003868, 0.003868, 0.003846, 0.003803, 0.003739, 0.003656, 0.003555, 0.003437, 0.003304, 0.003159, 0.003003, 0.002839, 0.002669, 0.002495, 0.002319, 0.002144, 0.001970, 0.001801, 0.001637, 0.001479, 0.001330, 0.001188, 0.001056, 0.000933, 0.000820, 0.000717, 0.000623, 0.000538, 0.000462, 0.000395, 0.000336, 0.000284, 0.000238, 0.000199, 0.000166, 0.000137, 0.000112, 0.000092, 0.000075, 0.000060, 0.000048, 0.000039, 0.000031, 0.000025, 0.000019, 0.000015, 0.000012, 0.000010, 0.000008, 0.000007, 0.000007
0.000009, 0.000009, 0.000011, 0.000013, 0.000016, 0.000019, 0.000024, 0.000031, 0.000039, 0.000049, 0.000061, 0.000076, 0.000094, 0.000115, 0.000141, 0.000172, 0.000208, 0.000250, 0.000300, 0.000357, 0.000422, 0.000497, 0.000581, 0.000676, 0.000783, 0.000901, 0.001031, 0.001173, 0.001327, 0.001493, 0.001671, 0.001859, 0.002057, 0.002263, 0.002476, 0.002694, 0.002915, 0.003136, 0.003354, 0.003568, 0.003775, 0.003970, 0.004153, 0.004320, 0.004468, 0.004595, 0.004700, 0.004780, 0.004834, 0.004861, 0.004861, 0.004834, 0.004780, 0.004700, 0.004595, 0.004468, 0.004320, 0.004153, 0.003970, 0.003775, 0.003568, 0.003354, 0.003136, 0.002915, 0.002694, 0.002476, 0.002263, 0.002057, 0.001859, 0.001671, 0.001493, 0.001327, 0.001173, 0.001031, 0.000901, 0.000783, 0.000676, 0.000581, 0.000497, 0.000422, 0.000357, 0.000300, 0.000250, 0.000208, 0.000172, 0.000141, 0.000115, 0.000094, 0.000076, 0.000061, 0.000049, 0.000039, 0.000031, 0.000024, 0.000019, 0.000016, 0.000013, 0.000011, 0.000009, 0.000009
0.000011, 0.000012, 0.000014, 0.000016, 0.000020, 0.000025, 0.000031, 0.000039, 0.000050, 0.000062, 0.000078, 0.000097, 0.000120, 0.000147, 0.000180, 0.000219, 0.000266, 0.000320, 0.000383, 0.000455, 0.000539, 0.000634, 0.000742, 0.000864, 0.000999, 0.001150, 0.001316, 0.001498, 0.001695, 0.001907, 0.002133, 0.002374, 0.002627, 0.002890, 0.003162, 0.003440, 0.003721, 0.004003, 0.004283, 0.004556, 0.004819, 0.005069, 0.005302, 0.005515, 0.005704, 0.005867, 0.006000, 0.006102, 0.006171, 0.006206, 0.006206, 0.006171, 0.006102, 0.006000, 0.005867, 0.005704, 0.005515, 0.005302, 0.005069, 0.004819, 0.004556, 0.004283, 0.004003, 0.003721, 0.003440, 0.003162, 0.002890, 0.002627, 0.002374, 0.002134, 0.001907, 0.001695, 0.001498, 0.001316, 0.001150, 0.000999, 0.000864, 0.000742, 0.000634, 0.000539, 0.000455, 0.000383, 0.000320, 0.000266, 0.000219, 0.000180, 0.000147, 0.000120, 0.000097, 0.000078, 0.000062, 0.000050, 0.000039, 0.000031, 0.000025, 0.000020, 0.000016, 0.000014, 0.000012, 0.000011
0.000014, 0.000015, 0.000017, 0.000021, 0.000026, 0.000032, 0.000040, 0.000051, 0.000064, 0.000080, 0.000100, 0.000124, 0.000154, 0.000189, 0.000232, 0.000282, 0.000341, 0.000411, 0.000491, 0.000585, 0.000692, 0.000815, 0.000953, 0.001109, 0.001284, 0.001477, 0.001691, 0.001924, 0.002177, 0.002449, 0.002741, 0.003050, 0.003374, 0.003712, 0.004062, 0.004419, 0.004781, 0.005143, 0.005502, 0.005853, 0.006191, 0.006512, 0.006812, 0.007085, 0.007328, 0.007537, 0.007709, 0.007840, 0.007928, 0.007973, 0.007973, 0.007928, 0.007840, 0.007709, 0.007537, 0.007328, 0.007085, 0.006812, 0.006512, 0.006191, 0.005853, 0.005502, 0.005143, 0.004781, 0.004419, 0.004062, 0.003712, 0.003374, 0.003050, 0.002741, 0.002450, 0.002177, 0.001924, 0.001691, 0.001477, 0.001284, 0.001109, 0.000953, 0.000815, 0.000692, 0.000585, 0.000491, 0.000411, 0.000341, 0.000282, 0.000232, 0.000189, 0.000154, 0.000124, 0.000100, 0.000080, 0.000064, 0.000051, 0.000040, 0.000032, 0.000026, 0.000021, 0.000017, 0.000015, 0.000014
0.000018, 0.000020, 0.000022, 0.000027, 0.000033, 0.000041, 0.000052, 0.000065, 0.000082, 0.000103, 0.000128, 0.000160, 0.000198, 0.000243, 0.000298, 0.000362, 0.000439, 0.000528, 0.000632, 0.000752, 0.000890, 0.001047, 0.001225, 0.001426, 0.001650, 0.001899, 0.002173, 0.002473, 0.002798, 0.003149, 0.003523, 0.003920, 0.004337, 0.004772, 0.005221, 0.005680, 0.006145, 0.006611, 0.007072, 0.007523, 0.007958, 0.008371, 0.008756, 0.009107, 0.009420, 0.009688, 0.009908, 0.010077, 0.010191, 0.010248, 0.010248, 0.010191, 0.010077, 0.009908, 0.009688, 0.009420, 0.009107, 0.008756, 0.008371, 0.007958, 0.007523, 0.007072, 0.006611, 0.006145, 0.005680, 0.005221, 0.004772, 0.004337, 0.003920, 0.003523, 0.003149, 0.002798, 0.002473, 0.002173, 0.001899, 0.001650, 0.001426, 0.001225, 0.001047, 0.000890, 0.000752, 0.000632, 0.000528, 0.000439, 0.000362, 0.000298, 0.000243, 0.000198, 0.000160, 0.000128, 0.000103, 0.000082, 0.000065, 0.000052, 0.000041, 0.000033, 0.000027, 0.000022, 0.000020, 0.000018
0.000023, 0.000025, 0.000029, 0.000034, 0.000042, 0.000053, 0.000066, 0.000083, 0.000105, 0.000132, 0.000165, 0.000205, 0.000253, 0.000312, 0.000382, 0.000465, 0.000562, 0.000677, 0.000810, 0.000964, 0.001141, 0.001342, 0.001571, 0.001828, 0.002116, 0.002435, 0.002786, 0.003171, 0.003588, 0.004037, 0.004517, 0.005026, 0.005561, 0.006118, 0.006694, 0.007283, 0.007879, 0.008476, 0.009067, 0.009645, 0.010203, 0.010733, 0.011226, 0.011677, 0.012077, 0.012421, 0.012704, 0.012920, 0.013066, 0.013140, 0.013140, 0.013066, 0.012920, 0.012704, 0.012421, 0.012077, 0.011677, 0.011226, 0.010733, 0.010203, 0.009646, 0.009067, 0.008476, 0.007879, 0.007283, 0.006694, 0.006118, 0.005561, 0.005026, 0.004517, 0.004037, 0.003588, 0.003171, 0.002786, 0.002435, 0.002116, 0.001828, 0.001571, 0.001342, 0.001141, 0.000964, 0.000810, 0.000677, 0.000562, 0.000465, 0.000382, 0.000312, 0.000253, 0.000205, 0.000165, 0.000132, 0.000105, 0.000083, 0.000066, 0.000053, 0.000042, 0.000034, 0.000029, 0.000025, 0.000023
0.000030, 0.000032, 0.000037, 0.000044, 0.000054, 0.000067, 0.000084, 0.000107, 0.000134, 0.000168, 0.000210, 0.000262, 0.000324, 0.000398, 0.000487, 0.000593, 0.000718, 0.000864, 0.001034, 0.001231, 0.001456, 0.001714, 0.002006, 0.002334, 0.002701, 0.003109, 0.003557, 0.004048, 0.004581, 0.005154, 0.005767, 0.006417, 0.007100, 0.007812, 0.008547, 0.009298, 0.010059, 0.010822, 0.011577, 0.012315, 0.013027, 0.013703, 0.014333, 0.014908, 0.015420, 0.015859, 0.016220, 0.016496, 0.016682, 0.016776, 0.016776, 0.016682, 0.016496, 0.016220, 0.015859, 0.015420, 0.014909, 0.014333, 0.013703, 0.013027, 0.012315, 0.011577, 0.010822, 0.010059, 0.009298, 0.008547, 0.007812, 0.007100, 0.006417, 0.005767, 0.005154, 0.004581, 0.004048, 0.003557, 0.003109, 0.002701, 0.002334, 0.002006, 0.001714, 0.001456, 0.001231, 0.001034, 0.000864, 0.000718, 0.000593, 0.000487, 0.000398, 0.000324, 0.000262, 0.000210, 0.000168, 0.000134, 0.000107, 0.000084, 0.000067, 0.000054, 0.000044, 0.000037, 0.000032, 0.000030
0.000038, 0.000041, 0.000046, 0.000055, 0.000068, 0.000085, 0.000107, 0.000135, 0.000170, 0.000214, 0.000267, 0.000332, 0.000411, 0.000506, 0.000619, 0.000754, 0.000912, 0.001098, 0.001314, 0.001563, 0.001850, 0.002177, 0.002548, 0.002966, 0.003432, 0.003949, 0.004519, 0.005143, 0.005819, 0.006548, 0.007326, 0.008152, 0.009020, 0.009924, 0.010857, 0.011812, 0.012779, 0.013748, 0.014707, 0.015645, 0.016549, 0.017408, 0.018208, 0.018939, 0.019589, 0.020147, 0.020605, 0.020955, 0.021192, 0.021312, 0.021312, 0.021192, 0.020956, 0.020605, 0.020147, 0.019589, 0.018939, 0.018208, 0.017408, 0.016549, 0.015645, 0.014707, 0.013748, 0.012779, 0.011812, 0.010857, 0.009924, 0.009020, 0.008152, 0.007327, 0.006548, 0.005819, 0.005143, 0.004519, 0.003949, 0.003432, 0.002966, 0.002548, 0.002177, 0.001850, 0.001563, 0.001314, 0.001098, 0.000912, 0.000754, 0.000619, 0.000506, 0.000411, 0.000332, 0.000267, 0.000214, 0.000170, 0.000135, 0.000107, 0.000085, 0.000068, 0.000055, 0.000046, 0.000041, 0.000038
0.000048, 0.000051, 0.000059, 0.000070, 0.000086, 0.000108, 0.000136, 0.000171, 0.000215, 0.000270, 0.000338, 0.000420, 0.000519, 0.000639, 0.000782, 0.000952, 0.001152, 0.001387, 0.001660, 0.001975, 0.002338, 0.002751, 0.003220, 0.003747, 0.004336, 0.004989, 0.005710, 0.006497, 0.007352, 0.008272, 0.009256, 0.010299, 0.011395, 0.012538, 0.013717, 0.014923, 0.016145, 0.017369, 0.018580, 0.019765, 0.020908, 0.021993, 0.023004, 0.023928, 0.024748, 0.025454, 0.026032, 0.026475, 0.026774, 0.026925, 0.026925, 0.026775, 0.026475, 0.026032, 0.025454, 0.024748, 0.023928, 0.023004, 0.021993, 0.020908, 0.019765, 0.018581, 0.017369, 0.016145, 0.014924, 0.013717, 0.012538, 0.011395, 0.010299, 0.009256, 0.008273, 0.007352, 0.006497, 0.005710, 0.004990, 0.004336, 0.003747, 0.003220, 0.002751, 0.002338, 0.001975, 0.001660, 0.001387, 0.001152, 0.000952, 0.000782, 0.000639, 0.000519, 0.000420, 0.000338, 0.000270, 0.000215, 0.000171, 0.000136, 0.000108, 0.000086, 0.000070, 0.000059, 0.000051, 0.000048
