0.000483, 0.000512, 0.000570, 0.000661, 0.000786, 0.000951, 0.001162, 0.001424, 0.001745, 0.002136, 0.002607, 0.003169, 0.003835, 0.004621, 0.005540, 0.006610, 0.007848, 0.009272, 0.010898, 0.012746, 0.014833, 0.017174, 0.019785, 0.022678, 0.025863, 0.029348, 0.033134, 0.037220, 0.041599, 0.046260, 0.051183, 0.056345, 0.061715, 0.067255, 0.072924, 0.078672, 0.084445, 0.090185, 0.095829, 0.101312, 0.106569, 0.111534, 0.116140, 0.120327, 0.124035, 0.127213, 0.129813, 0.131799, 0.133139, 0.133814, 0.133814, 0.133139, 0.131799, 0.129813, 0.127213, 0.124035, 0.120327, 0.116140, 0.111534, 0.106570, 0.101313, 0.095829, 0.090185, 0.084446, 0.078673, 0.072925, 0.067256, 0.061715, 0.056345, 0.051183, 0.046260, 0.041599, 0.037220, 0.033134, 0.029348, 0.025864, 0.022678, 0.019785, 0.017174, 0.014833, 0.012746, 0.010898, 0.009272, 0.007848, 0.006610, 0.005540, 0.004621, 0.003835, 0.003169, 0.002607, 0.002136, 0.001745, 0.001424, 0.001162, 0.000951, 0.000786, 0.000661, 0.000570, 0.000512, 0.000483
0.000574, 0.000609, 0.000678, 0.000785, 0.000935, 0.001131, 0.001380, 0.001692, 0.002074, 0.002539, 0.003098, 0.003766, 0.004558, 0.005491, 0.006584, 0.007856, 0.009327, 0.011019, 0.012952, 0.015148, 0.017628, 0.020410, 0.023513, 0.026951, 0.030737, 0.034878, 0.039377, 0.044233, 0.049437, 0.054976, 0.060827, 0.066961, 0.073343, 0.079928, 0.086665, 0.093496, 0.100356, 0.107177, 0.113884, 0.120401, 0.126648, 0.132548, 0.138022, 0.142998, 0.147405, 0.151181, 0.154272, 0.156631, 0.158224, 0.159026, 0.159027, 0.158224, 0.156631, 0.154272, 0.151181, 0.147405, 0.142998, 0.138023, 0.132548, 0.126649, 0.120401, 0.113885, 0.107178, 0.100357, 0.093496, 0.086665, 0.079928, 0.073343, 0.066962, 0.060827, 0.054976, 0.049438, 0.044233, 0.039377, 0.034878, 0.030737, 0.026951, 0.023513, 0.020410, 0.017628, 0.015148, 0.012952, 0.011019, 0.009327, 0.007856, 0.006584, 0.005491, 0.004558, 0.003766, 0.003098, 0.002539, 0.002074, 0.001692, 0.001380, 0.001131, 0.000935, 0.000785, 0.000678, 0.000609, 0.000574
0.000679, 0.000719, 0.000801, 0.000928, 0.001105, 0.001336, 0.001632, 0.002000, 0.002452, 0.003001, 0.003662, 0.004451, 0.005387, 0.006491, 0.007782, 0.009286, 0.011024, 0.013024, 0.015309, 0.017905, 0.020836, 0.024124, 0.027792, 0.031856, 0.036330, 0.041224, 0.046542, 0.052282, 0.058433, 0.064980, 0.071895, 0.079146, 0.086688, 0.094471, 0.102434, 0.110508, 0.118617, 0.126679, 0.134607, 0.142309, 0.149693, 0.156666, 0.163136, 0.169017, 0.174226, 0.178689, 0.182342, 0.185131, 0.187014, 0.187962, 0.187962, 0.187014, 0.185131, 0.182343, 0.178690, 0.174226, 0.169017, 0.163137, 0.156666, 0.149694, 0.142309, 0.134607, 0.126680, 0.118618, 0.110509, 0.102435, 0.094472, 0.086689, 0.079146, 0.071895, 0.064980, 0.058434, 0.052282, 0.046543, 0.041225, 0.036330, 0.031856, 0.027792, 0.024124, 0.020836, 0.017905, 0.015309, 0.013024, 0.011025, 0.009286, 0.007782, 0.006491, 0.005387, 0.004451, 0.003662, 0.003001, 0.002452, 0.002000, 0.001632, 0.001337, 0.001105, 0.000928, 0.000801, 0.000719, 0.000679
0.000798, 0.000846, 0.000942, 0.001091, 0.001299, 0.001571, 0.001918, 0.002351, 0.002882, 0.003528, 0.004305, 0.005233, 0.006333, 0.007630, 0.009149, 0.010916, 0.012960, 0.015310, 0.017996, 0.021048, 0.024493, 0.028359, 0.032670, 0.037448, 0.042707, 0.048461, 0.054712, 0.061459, 0.068691, 0.076386, 0.084515, 0.093039, 0.101905, 0.111055, 0.120415, 0.129906, 0.139438, 0.148915, 0.158235, 0.167289, 0.175969, 0.184166, 0.191772, 0.198685, 0.204808, 0.210055, 0.214349, 0.217627, 0.219840, 0.220955, 0.220955, 0.219840, 0.217627, 0.214349, 0.210055, 0.204808, 0.198685, 0.191772, 0.184166, 0.175969, 0.167289, 0.158235, 0.148916, 0.139439, 0.129907, 0.120416, 0.111055, 0.101906, 0.093039, 0.084516, 0.076386, 0.068691, 0.061460, 0.054713, 0.048461, 0.042708, 0.037448, 0.032671, 0.028359, 0.024493, 0.021048, 0.017996, 0.015310, 0.012960, 0.010916, 0.009149, 0.007630, 0.006333, 0.005233, 0.004305, 0.003528, 0.002882, 0.002351, 0.001918, 0.001571, 0.001299, 0.001091, 0.000942, 0.000846, 0.000798
0.000933, 0.000989, 0.001101, 0.001276, 0.001518, 0.001837, 0.002243, 0.002748, 0.003370, 0.004124, 0.005033, 0.006118, 0.007405, 0.008921, 0.010696, 0.012762, 0.015152, 0.017900, 0.021041, 0.024608, 0.028636, 0.033156, 0.038197, 0.043782, 0.049931, 0.056658, 0.063967, 0.071855, 0.080309, 0.089306, 0.098810, 0.108775, 0.119142, 0.129838, 0.140782, 0.151878, 0.163022, 0.174102, 0.184998, 0.195583, 0.205731, 0.215314, 0.224207, 0.232289, 0.239448, 0.245582, 0.250602, 0.254435, 0.257022, 0.258326, 0.258326, 0.257022, 0.254435, 0.250602, 0.245582, 0.239448, 0.232289, 0.224207, 0.215315, 0.205732, 0.195584, 0.184998, 0.174103, 0.163023, 0.151879, 0.140782, 0.129839, 0.119142, 0.108776, 0.098811, 0.089307, 0.080310, 0.071855, 0.063967, 0.056658, 0.049932, 0.043782, 0.038197, 0.033157, 0.028636, 0.024608, 0.021041, 0.017900, 0.015152, 0.012762, 0.010696, 0.008921, 0.007405, 0.006118, 0.005033, 0.004125, 0.003370, 0.002749, 0.002243, 0.001837, 0.001518, 0.001276, 0.001101, 0.000989, 0.000933
0.001085, 0.001150, 0.001281, 0.001484, 0.001765, 0.002136, 0.002608, 0.003196, 0.003918, 0.004796, 0.005852, 0.007114, 0.008610, 0.010373, 0.012437, 0.014840, 0.017619, 0.020814, 0.024466, 0.028614, 0.033298, 0.038554, 0.044414, 0.050909, 0.058059, 0.065881, 0.074379, 0.083551, 0.093382, 0.103843, 0.114894, 0.126481, 0.138535, 0.150972, 0.163697, 0.176599, 0.189558, 0.202441, 0.215109, 0.227418, 0.239218, 0.250360, 0.260700, 0.270097, 0.278422, 0.285554, 0.291391, 0.295848, 0.298856, 0.300372, 0.300372, 0.298856, 0.295848, 0.291392, 0.285554, 0.278422, 0.270098, 0.260701, 0.250361, 0.239218, 0.227418, 0.215110, 0.202442, 0.189558, 0.176600, 0.163698, 0.150973, 0.138535, 0.126482, 0.114895, 0.103844, 0.093382, 0.083552, 0.074380, 0.065881, 0.058060, 0.050909, 0.044415, 0.038554, 0.033298, 0.028614, 0.024466, 0.020814, 0.017619, 0.014840, 0.012437, 0.010373, 0.008610, 0.007114, 0.005852, 0.004796, 0.003918, 0.003196, 0.002608, 0.002136, 0.001765, 0.001484, 0.001281, 0.001150, 0.001085
0.001255, 0.001329, 0.001481, 0.001716, 0.002042, 0.002470, 0.003016, 0.003696, 0.004532, 0.005546, 0.006768, 0.008227, 0.009957, 0.011996, 0.014383, 0.017161, 0.020375, 0.024070, 0.028293, 0.033091, 0.038507, 0.044585, 0.051363, 0.058873, 0.067142, 0.076187, 0.086015, 0.096622, 0.107990, 0.120088, 0.132868, 0.146267, 0.160206, 0.174589, 0.189305, 0.204225, 0.219210, 0.234109, 0.248759, 0.262993, 0.276638, 0.289524, 0.301481, 0.312349, 0.321975, 0.330223, 0.336974, 0.342127, 0.345606, 0.347359, 0.347359, 0.345606, 0.342127, 0.336974, 0.330224, 0.321975, 0.312349, 0.301482, 0.289525, 0.276639, 0.262994, 0.248760, 0.234110, 0.219211, 0.204226, 0.189305, 0.174590, 0.160207, 0.146268, 0.132869, 0.120089, 0.107991, 0.096623, 0.086016, 0.076188, 0.067143, 0.058874, 0.051363, 0.044585, 0.038507, 0.033091, 0.028294, 0.024070, 0.020375, 0.017162, 0.014383, 0.011996, 0.009957, 0.008227, 0.006768, 0.005546, 0.004532, 0.003696, 0.003016, 0.002470, 0.002042, 0.001716, 0.001481, 0.001329, 0.001255
0.001443, 0.001529, 0.001704, 0.001973, 0.002348, 0.002841, 0.003469, 0.004251, 0.005212, 0.006379, 0.007784, 0.009462, 0.011452, 0.013797, 0.016543, 0.019738, 0.023434, 0.027684, 0.032541, 0.038059, 0.044289, 0.051279, 0.059074, 0.067712, 0.077223, 0.087625, 0.098929, 0.111128, 0.124203, 0.138117, 0.152815, 0.168226, 0.184258, 0.200800, 0.217724, 0.234885, 0.252119, 0.269254, 0.286104, 0.302474, 0.318169, 0.332989, 0.346741, 0.359240, 0.370311, 0.379797, 0.387561, 0.393488, 0.397490, 0.399506, 0.399506, 0.397490, 0.393488, 0.387562, 0.379798, 0.370312, 0.359240, 0.346742, 0.332990, 0.318169, 0.302475, 0.286105, 0.269256, 0.252121, 0.234886, 0.217725, 0.200801, 0.184259, 0.168227, 0.152816, 0.138118, 0.124204, 0.111129, 0.098930, 0.087626, 0.077223, 0.067713, 0.059075, 0.051280, 0.044289, 0.038059, 0.032542, 0.027685, 0.023435, 0.019738, 0.016543, 0.013797, 0.011452, 0.009462, 0.007784, 0.006379, 0.005212, 0.004251, 0.003469, 0.002841, 0.002348, 0.001974, 0.001704, 0.001529, 0.001443
0.001651, 0.001749, 0.001949, 0.002257, 0.002686, 0.003250, 0.003968, 0.004863, 0.005962, 0.007297, 0.008904, 0.010824, 0.013100, 0.015782, 0.018923, 0.022578, 0.026806, 0.031667, 0.037223, 0.043534, 0.050660, 0.058656, 0.067573, 0.077453, 0.088332, 0.100231, 0.113161, 0.127115, 0.142070, 0.157986, 0.174799, 0.192426, 0.210764, 0.229686, 0.249044, 0.268672, 0.288387, 0.307987, 0.327260, 0.345985, 0.363937, 0.380889, 0.396619, 0.410915, 0.423579, 0.434430, 0.443311, 0.450090, 0.454667, 0.456973, 0.456973, 0.454668, 0.450091, 0.443311, 0.434431, 0.423580, 0.410916, 0.396620, 0.380890, 0.363938, 0.345986, 0.327261, 0.307988, 0.288388, 0.268674, 0.249045, 0.229687, 0.210765, 0.192427, 0.174800, 0.157987, 0.142071, 0.127116, 0.113161, 0.100232, 0.088332, 0.077454, 0.067573, 0.058657, 0.050661, 0.043535, 0.037223, 0.031667, 0.026806, 0.022578, 0.018923, 0.015782, 0.013100, 0.010824, 0.008904, 0.007297, 0.005962, 0.004863, 0.003968, 0.003250, 0.002686, 0.002257, 0.001949, 0.001749, 0.001651
0.001878, 0.001990, 0.002217, 0.002568, 0.003056, 0.003697, 0.004514, 0.005532, 0.006782, 0.008301, 0.010130, 0.012313, 0.014903, 0.017954, 0.021527, 0.025685, 0.030495, 0.036025, 0.042346, 0.049525, 0.057632, 0.066728, 0.076872, 0.088112, 0.100487, 0.114024, 0.128733, 0.144607, 0.161620, 0.179726, 0.198852, 0.218905, 0.239766, 0.261291, 0.283313, 0.305643, 0.328070, 0.350367, 0.372292, 0.393593, 0.414015, 0.433299, 0.451194, 0.467458, 0.481864, 0.494208, 0.504310, 0.512023, 0.517230, 0.519853, 0.519853, 0.517230, 0.512023, 0.504311, 0.494209, 0.481865, 0.467459, 0.451195, 0.433300, 0.414016, 0.393595, 0.372293, 0.350368, 0.328071, 0.305644, 0.283315, 0.261292, 0.239767, 0.218906, 0.198853, 0.179727, 0.161621, 0.144608, 0.128734, 0.114025, 0.100488, 0.088113, 0.076873, 0.066729, 0.057632, 0.049526, 0.042346, 0.036026, 0.030495, 0.025685, 0.021527, 0.017954, 0.014903, 0.012313, 0.010130, 0.008301, 0.006783, 0.005532, 0.004514, 0.003697, 0.003056, 0.002568, 0.002217, 0.001990, 0.001878
0.002125, 0.002251, 0.002508, 0.002906, 0.003458, 0.004183, 0.005107, 0.006259, 0.007674, 0.009392, 0.011461, 0.013931, 0.016861, 0.020314, 0.024356, 0.029060, 0.034502, 0.040759, 0.047910, 0.056033, 0.065205, 0.075496, 0.086973, 0.099690, 0.113691, 0.129006, 0.145647, 0.163607, 0.182856, 0.203340, 0.224979, 0.247667, 0.271268, 0.295622, 0.320537, 0.345801, 0.371174, 0.396400, 0.421206, 0.445306, 0.468411, 0.490228, 0.510474, 0.528874, 0.545173, 0.559139, 0.570568, 0.579294, 0.585185, 0.588153, 0.588153, 0.585185, 0.579294, 0.570569, 0.559139, 0.545174, 0.528875, 0.510475, 0.490230, 0.468412, 0.445307, 0.421207, 0.396402, 0.371175, 0.345802, 0.320539, 0.295623, 0.271270, 0.247668, 0.224981, 0.203341, 0.182857, 0.163608, 0.145649, 0.129007, 0.113692, 0.099691, 0.086974, 0.075497, 0.065205, 0.056034, 0.047910, 0.040759, 0.034503, 0.029061, 0.024356, 0.020314, 0.016861, 0.013931, 0.011461, 0.009392, 0.007674, 0.006259, 0.005107, 0.004183, 0.003458, 0.002906, 0.002508, 0.002251, 0.002125
0.002391, 0.002533, 0.002823, 0.003270, 0.003891, 0.004707, 0.005747, 0.007043, 0.008635, 0.010568, 0.012896, 0.015676, 0.018973, 0.022857, 0.027406, 0.032699, 0.038822, 0.045863, 0.053909, 0.063049, 0.073369, 0.084949, 0.097863, 0.112172, 0.127926, 0.145159, 0.163884, 0.184092, 0.205750, 0.228799, 0.253147, 0.278675, 0.305232, 0.332634, 0.360669, 0.389095, 0.417645, 0.446029, 0.473940, 0.501058, 0.527055, 0.551604, 0.574384, 0.595088, 0.613427, 0.629141, 0.642002, 0.651820, 0.658448, 0.661788, 0.661788, 0.658448, 0.651820, 0.642002, 0.629142, 0.613428, 0.595089, 0.574386, 0.551606, 0.527056, 0.501059, 0.473942, 0.446031, 0.417647, 0.389097, 0.360671, 0.332635, 0.305233, 0.278677, 0.253149, 0.228801, 0.205752, 0.184093, 0.163885, 0.145160, 0.127927, 0.112173, 0.097864, 0.084950, 0.073370, 0.063050, 0.053910, 0.045863, 0.038823, 0.032700, 0.027406, 0.022858, 0.018973, 0.015676, 0.012896, 0.010569, 0.008635, 0.007043, 0.005747, 0.004707, 0.003891, 0.003270, 0.002823, 0.002533, 0.002391
0.002676, 0.002835, 0.003159, 0.003659, 0.004354, 0.005268, 0.006431, 0.007881, 0.009663, 0.011827, 0.014431, 0.017542, 0.021232, 0.025579, 0.030669, 0.036593, 0.043445, 0.051323, 0.060327, 0.070556, 0.082104, 0.095063, 0.109514, 0.125526, 0.143156, 0.162440, 0.183394, 0.206008, 0.230244, 0.256036, 0.283283, 0.311850, 0.341568, 0.372233, 0.403605, 0.435415, 0.467363, 0.499126, 0.530359, 0.560704, 0.589796, 0.617267, 0.642759, 0.665927, 0.686450, 0.704034, 0.718425, 0.729412, 0.736829, 0.740567, 0.740567, 0.736830, 0.729412, 0.718426, 0.704035, 0.686451, 0.665929, 0.642761, 0.617269, 0.589798, 0.560706, 0.530361, 0.499128, 0.467365, 0.435416, 0.403607, 0.372234, 0.341570, 0.311852, 0.283285, 0.256038, 0.230246, 0.206009, 0.183395, 0.162441, 0.143157, 0.125527, 0.109515, 0.095064, 0.082105, 0.070557, 0.060328, 0.051324, 0.043445, 0.036593, 0.030669, 0.025579, 0.021232, 0.017542, 0.014432, 0.011827, 0.009663, 0.007882, 0.006431, 0.005268, 0.004354, 0.003659, 0.003159, 0.002835, 0.002676
0.002979, 0.003155, 0.003516, 0.004072, 0.004846, 0.005863, 0.007157, 0.008772, 0.010754, 0.013163, 0.016061, 0.019524, 0.023630, 0.028468, 0.034133, 0.040725, 0.048351, 0.057119, 0.067140, 0.078524, 0.091376, 0.105798, 0.121881, 0.139701, 0.159322, 0.180783, 0.204103, 0.229270, 0.256244, 0.284948, 0.315272, 0.347064, 0.380138, 0.414264, 0.449178, 0.484580, 0.520135, 0.555484, 0.590244, 0.624016, 0.656392, 0.686965, 0.715335, 0.741119, 0.763958, 0.783528, 0.799544, 0.811771, 0.820026, 0.824185, 0.824185, 0.820026, 0.811772, 0.799545, 0.783529, 0.763960, 0.741121, 0.715337, 0.686967, 0.656394, 0.624018, 0.590246, 0.555486, 0.520138, 0.484582, 0.449181, 0.414266, 0.380140, 0.347066, 0.315273, 0.284950, 0.256245, 0.229272, 0.204104, 0.180785, 0.159323, 0.139702, 0.121882, 0.105799, 0.091377, 0.078525, 0.067141, 0.057120, 0.048352, 0.040726, 0.034133, 0.028468, 0.023630, 0.019524, 0.016062, 0.013163, 0.010754, 0.008772, 0.007158, 0.005863, 0.004846, 0.004072, 0.003516, 0.003155, 0.002979
0.003297, 0.003493, 0.003891, 0.004507, 0.005363, 0.006489, 0.007922, 0.009709, 0.011903, 0.014569, 0.017777, 0.021609, 0.026154, 0.031509, 0.037779, 0.045076, 0.053517, 0.063222, 0.074313, 0.086913, 0.101138, 0.117101, 0.134901, 0.154625, 0.176342, 0.200096, 0.225906, 0.253761, 0.283616, 0.315387, 0.348949, 0.384138, 0.420744, 0.458515, 0.497159, 0.536342, 0.575695, 0.614820, 0.653292, 0.690671, 0.726505, 0.760344, 0.791744, 0.820282, 0.845560, 0.867220, 0.884947, 0.898480, 0.907616, 0.912220, 0.912220, 0.907617, 0.898481, 0.884948, 0.867221, 0.845562, 0.820284, 0.791746, 0.760346, 0.726507, 0.690673, 0.653295, 0.614822, 0.575697, 0.536344, 0.497161, 0.458518, 0.420746, 0.384140, 0.348951, 0.315389, 0.283618, 0.253763, 0.225908, 0.200097, 0.176343, 0.154627, 0.134902, 0.117102, 0.101139, 0.086913, 0.074314, 0.063222, 0.053517, 0.045077, 0.037780, 0.031510, 0.026155, 0.021610, 0.017778, 0.014569, 0.011904, 0.009709, 0.007922, 0.006489, 0.005364, 0.004507, 0.003891, 0.003493, 0.003297
0.003629, 0.003845, 0.004283, 0.004962, 0.005904, 0.007143, 0.008721, 0.010687, 0.013103, 0.016037, 0.019569, 0.023787, 0.028790, 0.034684, 0.041586, 0.049618, 0.058909, 0.069592, 0.081801, 0.095670, 0.111329, 0.128900, 0.148494, 0.170205, 0.194109, 0.220256, 0.248667, 0.279329, 0.312192, 0.347163, 0.384107, 0.422841, 0.463135, 0.504711, 0.547248, 0.590378, 0.633696, 0.676762, 0.719110, 0.760255, 0.799699, 0.836946, 0.871510, 0.902922, 0.930747, 0.954589, 0.974102, 0.988998, 0.999055, 1.004122, 1.004122, 0.999055, 0.988999, 0.974103, 0.954591, 0.930749, 0.902924, 0.871512, 0.836948, 0.799701, 0.760257, 0.719113, 0.676765, 0.633698, 0.590381, 0.547251, 0.504714, 0.463137, 0.422843, 0.384109, 0.347165, 0.312194, 0.279331, 0.248669, 0.220258, 0.194111, 0.170206, 0.148495, 0.128901, 0.111330, 0.095671, 0.081802, 0.069593, 0.058910, 0.049619, 0.041587, 0.034685, 0.028790, 0.023787, 0.019569, 0.016037, 0.013103, 0.010687, 0.008721, 0.007143, 0.005904, 0.004962, 0.004283, 0.003845, 0.003629
0.003973, 0.004209, 0.004689, 0.005432, 0.006463, 0.007820, 0.009547, 0.011700, 0.014344, 0.017556, 0.021423, 0.026041, 0.031517, 0.037970, 0.045526, 0.054319, 0.064490, 0.076184, 0.089550, 0.104732, 0.121874, 0.141110, 0.162559, 0.186327, 0.212495, 0.241118, 0.272220, 0.305786, 0.341761, 0.380045, 0.420487, 0.462889, 0.506999, 0.552513, 0.599078, 0.646293, 0.693713, 0.740858, 0.787217, 0.832258, 0.875437, 0.916212, 0.954049, 0.988436, 1.018896, 1.044996, 1.066356, 1.082663, 1.093672, 1.099219, 1.099219, 1.093673, 1.082664, 1.066357, 1.044997, 1.018898, 0.988438, 0.954051, 0.916214, 0.875440, 0.832260, 0.787219, 0.740861, 0.693716, 0.646296, 0.599081, 0.552516, 0.507002, 0.462892, 0.420490, 0.380047, 0.341764, 0.305788, 0.272222, 0.241120, 0.212496, 0.186328, 0.162560, 0.141111, 0.121876, 0.104733, 0.089551, 0.076185, 0.064490, 0.054319, 0.045526, 0.037971, 0.031518, 0.026041, 0.021423, 0.017557, 0.014345, 0.011700, 0.009547, 0.007820, 0.006463, 0.005432, 0.004689, 0.004209, 0.003973
0.004326, 0.004582, 0.005105, 0.005914, 0.007037, 0.008514, 0.010394, 0.012738, 0.015617, 0.019114, 0.023324, 0.028351, 0.034314, 0.041339, 0.049565, 0.059138, 0.070211, 0.082943, 0.097494, 0.114024, 0.132686, 0.153628, 0.176980, 0.202856, 0.231345, 0.262507, 0.296368, 0.332911, 0.372078, 0.413757, 0.457786, 0.503949, 0.551971, 0.601523, 0.652218, 0.703620, 0.755246, 0.806572, 0.857042, 0.906078, 0.953087, 0.997478, 1.038671, 1.076108, 1.109270, 1.137684, 1.160939, 1.178692, 1.190678, 1.196717, 1.196717, 1.190678, 1.178693, 1.160940, 1.137686, 1.109272, 1.076111, 1.038673, 0.997481, 0.953090, 0.906081, 0.857046, 0.806575, 0.755249, 0.703623, 0.652221, 0.601526, 0.551975, 0.503952, 0.457789, 0.413759, 0.372080, 0.332914, 0.296370, 0.262509, 0.231347, 0.202857, 0.176981, 0.153629, 0.132688, 0.114025, 0.097495, 0.082944, 0.070212, 0.059138, 0.049565, 0.041339, 0.034314, 0.028351, 0.023324, 0.019114, 0.015617, 0.012738, 0.010394, 0.008514, 0.007037, 0.005914, 0.005105, 0.004582, 0.004326
0.004684, 0.004962, 0.005528, 0.006403, 0.007619, 0.009218, 0.011254, 0.013792, 0.016909, 0.020696, 0.025254, 0.030697, 0.037153, 0.044759, 0.053666, 0.064031, 0.076020, 0.089805, 0.105560, 0.123457, 0.143664, 0.166337, 0.191621, 0.219638, 0.250484, 0.284224, 0.320886, 0.360452, 0.402858, 0.447984, 0.495656, 0.545637, 0.597632, 0.651282, 0.706170, 0.761824, 0.817720, 0.873292, 0.927936, 0.981028, 1.031925, 1.079988, 1.124588, 1.165121, 1.201026, 1.231791, 1.256969, 1.276190, 1.289168, 1.295706, 1.295706, 1.289168, 1.276192, 1.256971, 1.231792, 1.201028, 1.165124, 1.124590, 1.079991, 1.031929, 0.981031, 0.927940, 0.873295, 0.817724, 0.761827, 0.706174, 0.651285, 0.597635, 0.545641, 0.495659, 0.447987, 0.402861, 0.360455, 0.320888, 0.284226, 0.250486, 0.219639, 0.191623, 0.166339, 0.143665, 0.123458, 0.105561, 0.089806, 0.076021, 0.064031, 0.053666, 0.044760, 0.037153, 0.030697, 0.025254, 0.020696, 0.016910, 0.013792, 0.011254, 0.009218, 0.007619, 0.006403, 0.005528, 0.004962, 0.004684
0.005043, 0.005343, 0.005952, 0.006895, 0.008204, 0.009926, 0.012118, 0.014851, 0.018208, 0.022285, 0.027193, 0.033054, 0.040006, 0.048196, 0.057787, 0.068947, 0.081857, 0.096701, 0.113666, 0.132937, 0.154694, 0.179109, 0.206333, 0.236501, 0.269715, 0.306046, 0.345522, 0.388126, 0.433787, 0.482378, 0.533709, 0.587527, 0.643513, 0.701281, 0.760383, 0.820309, 0.880496, 0.940333, 0.999172, 1.056339, 1.111143, 1.162895, 1.210918, 1.254563, 1.293224, 1.326350, 1.353461, 1.374158, 1.388131, 1.395171, 1.395172, 1.388132, 1.374159, 1.353463, 1.326352, 1.293226, 1.254566, 1.210921, 1.162898, 1.111146, 1.056342, 0.999176, 0.940337, 0.880499, 0.820313, 0.760387, 0.701285, 0.643517, 0.587531, 0.533712, 0.482381, 0.433790, 0.388129, 0.345524, 0.306048, 0.269717, 0.236503, 0.206335, 0.179110, 0.154696, 0.132938, 0.113667, 0.096702, 0.081858, 0.068948, 0.057787, 0.048197, 0.040006, 0.033055, 0.027193, 0.022285, 0.018208, 0.014851, 0.012119, 0.009926, 0.008205, 0.006895, 0.005953, 0.005343, 0.005043
0.005401, 0.005721, 0.006374, 0.007384, 0.008786, 0.010630, 0.012977, 0.015904, 0.019498, 0.023865, 0.029120, 0.035397, 0.042841, 0.051612, 0.061882, 0.073833, 0.087658, 0.103554, 0.121720, 0.142356, 0.165656, 0.191800, 0.220953, 0.253258, 0.288826, 0.327730, 0.370003, 0.415625, 0.464521, 0.516555, 0.571522, 0.629153, 0.689105, 0.750966, 0.814254, 0.878425, 0.942876, 1.006952, 1.069959, 1.131175, 1.189862, 1.245280, 1.296705, 1.343442, 1.384841, 1.420314, 1.449345, 1.471508, 1.486472, 1.494010, 1.494010, 1.486472, 1.471509, 1.449347, 1.420316, 1.384843, 1.343445, 1.296708, 1.245284, 1.189866, 1.131179, 1.069963, 1.006956, 0.942880, 0.878429, 0.814258, 0.750970, 0.689109, 0.629157, 0.571526, 0.516558, 0.464525, 0.415628, 0.370006, 0.327733, 0.288828, 0.253260, 0.220955, 0.191801, 0.165657, 0.142358, 0.121721, 0.103555, 0.087659, 0.073834, 0.061882, 0.051612, 0.042841, 0.035397, 0.029120, 0.023865, 0.019499, 0.015904, 0.012978, 0.010630, 0.008786, 0.007384, 0.006374, 0.005721, 0.005401
0.005752, 0.006093, 0.006789, 0.007864, 0.009357, 0.011321, 0.013821, 0.016937, 0.020765, 0.025415, 0.031012, 0.037697, 0.045624, 0.054965, 0.065902, 0.078630, 0.093353, 0.110281, 0.129628, 0.151605, 0.176417, 0.204260, 0.235307, 0.269710, 0.307588, 0.349020, 0.394039, 0.442624, 0.494696, 0.550109, 0.608647, 0.670021, 0.733867, 0.799745, 0.867144, 0.935482, 1.004119, 1.072356, 1.139456, 1.204648, 1.267146, 1.326163, 1.380928, 1.430700, 1.474787, 1.512564, 1.543481, 1.567083, 1.583018, 1.591047, 1.591047, 1.583019, 1.567085, 1.543483, 1.512566, 1.474790, 1.430703, 1.380931, 1.326167, 1.267150, 1.204652, 1.139460, 1.072361, 1.004123, 0.935487, 0.867148, 0.799749, 0.733871, 0.670025, 0.608651, 0.550112, 0.494699, 0.442627, 0.394041, 0.349023, 0.307591, 0.269713, 0.235309, 0.204261, 0.176419, 0.151606, 0.129629, 0.110282, 0.093354, 0.078631, 0.065903, 0.054966, 0.045625, 0.037697, 0.031012, 0.025416, 0.020766, 0.016937, 0.013821, 0.011321, 0.009357, 0.007864, 0.006789, 0.006093, 0.005752
0.006092, 0.006454, 0.007190, 0.008329, 0.009910, 0.011990, 0.014638, 0.017939, 0.021993, 0.026918, 0.032845, 0.039925, 0.048321, 0.058214, 0.069798, 0.083278, 0.098871, 0.116799, 0.137289, 0.160565, 0.186844, 0.216331, 0.249214, 0.285650, 0.325766, 0.369646, 0.417324, 0.468781, 0.523929, 0.582616, 0.644613, 0.709614, 0.777232, 0.847002, 0.918383, 0.990760, 1.063451, 1.135721, 1.206784, 1.275828, 1.342018, 1.404523, 1.462523, 1.515235, 1.561927, 1.601935, 1.634679, 1.659676, 1.676553, 1.685055, 1.685056, 1.676553, 1.659677, 1.634681, 1.601938, 1.561930, 1.515238, 1.462526, 1.404526, 1.342023, 1.275832, 1.206789, 1.135725, 1.063456, 0.990764, 0.918388, 0.847007, 0.777236, 0.709618, 0.644617, 0.582620, 0.523933, 0.468784, 0.417328, 0.369648, 0.325768, 0.285652, 0.249216, 0.216333, 0.186845, 0.160566, 0.137291, 0.116801, 0.098872, 0.083279, 0.069798, 0.058215, 0.048322, 0.039925, 0.032846, 0.026918, 0.021993, 0.017939, 0.014638, 0.011990, 0.009910, 0.008329, 0.007190, 0.006454, 0.006092
0.006417, 0.006797, 0.007573, 0.008772, 0.010438, 0.012629, 0.015418, 0.018894, 0.023165, 0.028352, 0.034595, 0.042052, 0.050895, 0.061315, 0.073516, 0.087714, 0.104138, 0.123021, 0.144602, 0.169117, 0.196796, 0.227854, 0.262487, 0.300864, 0.343116, 0.389333, 0.439551, 0.493748, 0.551833, 0.613645, 0.678943, 0.747405, 0.818624, 0.892110, 0.967291, 1.043522, 1.120084, 1.196201, 1.271049, 1.343769, 1.413483, 1.479316, 1.540404, 1.595924, 1.645102, 1.687240, 1.721728, 1.748055, 1.765830, 1.774785, 1.774786, 1.765831, 1.748056, 1.721730, 1.687243, 1.645105, 1.595927, 1.540408, 1.479320, 1.413488, 1.343774, 1.271054, 1.196206, 1.120089, 1.043526, 0.967296, 0.892114, 0.818628, 0.747409, 0.678948, 0.613649, 0.551837, 0.493751, 0.439554, 0.389336, 0.343119, 0.300867, 0.262490, 0.227856, 0.196798, 0.169119, 0.144604, 0.123022, 0.104139, 0.087715, 0.073517, 0.061316, 0.050896, 0.042052, 0.034596, 0.028352, 0.023165, 0.018895, 0.015418, 0.012629, 0.010438, 0.008773, 0.007573, 0.006798, 0.006417
0.006721, 0.007120, 0.007933, 0.009189, 0.010934, 0.013228, 0.016150, 0.019791, 0.024264, 0.029698, 0.036237, 0.044048, 0.053311, 0.064226, 0.077005, 0.091877, 0.109080, 0.128860, 0.151465, 0.177143, 0.206135, 0.238667, 0.274944, 0.315142, 0.359399, 0.407809, 0.460409, 0.517177, 0.578018, 0.642763, 0.711159, 0.782869, 0.857466, 0.934439, 1.013187, 1.093034, 1.173229, 1.252957, 1.331356, 1.407526, 1.480548, 1.549503, 1.613489, 1.671641, 1.723153, 1.767290, 1.803414, 1.830990, 1.849608, 1.858988, 1.858988, 1.849609, 1.830991, 1.803416, 1.767293, 1.723156, 1.671645, 1.613492, 1.549507, 1.480552, 1.407530, 1.331361, 1.252962, 1.173234, 1.093039, 1.013192, 0.934443, 0.857471, 0.782874, 0.711164, 0.642767, 0.578022, 0.517181, 0.460412, 0.407812, 0.359402, 0.315144, 0.274946, 0.238669, 0.206137, 0.177145, 0.151466, 0.128861, 0.109081, 0.091878, 0.077006, 0.064227, 0.053312, 0.044049, 0.036238, 0.029698, 0.024265, 0.019792, 0.016150, 0.013229, 0.010934, 0.009189, 0.007933, 0.007120, 0.006721
0.007002, 0.007417, 0.008264, 0.009572, 0.011390, 0.013780, 0.016823, 0.020617, 0.025276, 0.030936, 0.037748, 0.045884, 0.055534, 0.066903, 0.080215, 0.095707, 0.113627, 0.134231, 0.157778, 0.184526, 0.214727, 0.248614, 0.286403, 0.328276, 0.374377, 0.424804, 0.479596, 0.538730, 0.602106, 0.669549, 0.740795, 0.815492, 0.893198, 0.973377, 1.055406, 1.138580, 1.222116, 1.305166, 1.386831, 1.466174, 1.542238, 1.614066, 1.680718, 1.741293, 1.794951, 1.840927, 1.878555, 1.907280, 1.926674, 1.936445, 1.936445, 1.926675, 1.907281, 1.878557, 1.840930, 1.794954, 1.741297, 1.680722, 1.614070, 1.542243, 1.466179, 1.386836, 1.305171, 1.222121, 1.138586, 1.055412, 0.973382, 0.893203, 0.815497, 0.740799, 0.669553, 0.602110, 0.538733, 0.479600, 0.424807, 0.374380, 0.328279, 0.286406, 0.248617, 0.214729, 0.184528, 0.157779, 0.134232, 0.113628, 0.095708, 0.080216, 0.066904, 0.055534, 0.045885, 0.037749, 0.030936, 0.025276, 0.020617, 0.016823, 0.013780, 0.011390, 0.009572, 0.008264, 0.007417, 0.007002
0.007254, 0.007684, 0.008561, 0.009916, 0.011799, 0.014275, 0.017428, 0.021358, 0.026185, 0.032048, 0.039105, 0.047533, 0.057530, 0.069308, 0.083098, 0.099146, 0.117710, 0.139054, 0.163447, 0.191157, 0.222442, 0.257547, 0.296693, 0.340070, 0.387828, 0.440066, 0.496826, 0.558083, 0.623736, 0.693601, 0.767406, 0.844786, 0.925282, 1.008341, 1.093317, 1.179478, 1.266014, 1.352046, 1.436644, 1.518836, 1.597632, 1.672040, 1.741086, 1.803836, 1.859421, 1.907048, 1.946027, 1.975783, 1.995873, 2.005996, 2.005996, 1.995874, 1.975785, 1.946029, 1.907050, 1.859424, 1.803840, 1.741090, 1.672044, 1.597637, 1.518842, 1.436649, 1.352052, 1.266019, 1.179483, 1.093322, 1.008346, 0.925288, 0.844791, 0.767411, 0.693605, 0.623740, 0.558087, 0.496830, 0.440069, 0.387831, 0.340073, 0.296696, 0.257549, 0.222444, 0.191158, 0.163449, 0.139055, 0.117711, 0.099147, 0.083099, 0.069308, 0.057530, 0.047534, 0.039105, 0.032048, 0.026185, 0.021358, 0.017428, 0.014276, 0.011799, 0.009916, 0.008561, 0.007684, 0.007254
0.007473, 0.007916, 0.008820, 0.010216, 0.012156, 0.014707, 0.017955, 0.022003, 0.026976, 0.033016, 0.040287, 0.048970, 0.059268, 0.071402, 0.085609, 0.102142, 0.121266, 0.143255, 0.168385, 0.196931, 0.229162, 0.265327, 0.305655, 0.350342, 0.399542, 0.453358, 0.511832, 0.574939, 0.642574, 0.714549, 0.790582, 0.870299, 0.953226, 1.038792, 1.126334, 1.215096, 1.304245, 1.392876, 1.480028, 1.564702, 1.645877, 1.722530, 1.793661, 1.858306, 1.915568, 1.964633, 2.004790, 2.035443, 2.056140, 2.066568, 2.066568, 2.056141, 2.035445, 2.004792, 1.964636, 1.915571, 1.858310, 1.793665, 1.722535, 1.645881, 1.564707, 1.480033, 1.392881, 1.304251, 1.215102, 1.126339, 1.038798, 0.953231, 0.870304, 0.790587, 0.714554, 0.642579, 0.574943, 0.511836, 0.453361, 0.399545, 0.350345, 0.305658, 0.265329, 0.229164, 0.196933, 0.168386, 0.143256, 0.121267, 0.102143, 0.085610, 0.071402, 0.059269, 0.048970, 0.040287, 0.033017, 0.026976, 0.022003, 0.017955, 0.014707, 0.012156, 0.010216, 0.008820, 0.007916, 0.007473
0.007656, 0.008110, 0.009036, 0.010467, 0.012454, 0.015068, 0.018395, 0.022543, 0.027638, 0.033826, 0.041275, 0.050171, 0.060721, 0.073153, 0.087708, 0.104647, 0.124239, 0.146767, 0.172513, 0.201759, 0.234780, 0.271831, 0.313148, 0.358930, 0.409336, 0.464470, 0.524378, 0.589031, 0.658324, 0.732062, 0.809958, 0.891628, 0.976587, 1.064250, 1.153936, 1.244874, 1.336207, 1.427009, 1.516296, 1.603045, 1.686209, 1.764741, 1.837614, 1.903842, 1.962507, 2.012774, 2.053914, 2.085319, 2.106523, 2.117207, 2.117207, 2.106524, 2.085321, 2.053916, 2.012777, 1.962511, 1.903846, 1.837618, 1.764745, 1.686213, 1.603050, 1.516301, 1.427014, 1.336212, 1.244879, 1.153942, 1.064256, 0.976593, 0.891634, 0.809963, 0.732067, 0.658328, 0.589035, 0.524382, 0.464474, 0.409339, 0.358933, 0.313151, 0.271834, 0.234782, 0.201761, 0.172515, 0.146768, 0.124241, 0.104648, 0.087709, 0.073153, 0.060722, 0.050171, 0.041275, 0.033827, 0.027638, 0.022543, 0.018395, 0.015068, 0.012454, 0.010467, 0.009036, 0.008111, 0.007656
0.007801, 0.008264, 0.009207, 0.010664, 0.012689, 0.015352, 0.018742, 0.022968, 0.028159, 0.034464, 0.042053, 0.051117, 0.061867, 0.074532, 0.089362, 0.106620, 0.126582, 0.149534, 0.175765, 0.205563, 0.239206, 0.276956, 0.319051, 0.365696, 0.417051, 0.473224, 0.534260, 0.600132, 0.670730, 0.745857, 0.825221, 0.908430, 0.994989, 1.084303, 1.175679, 1.268330, 1.361383, 1.453895, 1.544864, 1.633247, 1.717978, 1.797989, 1.872236, 1.939712, 1.999482, 2.050695, 2.092610, 2.124607, 2.146210, 2.157095, 2.157095, 2.146210, 2.124608, 2.092612, 2.050698, 1.999485, 1.939716, 1.872240, 1.797994, 1.717983, 1.633253, 1.544870, 1.453901, 1.361389, 1.268335, 1.175685, 1.084309, 0.994994, 0.908435, 0.825226, 0.745862, 0.670735, 0.600136, 0.534264, 0.473228, 0.417054, 0.365699, 0.319054, 0.276958, 0.239208, 0.205565, 0.175767, 0.149536, 0.126583, 0.106621, 0.089363, 0.074533, 0.061867, 0.051118, 0.042054, 0.034465, 0.028159, 0.022968, 0.018742, 0.015352, 0.012689, 0.010664, 0.009207, 0.008264, 0.007801
0.007904, 0.008373, 0.009328, 0.010806, 0.012857, 0.015555, 0.018990, 0.023272, 0.028532, 0.034920, 0.042609, 0.051793, 0.062685, 0.075518, 0.090543, 0.108029, 0.128255, 0.151511, 0.178089, 0.208280, 0.242367, 0.280615, 0.323267, 0.370528, 0.422561, 0.479476, 0.541318, 0.608060, 0.679590, 0.755709, 0.836121, 0.920428, 1.008130, 1.098623, 1.191205, 1.285079, 1.379361, 1.473095, 1.565265, 1.654815, 1.740664, 1.821732, 1.896959, 1.965329, 2.025888, 2.077778, 2.120249, 2.152671, 2.174557, 2.185586, 2.185587, 2.174558, 2.152673, 2.120251, 2.077780, 2.025892, 1.965333, 1.896963, 1.821737, 1.740669, 1.654820, 1.565271, 1.473100, 1.379367, 1.285085, 1.191211, 1.098629, 1.008135, 0.920433, 0.836126, 0.755714, 0.679594, 0.608064, 0.541322, 0.479480, 0.422564, 0.370531, 0.323269, 0.280618, 0.242369, 0.208282, 0.178090, 0.151512, 0.128256, 0.108030, 0.090544, 0.075518, 0.062685, 0.051794, 0.042610, 0.034920, 0.028532, 0.023272, 0.018990, 0.015555, 0.012857, 0.010806, 0.009329, 0.008373, 0.007904
0.007964, 0.008437, 0.009400, 0.010888, 0.012955, 0.015674, 0.019135, 0.023449, 0.028749, 0.035186, 0.042934, 0.052188, 0.063162, 0.076093, 0.091232, 0.108851, 0.129231, 0.152664, 0.179444, 0.209864, 0.244210, 0.282750, 0.325725, 0.373345, 0.425774, 0.483122, 0.545434, 0.612682, 0.684756, 0.761453, 0.842475, 0.927423, 1.015790, 1.106971, 1.200257, 1.294844, 1.389842, 1.484288, 1.577157, 1.667390, 1.753891, 1.835575, 1.911373, 1.980261, 2.041281, 2.093565, 2.136357, 2.169022, 2.191077, 2.202188, 2.202188, 2.191078, 2.169024, 2.136359, 2.093568, 2.041285, 1.980265, 1.911377, 1.835580, 1.753896, 1.667396, 1.577163, 1.484294, 1.389848, 1.294849, 1.200263, 1.106977, 1.015796, 0.927428, 0.842481, 0.761458, 0.684760, 0.612686, 0.545438, 0.483125, 0.425778, 0.373348, 0.325728, 0.282752, 0.244213, 0.209866, 0.179445, 0.152665, 0.129233, 0.108852, 0.091233, 0.076093, 0.063163, 0.052188, 0.042935, 0.035187, 0.028749, 0.023450, 0.019135, 0.015674, 0.012955, 0.010888, 0.009400, 0.008437, 0.007964
0.007981, 0.008454, 0.009419, 0.010910, 0.012982, 0.015706, 0.019174, 0.023497, 0.028808, 0.035258, 0.043021, 0.052294, 0.063291, 0.076247, 0.091418, 0.109072, 0.129494, 0.152974, 0.179808, 0.210290, 0.244705, 0.283323, 0.326385, 0.374101, 0.426636, 0.484100, 0.546537, 0.613921, 0.686139, 0.762992, 0.844177, 0.929296, 1.017841, 1.109207, 1.202681, 1.297458, 1.392651, 1.487287, 1.580344, 1.670755, 1.757430, 1.839278, 1.915227, 1.984254, 2.045396, 2.097786, 2.140662, 2.173393, 2.195492, 2.206626, 2.206626, 2.195493, 2.173395, 2.140665, 2.097789, 2.045400, 1.984258, 1.915232, 1.839282, 1.757435, 1.670760, 1.580350, 1.487293, 1.392657, 1.297464, 1.202687, 1.109213, 1.017847, 0.929301, 0.844182, 0.762997, 0.686144, 0.613925, 0.546541, 0.484103, 0.426639, 0.374104, 0.326388, 0.283325, 0.244708, 0.210292, 0.179809, 0.152975, 0.129495, 0.109074, 0.091419, 0.076248, 0.063291, 0.052294, 0.043022, 0.035258, 0.028808, 0.023498, 0.019174, 0.015706, 0.012982, 0.010910, 0.009419, 0.008454, 0.007981
0.007953, 0.008425, 0.009386, 0.010872, 0.012936, 0.015651, 0.019107, 0.023415, 0.028706, 0.035134, 0.042870, 0.052110, 0.063068, 0.075979, 0.091096, 0.108688, 0.129038, 0.152435, 0.179174, 0.209549, 0.243843, 0.282324, 0.325234, 0.372781, 0.425131, 0.482391, 0.544607, 0.611753, 0.683717, 0.760297, 0.841196, 0.926014, 1.014247, 1.105292, 1.198436, 1.292878, 1.387731, 1.482031, 1.574758, 1.664849, 1.751217, 1.832775, 1.908456, 1.977238, 2.038163, 2.090366, 2.133090, 2.165706, 2.187726, 2.198821, 2.198821, 2.187727, 2.165708, 2.133092, 2.090369, 2.038166, 1.977241, 1.908460, 1.832780, 1.751222, 1.664854, 1.574764, 1.482037, 1.387737, 1.292884, 1.198442, 1.105297, 1.014252, 0.926019, 0.841201, 0.760302, 0.683721, 0.611757, 0.544611, 0.482395, 0.425134, 0.372785, 0.325237, 0.282326, 0.243845, 0.209551, 0.179176, 0.152436, 0.129039, 0.108689, 0.091097, 0.075980, 0.063068, 0.052110, 0.042871, 0.035134, 0.028707, 0.023415, 0.019107, 0.015651, 0.012936, 0.010872, 0.009386, 0.008425, 0.007953
0.007881, 0.008348, 0.009301, 0.010774, 0.012819, 0.015509, 0.018934, 0.023203, 0.028447, 0.034816, 0.042483, 0.051639, 0.062497, 0.075292, 0.090272, 0.107705, 0.127870, 0.151056, 0.177553, 0.207653, 0.241636, 0.279768, 0.322290, 0.369407, 0.421282, 0.478023, 0.539676, 0.606214, 0.677526, 0.753413, 0.833579, 0.917629, 1.005065, 1.095283, 1.187583, 1.281168, 1.375161, 1.468606, 1.560493, 1.649766, 1.735351, 1.816169, 1.891163, 1.959321, 2.019694, 2.071424, 2.113761, 2.146081, 2.167902, 2.178896, 2.178896, 2.167903, 2.146083, 2.113763, 2.071427, 2.019697, 1.959324, 1.891168, 1.816174, 1.735356, 1.649771, 1.560498, 1.468612, 1.375167, 1.281174, 1.187588, 1.095288, 1.005071, 0.917634, 0.833584, 0.753418, 0.677530, 0.606218, 0.539680, 0.478027, 0.421285, 0.369410, 0.322293, 0.279771, 0.241638, 0.207655, 0.177555, 0.151057, 0.127872, 0.107706, 0.090273, 0.075292, 0.062498, 0.051639, 0.042483, 0.034817, 0.028447, 0.023203, 0.018934, 0.015510, 0.012820, 0.010774, 0.009301, 0.008349, 0.007881
0.007766, 0.008227, 0.009166, 0.010617, 0.012633, 0.015284, 0.018659, 0.022866, 0.028034, 0.034310, 0.041865, 0.050888, 0.061589, 0.074197, 0.088959, 0.106139, 0.126011, 0.148859, 0.174971, 0.204632, 0.238121, 0.275699, 0.317601, 0.364033, 0.415152, 0.471068, 0.531824, 0.597393, 0.667667, 0.742450, 0.821450, 0.904277, 0.990440, 1.079344, 1.170299, 1.262522, 1.355145, 1.447230, 1.537778, 1.625752, 1.710090, 1.789731, 1.863633, 1.930798, 1.990292, 2.041268, 2.082989, 2.114838, 2.136340, 2.147175, 2.147175, 2.136341, 2.114839, 2.082991, 2.041271, 1.990295, 1.930801, 1.863637, 1.789736, 1.710095, 1.625757, 1.537784, 1.447236, 1.355151, 1.262528, 1.170305, 1.079350, 0.990445, 0.904283, 0.821455, 0.742455, 0.667672, 0.597397, 0.531828, 0.471071, 0.415156, 0.364036, 0.317604, 0.275701, 0.238123, 0.204634, 0.174972, 0.148860, 0.126012, 0.106140, 0.088960, 0.074198, 0.061589, 0.050888, 0.041866, 0.034311, 0.028034, 0.022866, 0.018659, 0.015284, 0.012633, 0.010617, 0.009166, 0.008227, 0.007766
0.007611, 0.008063, 0.008983, 0.010405, 0.012381, 0.014978, 0.018286, 0.022409, 0.027473, 0.033624, 0.041027, 0.049870, 0.060356, 0.072712, 0.087179, 0.104015, 0.123489, 0.145880, 0.171469, 0.200537, 0.233355, 0.270180, 0.311244, 0.356746, 0.406842, 0.461638, 0.521177, 0.585434, 0.654301, 0.727588, 0.805006, 0.886174, 0.970610, 1.057733, 1.146866, 1.237242, 1.328010, 1.418250, 1.506985, 1.593196, 1.675845, 1.753890, 1.826311, 1.892130, 1.950433, 2.000389, 2.041274, 2.072484, 2.093557, 2.104173, 2.104174, 2.093558, 2.072486, 2.041276, 2.000391, 1.950436, 1.892134, 1.826316, 1.753895, 1.675850, 1.593201, 1.506990, 1.418255, 1.328015, 1.237247, 1.146872, 1.057738, 0.970615, 0.886179, 0.805011, 0.727593, 0.654305, 0.585438, 0.521181, 0.461641, 0.406845, 0.356749, 0.311247, 0.270183, 0.233357, 0.200539, 0.171471, 0.145881, 0.123490, 0.104016, 0.087180, 0.072713, 0.060357, 0.049870, 0.041028, 0.033624, 0.027473, 0.022409, 0.018286, 0.014979, 0.012381, 0.010405, 0.008983, 0.008063, 0.007611
0.007418, 0.007858, 0.008754, 0.010140, 0.012066, 0.014597, 0.017820, 0.021838, 0.026774, 0.032768, 0.039983, 0.048601, 0.058820, 0.070862, 0.084961, 0.101368, 0.120346, 0.142166, 0.167104, 0.195432, 0.227415, 0.263302, 0.303320, 0.347663, 0.396484, 0.449885, 0.507908, 0.570528, 0.637642, 0.709063, 0.784509, 0.863609, 0.945895, 1.030799, 1.117662, 1.205735, 1.294192, 1.382133, 1.468608, 1.552623, 1.633166, 1.709224, 1.779800, 1.843943, 1.900760, 1.949443, 1.989286, 2.019702, 2.040238, 2.050584, 2.050584, 2.040239, 2.019704, 1.989288, 1.949445, 1.900763, 1.843946, 1.779804, 1.709228, 1.633171, 1.552628, 1.468613, 1.382139, 1.294197, 1.205741, 1.117667, 1.030805, 0.945900, 0.863614, 0.784514, 0.709067, 0.637647, 0.570533, 0.507912, 0.449888, 0.396487, 0.347666, 0.303323, 0.263305, 0.227417, 0.195434, 0.167106, 0.142168, 0.120347, 0.101369, 0.084961, 0.070863, 0.058821, 0.048601, 0.039984, 0.032769, 0.026774, 0.021839, 0.017821, 0.014597, 0.012066, 0.010140, 0.008754, 0.007858, 0.007418
0.007189, 0.007615, 0.008484, 0.009827, 0.011693, 0.014147, 0.017270, 0.021164, 0.025947, 0.031757, 0.038749, 0.047101, 0.057005, 0.068675, 0.082338, 0.098239, 0.116631, 0.137778, 0.161946, 0.189399, 0.220395, 0.255174, 0.293956, 0.336930, 0.384244, 0.435995, 0.492227, 0.552914, 0.617957, 0.687171, 0.760287, 0.836944, 0.916688, 0.998970, 1.083151, 1.168504, 1.254228, 1.339454, 1.423257, 1.504678, 1.582734, 1.656442, 1.724839, 1.787000, 1.842062, 1.889241, 1.927853, 1.957330, 1.977231, 1.987258, 1.987258, 1.977232, 1.957332, 1.927855, 1.889243, 1.842064, 1.787003, 1.724843, 1.656446, 1.582739, 1.504683, 1.423262, 1.339459, 1.254233, 1.168509, 1.083156, 0.998975, 0.916693, 0.836949, 0.760292, 0.687175, 0.617961, 0.552918, 0.492231, 0.435999, 0.384247, 0.336933, 0.293959, 0.255176, 0.220397, 0.189401, 0.161947, 0.137780, 0.116632, 0.098240, 0.082339, 0.068675, 0.057006, 0.047101, 0.038750, 0.031757, 0.025948, 0.021165, 0.017271, 0.014147, 0.011693, 0.009828, 0.008484, 0.007615, 0.007189
0.006928, 0.007339, 0.008177, 0.009471, 0.011270, 0.013634, 0.016645, 0.020397, 0.025007, 0.030606, 0.037345, 0.045393, 0.054939, 0.066185, 0.079353, 0.094677, 0.112403, 0.132783, 0.156075, 0.182532, 0.212404, 0.245922, 0.283298, 0.324714, 0.370311, 0.420186, 0.474379, 0.532865, 0.595550, 0.662253, 0.732717, 0.806594, 0.883446, 0.962743, 1.043870, 1.126128, 1.208743, 1.290877, 1.371642, 1.450109, 1.525333, 1.596368, 1.662283, 1.722190, 1.775254, 1.820722, 1.857934, 1.886342, 1.905521, 1.915184, 1.915184, 1.905522, 1.886343, 1.857936, 1.820725, 1.775257, 1.722193, 1.662287, 1.596372, 1.525337, 1.450113, 1.371646, 1.290882, 1.208748, 1.126133, 1.043875, 0.962748, 0.883451, 0.806599, 0.732722, 0.662257, 0.595554, 0.532869, 0.474383, 0.420190, 0.370314, 0.324716, 0.283301, 0.245924, 0.212406, 0.182534, 0.156076, 0.132785, 0.112404, 0.094678, 0.079354, 0.066186, 0.054939, 0.045394, 0.037345, 0.030606, 0.025007, 0.020398, 0.016645, 0.013634, 0.011270, 0.009471, 0.008177, 0.007339, 0.006928
0.006640, 0.007034, 0.007837, 0.009077, 0.010801, 0.013067, 0.015952, 0.019549, 0.023966, 0.029332, 0.035791, 0.043505, 0.052653, 0.063431, 0.076051, 0.090738, 0.107726, 0.127258, 0.149580, 0.174936, 0.203564, 0.235688, 0.271508, 0.311200, 0.354900, 0.402699, 0.454636, 0.510688, 0.570763, 0.634690, 0.702220, 0.773022, 0.846674, 0.922671, 1.000421, 1.079254, 1.158430, 1.237145, 1.314547, 1.389747, 1.461840, 1.529917, 1.593089, 1.650501, 1.701357, 1.744932, 1.780594, 1.807819, 1.826200, 1.835460, 1.835461, 1.826200, 1.807820, 1.780596, 1.744934, 1.701360, 1.650505, 1.593093, 1.529921, 1.461844, 1.389752, 1.314551, 1.237150, 1.158435, 1.079259, 1.000425, 0.922675, 0.846679, 0.773026, 0.702225, 0.634694, 0.570767, 0.510692, 0.454640, 0.402702, 0.354902, 0.311203, 0.271511, 0.235690, 0.203566, 0.174938, 0.149581, 0.127259, 0.107727, 0.090739, 0.076052, 0.063432, 0.052653, 0.043505, 0.035791, 0.029333, 0.023967, 0.019549, 0.015952, 0.013067, 0.010801, 0.009077, 0.007837, 0.007034, 0.006640
0.006328, 0.006704, 0.007469, 0.008651, 0.010294, 0.012454, 0.015203, 0.018631, 0.022842, 0.027956, 0.034111, 0.041462, 0.050181, 0.060454, 0.072481, 0.086478, 0.102668, 0.121283, 0.142557, 0.166724, 0.194008, 0.224623, 0.258761, 0.296589, 0.338237, 0.383792, 0.433291, 0.486712, 0.543965, 0.604889, 0.669249, 0.736726, 0.806919, 0.879347, 0.953445, 1.028577, 1.104035, 1.179053, 1.252820, 1.324489, 1.393196, 1.458076, 1.518281, 1.572997, 1.621464, 1.662993, 1.696980, 1.722926, 1.740444, 1.749270, 1.749270, 1.740445, 1.722928, 1.696982, 1.662995, 1.621467, 1.573000, 1.518284, 1.458080, 1.393200, 1.324493, 1.252824, 1.179057, 1.104039, 1.028581, 0.953450, 0.879351, 0.806924, 0.736730, 0.669253, 0.604893, 0.543968, 0.486715, 0.433294, 0.383795, 0.338240, 0.296592, 0.258764, 0.224625, 0.194009, 0.166725, 0.142559, 0.121285, 0.102669, 0.086479, 0.072482, 0.060454, 0.050182, 0.041463, 0.034111, 0.027956, 0.022842, 0.018631, 0.015204, 0.012454, 0.010294, 0.008651, 0.007469, 0.006704, 0.006328
0.005998, 0.006354, 0.007079, 0.008199, 0.009756, 0.011803, 0.014409, 0.017658, 0.021648, 0.026495, 0.032329, 0.039296, 0.047559, 0.057295, 0.068694, 0.081960, 0.097304, 0.114946, 0.135109, 0.158012, 0.183870, 0.212885, 0.245240, 0.281091, 0.320563, 0.363737, 0.410649, 0.461278, 0.515538, 0.573279, 0.634275, 0.698225, 0.764750, 0.833392, 0.903618, 0.974823, 1.046336, 1.117434, 1.187345, 1.255269, 1.320385, 1.381874, 1.438932, 1.490788, 1.536722, 1.576080, 1.608291, 1.632882, 1.649483, 1.657848, 1.657848, 1.649484, 1.632883, 1.608293, 1.576082, 1.536725, 1.490791, 1.438935, 1.381878, 1.320389, 1.255273, 1.187350, 1.117438, 1.046341, 0.974827, 0.903622, 0.833396, 0.764754, 0.698229, 0.634279, 0.573283, 0.515542, 0.461281, 0.410652, 0.363740, 0.320565, 0.281094, 0.245242, 0.212887, 0.183872, 0.158013, 0.135110, 0.114947, 0.097305, 0.081961, 0.068695, 0.057296, 0.047560, 0.039297, 0.032329, 0.026495, 0.021649, 0.017658, 0.014409, 0.011803, 0.009756, 0.008199, 0.007079, 0.006354, 0.005998
0.005653, 0.005988, 0.006672, 0.007728, 0.009195, 0.011124, 0.013580, 0.016642, 0.020403, 0.024971, 0.030469, 0.037036, 0.044823, 0.053999, 0.064743, 0.077245, 0.091706, 0.108334, 0.127336, 0.148922, 0.173292, 0.200638, 0.231131, 0.264919, 0.302120, 0.342810, 0.387022, 0.434737, 0.485876, 0.540295, 0.597781, 0.658052, 0.720749, 0.785441, 0.851626, 0.918733, 0.986132, 1.053138, 1.119027, 1.183042, 1.244411, 1.302361, 1.356136, 1.405008, 1.448299, 1.485392, 1.515750, 1.538925, 1.554571, 1.562455, 1.562455, 1.554572, 1.538926, 1.515751, 1.485394, 1.448301, 1.405011, 1.356139, 1.302365, 1.244414, 1.183045, 1.119031, 1.053143, 0.986136, 0.918737, 0.851630, 0.785445, 0.720753, 0.658056, 0.597785, 0.540298, 0.485879, 0.434740, 0.387025, 0.342812, 0.302122, 0.264922, 0.231133, 0.200640, 0.173294, 0.148923, 0.127337, 0.108335, 0.091707, 0.077246, 0.064743, 0.054000, 0.044824, 0.037036, 0.030470, 0.024971, 0.020403, 0.016642, 0.013580, 0.011124, 0.009195, 0.007728, 0.006672, 0.005988, 0.005653
0.005298, 0.005612, 0.006253, 0.007243, 0.008618, 0.010426, 0.012728, 0.015598, 0.019122, 0.023404, 0.028557, 0.034711, 0.042010, 0.050609, 0.060678, 0.072396, 0.085949, 0.101533, 0.119342, 0.139572, 0.162413, 0.188042, 0.216620, 0.248287, 0.283152, 0.321287, 0.362723, 0.407442, 0.455370, 0.506372, 0.560248, 0.616735, 0.675495, 0.736125, 0.798154, 0.861047, 0.924214, 0.987013, 1.048764, 1.108758, 1.166274, 1.220586, 1.270984, 1.316787, 1.357360, 1.392122, 1.420575, 1.442294, 1.456958, 1.464347, 1.464348, 1.456958, 1.442295, 1.420576, 1.392124, 1.357363, 1.316790, 1.270987, 1.220589, 1.166277, 1.108762, 1.048768, 0.987016, 0.924217, 0.861051, 0.798157, 0.736128, 0.675498, 0.616738, 0.560252, 0.506375, 0.455373, 0.407445, 0.362726, 0.321289, 0.283154, 0.248289, 0.216622, 0.188043, 0.162414, 0.139574, 0.119343, 0.101534, 0.085950, 0.072396, 0.060679, 0.050610, 0.042010, 0.034711, 0.028557, 0.023404, 0.019123, 0.015598, 0.012728, 0.010426, 0.008618, 0.007243, 0.006253, 0.005612, 0.005298
0.004938, 0.005231, 0.005828, 0.006750, 0.008032, 0.009717, 0.011862, 0.014537, 0.017822, 0.021812, 0.026615, 0.032351, 0.039153, 0.047168, 0.056552, 0.067473, 0.080105, 0.094628, 0.111226, 0.130081, 0.151368, 0.175254, 0.201889, 0.231402, 0.263895, 0.299437, 0.338055, 0.379732, 0.424400, 0.471933, 0.522146, 0.574790, 0.629553, 0.686060, 0.743870, 0.802485, 0.861355, 0.919883, 0.977434, 1.033348, 1.086951, 1.137569, 1.184539, 1.227227, 1.265039, 1.297438, 1.323954, 1.344197, 1.357863, 1.364749, 1.364749, 1.357864, 1.344198, 1.323956, 1.297440, 1.265041, 1.227229, 1.184541, 1.137572, 1.086954, 1.033351, 0.977437, 0.919886, 0.861359, 0.802489, 0.743873, 0.686063, 0.629556, 0.574793, 0.522149, 0.471936, 0.424403, 0.379735, 0.338057, 0.299439, 0.263897, 0.231404, 0.201890, 0.175255, 0.151369, 0.130082, 0.111227, 0.094629, 0.080105, 0.067473, 0.056553, 0.047168, 0.039154, 0.032351, 0.026615, 0.021812, 0.017822, 0.014537, 0.011863, 0.009717, 0.008032, 0.006750, 0.005828, 0.005231, 0.004938
0.004577, 0.004848, 0.005401, 0.006256, 0.007444, 0.009006, 0.010994, 0.013473, 0.016518, 0.020216, 0.024667, 0.029983, 0.036287, 0.043715, 0.052413, 0.062534, 0.074241, 0.087701, 0.103084, 0.120559, 0.140287, 0.162425, 0.187110, 0.214462, 0.244577, 0.277516, 0.313307, 0.351933, 0.393330, 0.437384, 0.483920, 0.532710, 0.583465, 0.635834, 0.689411, 0.743735, 0.798296, 0.852538, 0.905875, 0.957696, 1.007375, 1.054286, 1.097818, 1.137380, 1.172423, 1.202451, 1.227025, 1.245786, 1.258452, 1.264834, 1.264834, 1.258452, 1.245787, 1.227027, 1.202452, 1.172426, 1.137382, 1.097820, 1.054289, 1.007378, 0.957699, 0.905878, 0.852541, 0.798299, 0.743739, 0.689415, 0.635837, 0.583468, 0.532713, 0.483923, 0.437386, 0.393333, 0.351936, 0.313309, 0.277518, 0.244579, 0.214464, 0.187111, 0.162426, 0.140289, 0.120560, 0.103085, 0.087702, 0.074242, 0.062534, 0.052413, 0.043716, 0.036288, 0.029983, 0.024667, 0.020216, 0.016518, 0.013473, 0.010994, 0.009006, 0.007444, 0.006256, 0.005401, 0.004848, 0.004577
0.004218, 0.004468, 0.004978, 0.005766, 0.006861, 0.008300, 0.010133, 0.012417, 0.015223, 0.018632, 0.022734, 0.027633, 0.033443, 0.040289, 0.048305, 0.057633, 0.068423, 0.080828, 0.095006, 0.111110, 0.129293, 0.149695, 0.172446, 0.197654, 0.225408, 0.255766, 0.288751, 0.324349, 0.362502, 0.403102, 0.445991, 0.490957, 0.537733, 0.585998, 0.635376, 0.685442, 0.735725, 0.785716, 0.834872, 0.882631, 0.928416, 0.971650, 1.011769, 1.048230, 1.080527, 1.108200, 1.130849, 1.148139, 1.159812, 1.165693, 1.165693, 1.159813, 1.148139, 1.130850, 1.108202, 1.080529, 1.048232, 1.011771, 0.971653, 0.928418, 0.882633, 0.834875, 0.785719, 0.735728, 0.685445, 0.635379, 0.586001, 0.537736, 0.490960, 0.445994, 0.403105, 0.362504, 0.324352, 0.288753, 0.255768, 0.225410, 0.197656, 0.172447, 0.149696, 0.129294, 0.111111, 0.095007, 0.080829, 0.068423, 0.057634, 0.048306, 0.040290, 0.033444, 0.027633, 0.022734, 0.018632, 0.015223, 0.012417, 0.010133, 0.008300, 0.006861, 0.005766, 0.004978, 0.004468, 0.004218
0.003866, 0.004095, 0.004562, 0.005285, 0.006288, 0.007607, 0.009287, 0.011380, 0.013952, 0.017076, 0.020835, 0.025325, 0.030651, 0.036925, 0.044271, 0.052820, 0.062708, 0.074078, 0.087071, 0.101831, 0.118495, 0.137193, 0.158043, 0.181146, 0.206582, 0.234404, 0.264635, 0.297260, 0.332225, 0.369434, 0.408741, 0.449951, 0.492820, 0.537054, 0.582307, 0.628191, 0.674275, 0.720090, 0.765140, 0.808910, 0.850870, 0.890493, 0.927261, 0.960676, 0.990276, 1.015637, 1.036394, 1.052240, 1.062938, 1.068328, 1.068328, 1.062938, 1.052240, 1.036395, 1.015639, 0.990277, 0.960678, 0.927263, 0.890495, 0.850872, 0.808912, 0.765143, 0.720092, 0.674277, 0.628194, 0.582310, 0.537056, 0.492823, 0.449954, 0.408743, 0.369436, 0.332227, 0.297262, 0.264637, 0.234406, 0.206584, 0.181148, 0.158044, 0.137194, 0.118496, 0.101832, 0.087072, 0.074079, 0.062709, 0.052821, 0.044272, 0.036925, 0.030651, 0.025326, 0.020836, 0.017076, 0.013952, 0.011380, 0.009287, 0.007607, 0.006288, 0.005285, 0.004562, 0.004095, 0.003866
0.003523, 0.003732, 0.004158, 0.004816, 0.005731, 0.006933, 0.008464, 0.010372, 0.012716, 0.015562, 0.018989, 0.023081, 0.027934, 0.033652, 0.040347, 0.048138, 0.057151, 0.067512, 0.079354, 0.092805, 0.107992, 0.125033, 0.144035, 0.165090, 0.188272, 0.213628, 0.241178, 0.270911, 0.302777, 0.336688, 0.372510, 0.410067, 0.449137, 0.489449, 0.530691, 0.572508, 0.614506, 0.656260, 0.697317, 0.737206, 0.775447, 0.811558, 0.845066, 0.875520, 0.902495, 0.925609, 0.944525, 0.958966, 0.968716, 0.973628, 0.973628, 0.968716, 0.958967, 0.944526, 0.925610, 0.902496, 0.875521, 0.845068, 0.811560, 0.775449, 0.737209, 0.697320, 0.656263, 0.614509, 0.572510, 0.530694, 0.489451, 0.449139, 0.410070, 0.372512, 0.336690, 0.302779, 0.270913, 0.241180, 0.213629, 0.188273, 0.165092, 0.144036, 0.125034, 0.107993, 0.092806, 0.079355, 0.067513, 0.057151, 0.048139, 0.040348, 0.033653, 0.027934, 0.023081, 0.018989, 0.015562, 0.012716, 0.010372, 0.008464, 0.006933, 0.005731, 0.004816, 0.004158, 0.003732, 0.003523
0.003193, 0.003382, 0.003768, 0.004365, 0.005194, 0.006283, 0.007670, 0.009400, 0.011524, 0.014104, 0.017209, 0.020918, 0.025316, 0.030498, 0.036566, 0.043627, 0.051794, 0.061185, 0.071917, 0.084107, 0.097871, 0.113314, 0.130535, 0.149617, 0.170626, 0.193605, 0.218573, 0.245519, 0.274398, 0.305130, 0.337594, 0.371631, 0.407038, 0.443572, 0.480948, 0.518846, 0.556907, 0.594748, 0.631956, 0.668106, 0.702762, 0.735488, 0.765856, 0.793454, 0.817901, 0.838848, 0.855991, 0.869079, 0.877915, 0.882366, 0.882366, 0.877915, 0.869079, 0.855992, 0.838849, 0.817902, 0.793456, 0.765857, 0.735490, 0.702764, 0.668108, 0.631958, 0.594750, 0.556910, 0.518848, 0.480951, 0.443574, 0.407040, 0.371633, 0.337596, 0.305132, 0.274400, 0.245521, 0.218575, 0.193606, 0.170627, 0.149618, 0.130536, 0.113315, 0.097871, 0.084108, 0.071917, 0.061185, 0.051795, 0.043627, 0.036566, 0.030499, 0.025316, 0.020918, 0.017209, 0.014104, 0.011524, 0.009400, 0.007671, 0.006283, 0.005194, 0.004365, 0.003768, 0.003382, 0.003193
0.002878, 0.003048, 0.003396, 0.003934, 0.004681, 0.005663, 0.006913, 0.008471, 0.010386, 0.012711, 0.015509, 0.018851, 0.022815, 0.027486, 0.032954, 0.039317, 0.046678, 0.055140, 0.064812, 0.075798, 0.088202, 0.102120, 0.117640, 0.134836, 0.153769, 0.174478, 0.196980, 0.221263, 0.247289, 0.274985, 0.304242, 0.334915, 0.366824, 0.399749, 0.433432, 0.467586, 0.501887, 0.535988, 0.569521, 0.602099, 0.633331, 0.662824, 0.690191, 0.715063, 0.737094, 0.755972, 0.771421, 0.783215, 0.791178, 0.795190, 0.795190, 0.791179, 0.783216, 0.771422, 0.755973, 0.737095, 0.715064, 0.690192, 0.662825, 0.633333, 0.602101, 0.569523, 0.535990, 0.501889, 0.467588, 0.433434, 0.399751, 0.366826, 0.334917, 0.304243, 0.274987, 0.247291, 0.221265, 0.196981, 0.174480, 0.153770, 0.134837, 0.117641, 0.102121, 0.088203, 0.075799, 0.064813, 0.055141, 0.046678, 0.039318, 0.032954, 0.027486, 0.022816, 0.018852, 0.015509, 0.012711, 0.010386, 0.008471, 0.006913, 0.005663, 0.004681, 0.003934, 0.003396, 0.003048, 0.002878
0.002579, 0.002732, 0.003044, 0.003525, 0.004195, 0.005075, 0.006195, 0.007592, 0.009307, 0.011391, 0.013899, 0.016894, 0.020447, 0.024632, 0.029532, 0.035235, 0.041831, 0.049415, 0.058083, 0.067928, 0.079044, 0.091517, 0.105425, 0.120836, 0.137803, 0.156362, 0.176527, 0.198289, 0.221613, 0.246432, 0.272651, 0.300140, 0.328735, 0.358240, 0.388427, 0.419034, 0.449773, 0.480334, 0.510384, 0.539580, 0.567569, 0.593999, 0.618524, 0.640814, 0.660558, 0.677475, 0.691320, 0.701889, 0.709026, 0.712621, 0.712621, 0.709026, 0.701890, 0.691321, 0.677475, 0.660559, 0.640815, 0.618526, 0.594001, 0.567571, 0.539582, 0.510386, 0.480336, 0.449775, 0.419035, 0.388429, 0.358242, 0.328737, 0.300142, 0.272653, 0.246434, 0.221615, 0.198291, 0.176528, 0.156363, 0.137804, 0.120837, 0.105426, 0.091518, 0.079045, 0.067929, 0.058083, 0.049416, 0.041832, 0.035235, 0.029533, 0.024632, 0.020447, 0.016894, 0.013899, 0.011391, 0.009307, 0.007592, 0.006195, 0.005075, 0.004195, 0.003525, 0.003044, 0.002732, 0.002579
0.002298, 0.002435, 0.002712, 0.003142, 0.003738, 0.004522, 0.005521, 0.006766, 0.008294, 0.010151, 0.012386, 0.015056, 0.018221, 0.021951, 0.026318, 0.031400, 0.037278, 0.044037, 0.051761, 0.060535, 0.070441, 0.081556, 0.093951, 0.107684, 0.122805, 0.139343, 0.157313, 0.176707, 0.197492, 0.219610, 0.242974, 0.267471, 0.292954, 0.319247, 0.346147, 0.373423, 0.400817, 0.428051, 0.454830, 0.480848, 0.505791, 0.529344, 0.551199, 0.571062, 0.588657, 0.603733, 0.616071, 0.625490, 0.631849, 0.635053, 0.635053, 0.631850, 0.625490, 0.616072, 0.603733, 0.588658, 0.571063, 0.551200, 0.529345, 0.505792, 0.480850, 0.454832, 0.428052, 0.400818, 0.373424, 0.346149, 0.319249, 0.292955, 0.267473, 0.242976, 0.219611, 0.197493, 0.176708, 0.157315, 0.139344, 0.122806, 0.107685, 0.093951, 0.081557, 0.070442, 0.060536, 0.051762, 0.044038, 0.037279, 0.031400, 0.026318, 0.021951, 0.018221, 0.015056, 0.012386, 0.010151, 0.008294, 0.006766, 0.005521, 0.004522, 0.003738, 0.003142, 0.002712, 0.002435, 0.002298
0.002037, 0.002158, 0.002404, 0.002784, 0.003313, 0.004008, 0.004893, 0.005996, 0.007350, 0.008996, 0.010976, 0.013342, 0.016147, 0.019453, 0.023323, 0.027826, 0.033035, 0.039025, 0.045869, 0.053645, 0.062423, 0.072273, 0.083256, 0.095427, 0.108826, 0.123482, 0.139407, 0.156592, 0.175011, 0.194611, 0.215316, 0.237024, 0.259606, 0.282907, 0.306745, 0.330915, 0.355190, 0.379324, 0.403055, 0.426111, 0.448214, 0.469086, 0.488454, 0.506056, 0.521648, 0.535007, 0.545941, 0.554288, 0.559923, 0.562762, 0.562762, 0.559923, 0.554288, 0.545942, 0.535008, 0.521648, 0.506057, 0.488455, 0.469087, 0.448216, 0.426112, 0.403056, 0.379325, 0.355191, 0.330916, 0.306746, 0.282908, 0.259608, 0.237026, 0.215318, 0.194613, 0.175012, 0.156593, 0.139408, 0.123483, 0.108827, 0.095428, 0.083257, 0.072273, 0.062423, 0.053645, 0.045870, 0.039025, 0.033036, 0.027826, 0.023323, 0.019453, 0.016147, 0.013342, 0.010977, 0.008996, 0.007350, 0.005996, 0.004893, 0.004008, 0.003313, 0.002784, 0.002404, 0.002158, 0.002037
0.001795, 0.001901, 0.002118, 0.002453, 0.002919, 0.003532, 0.004311, 0.005283, 0.006477, 0.007927, 0.009673, 0.011757, 0.014229, 0.017142, 0.020552, 0.024521, 0.029111, 0.034389, 0.040421, 0.047272, 0.055008, 0.063688, 0.073367, 0.084091, 0.095899, 0.108814, 0.122846, 0.137991, 0.154221, 0.171493, 0.189739, 0.208868, 0.228767, 0.249299, 0.270305, 0.291604, 0.312996, 0.334262, 0.355174, 0.375491, 0.394969, 0.413361, 0.430428, 0.445939, 0.459679, 0.471451, 0.481086, 0.488441, 0.493407, 0.495909, 0.495909, 0.493407, 0.488442, 0.481087, 0.471452, 0.459679, 0.445940, 0.430429, 0.413362, 0.394970, 0.375493, 0.355175, 0.334264, 0.312997, 0.291606, 0.270307, 0.249301, 0.228768, 0.208869, 0.189740, 0.171494, 0.154223, 0.137992, 0.122847, 0.108814, 0.095899, 0.084092, 0.073367, 0.063688, 0.055008, 0.047273, 0.040421, 0.034389, 0.029111, 0.024521, 0.020552, 0.017142, 0.014229, 0.011757, 0.009673, 0.007927, 0.006477, 0.005283, 0.004311, 0.003532, 0.002919, 0.002453, 0.002118, 0.001901, 0.001795
0.001573, 0.001666, 0.001856, 0.002150, 0.002558, 0.003095, 0.003778, 0.004630, 0.005676, 0.006947, 0.008476, 0.010303, 0.012469, 0.015021, 0.018010, 0.021487, 0.025510, 0.030134, 0.035420, 0.041424, 0.048202, 0.055808, 0.064289, 0.073687, 0.084034, 0.095351, 0.107647, 0.120918, 0.135140, 0.150275, 0.166263, 0.183025, 0.200463, 0.218455, 0.236861, 0.255525, 0.274269, 0.292904, 0.311229, 0.329032, 0.346099, 0.362216, 0.377172, 0.390763, 0.402803, 0.413119, 0.421562, 0.428007, 0.432358, 0.434551, 0.434551, 0.432359, 0.428007, 0.421562, 0.413120, 0.402804, 0.390764, 0.377173, 0.362217, 0.346100, 0.329033, 0.311230, 0.292906, 0.274270, 0.255526, 0.236863, 0.218456, 0.200464, 0.183027, 0.166264, 0.150276, 0.135141, 0.120919, 0.107648, 0.095352, 0.084034, 0.073688, 0.064290, 0.055809, 0.048203, 0.041424, 0.035420, 0.030135, 0.025510, 0.021487, 0.018010, 0.015021, 0.012469, 0.010303, 0.008476, 0.006947, 0.005676, 0.004630, 0.003778, 0.003095, 0.002558, 0.002150, 0.001856, 0.001666, 0.001573
0.001370, 0.001452, 0.001617, 0.001873, 0.002229, 0.002697, 0.003292, 0.004034, 0.004946, 0.006053, 0.007386, 0.008977, 0.010865, 0.013089, 0.015693, 0.018723, 0.022228, 0.026258, 0.030864, 0.036096, 0.042002, 0.048630, 0.056020, 0.064209, 0.073224, 0.083086, 0.093800, 0.105364, 0.117757, 0.130945, 0.144876, 0.159482, 0.174676, 0.190354, 0.206393, 0.222655, 0.238988, 0.255226, 0.271193, 0.286706, 0.301578, 0.315621, 0.328653, 0.340496, 0.350987, 0.359976, 0.367333, 0.372949, 0.376741, 0.378651, 0.378651, 0.376741, 0.372950, 0.367334, 0.359977, 0.350988, 0.340497, 0.328654, 0.315622, 0.301579, 0.286707, 0.271194, 0.255227, 0.238989, 0.222656, 0.206394, 0.190355, 0.174677, 0.159483, 0.144877, 0.130946, 0.117758, 0.105365, 0.093801, 0.083086, 0.073225, 0.064209, 0.056020, 0.048630, 0.042002, 0.036096, 0.030864, 0.026259, 0.022229, 0.018723, 0.015693, 0.013089, 0.010865, 0.008978, 0.007386, 0.006053, 0.004946, 0.004034, 0.003292, 0.002697, 0.002229, 0.001873, 0.001617, 0.001452, 0.001370
0.001188, 0.001258, 0.001401, 0.001623, 0.001931, 0.002337, 0.002853, 0.003496, 0.004286, 0.005245, 0.006400, 0.007779, 0.009414, 0.011342, 0.013598, 0.016224, 0.019261, 0.022753, 0.026743, 0.031276, 0.036394, 0.042137, 0.048540, 0.055636, 0.063448, 0.071992, 0.081277, 0.091296, 0.102034, 0.113461, 0.125533, 0.138189, 0.151354, 0.164938, 0.178835, 0.192927, 0.207079, 0.221149, 0.234984, 0.248425, 0.261311, 0.273480, 0.284771, 0.295033, 0.304123, 0.311912, 0.318286, 0.323152, 0.326437, 0.328093, 0.328093, 0.326438, 0.323152, 0.318286, 0.311912, 0.304123, 0.295034, 0.284772, 0.273480, 0.261312, 0.248426, 0.234985, 0.221150, 0.207080, 0.192928, 0.178836, 0.164939, 0.151355, 0.138189, 0.125533, 0.113462, 0.102035, 0.091297, 0.081277, 0.071993, 0.063448, 0.055636, 0.048541, 0.042137, 0.036395, 0.031277, 0.026743, 0.022753, 0.019261, 0.016224, 0.013598, 0.011342, 0.009415, 0.007779, 0.006400, 0.005245, 0.004286, 0.003496, 0.002853, 0.002337, 0.001932, 0.001623, 0.001401, 0.001258, 0.001188
0.001023, 0.001084, 0.001208, 0.001399, 0.001664, 0.002013, 0.002458, 0.003012, 0.003693, 0.004519, 0.005514, 0.006703, 0.008112, 0.009772, 0.011716, 0.013979, 0.016596, 0.019604, 0.023043, 0.026949, 0.031358, 0.036306, 0.041824, 0.047937, 0.054668, 0.062031, 0.070030, 0.078663, 0.087916, 0.097761, 0.108162, 0.119067, 0.130410, 0.142115, 0.154089, 0.166230, 0.178424, 0.190547, 0.202468, 0.214049, 0.225152, 0.235637, 0.245365, 0.254207, 0.262039, 0.268750, 0.274242, 0.278435, 0.281266, 0.282692, 0.282692, 0.281266, 0.278435, 0.274243, 0.268750, 0.262040, 0.254208, 0.245366, 0.235637, 0.225153, 0.214050, 0.202469, 0.190548, 0.178425, 0.166231, 0.154090, 0.142115, 0.130411, 0.119068, 0.108163, 0.097762, 0.087916, 0.078664, 0.070031, 0.062031, 0.054669, 0.047938, 0.041824, 0.036307, 0.031359, 0.026949, 0.023043, 0.019604, 0.016596, 0.013979, 0.011716, 0.009772, 0.008112, 0.006703, 0.005514, 0.004519, 0.003693, 0.003012, 0.002458, 0.002013, 0.001664, 0.001399, 0.001208, 0.001084, 0.001023
0.000877, 0.000929, 0.001035, 0.001198, 0.001426, 0.001725, 0.002106, 0.002581, 0.003164, 0.003872, 0.004725, 0.005743, 0.006950, 0.008373, 0.010039, 0.011977, 0.014219, 0.016797, 0.019743, 0.023090, 0.026868, 0.031107, 0.035835, 0.041073, 0.046840, 0.053148, 0.060002, 0.067398, 0.075326, 0.083761, 0.092673, 0.102016, 0.111735, 0.121763, 0.132023, 0.142425, 0.152873, 0.163259, 0.173473, 0.183396, 0.192909, 0.201892, 0.210227, 0.217803, 0.224513, 0.230263, 0.234969, 0.238561, 0.240986, 0.242208, 0.242208, 0.240986, 0.238561, 0.234969, 0.230263, 0.224513, 0.217803, 0.210228, 0.201892, 0.192909, 0.183396, 0.173473, 0.163260, 0.152873, 0.142426, 0.132023, 0.121764, 0.111735, 0.102016, 0.092673, 0.083762, 0.075326, 0.067399, 0.060002, 0.053148, 0.046840, 0.041073, 0.035835, 0.031107, 0.026868, 0.023090, 0.019743, 0.016797, 0.014219, 0.011977, 0.010039, 0.008373, 0.006950, 0.005743, 0.004725, 0.003872, 0.003164, 0.002581, 0.002106, 0.001725, 0.001426, 0.001198, 0.001035, 0.000929, 0.000877
0.000747, 0.000791, 0.000882, 0.001021, 0.001215, 0.001470, 0.001794, 0.002199, 0.002696, 0.003299, 0.004025, 0.004893, 0.005922, 0.007134, 0.008553, 0.010204, 0.012115, 0.014311, 0.016821, 0.019672, 0.022891, 0.026503, 0.030531, 0.034994, 0.039907, 0.045281, 0.051121, 0.057423, 0.064177, 0.071364, 0.078956, 0.086916, 0.095197, 0.103740, 0.112481, 0.121344, 0.130245, 0.139095, 0.147797, 0.156251, 0.164355, 0.172009, 0.179110, 0.185565, 0.191282, 0.196181, 0.200190, 0.203250, 0.205317, 0.206358, 0.206358, 0.205317, 0.203251, 0.200190, 0.196181, 0.191282, 0.185565, 0.179111, 0.172009, 0.164356, 0.156251, 0.147797, 0.139095, 0.130246, 0.121345, 0.112482, 0.103741, 0.095197, 0.086917, 0.078957, 0.071364, 0.064177, 0.057423, 0.051121, 0.045282, 0.039907, 0.034994, 0.030531, 0.026503, 0.022891, 0.019672, 0.016821, 0.014311, 0.012115, 0.010204, 0.008553, 0.007134, 0.005922, 0.004893, 0.004025, 0.003299, 0.002696, 0.002199, 0.001794, 0.001470, 0.001215, 0.001021, 0.000882, 0.000791, 0.000747
0.000633, 0.000670, 0.000747, 0.000865, 0.001029, 0.001245, 0.001520, 0.001863, 0.002284, 0.002795, 0.003410, 0.004145, 0.005017, 0.006044, 0.007246, 0.008645, 0.010264, 0.012124, 0.014251, 0.016666, 0.019394, 0.022454, 0.025866, 0.029647, 0.033810, 0.038363, 0.043310, 0.048649, 0.054371, 0.060460, 0.066892, 0.073636, 0.080651, 0.087890, 0.095295, 0.102804, 0.110345, 0.117842, 0.125214, 0.132377, 0.139243, 0.145727, 0.151743, 0.157212, 0.162055, 0.166205, 0.169602, 0.172195, 0.173946, 0.174827, 0.174828, 0.173946, 0.172195, 0.169602, 0.166206, 0.162055, 0.157212, 0.151744, 0.145727, 0.139243, 0.132377, 0.125215, 0.117843, 0.110345, 0.102804, 0.095296, 0.087890, 0.080652, 0.073636, 0.066893, 0.060460, 0.054371, 0.048649, 0.043310, 0.038363, 0.033810, 0.029647, 0.025866, 0.022454, 0.019394, 0.016667, 0.014251, 0.012124, 0.010264, 0.008645, 0.007246, 0.006044, 0.005017, 0.004145, 0.003410, 0.002795, 0.002284, 0.001863, 0.001520, 0.001245, 0.001029, 0.000865, 0.000747, 0.000670, 0.000633
0.000533, 0.000565, 0.000629, 0.000729, 0.000867, 0.001049, 0.001281, 0.001569, 0.001924, 0.002355, 0.002873, 0.003492, 0.004227, 0.005092, 0.006105, 0.007283, 0.008647, 0.010214, 0.012006, 0.014041, 0.016338, 0.018916, 0.021791, 0.024976, 0.028483, 0.032319, 0.036487, 0.040985, 0.045805, 0.050935, 0.056354, 0.062035, 0.067945, 0.074043, 0.080282, 0.086607, 0.092960, 0.099276, 0.105487, 0.111521, 0.117306, 0.122768, 0.127837, 0.132443, 0.136524, 0.140020, 0.142881, 0.145066, 0.146541, 0.147284, 0.147284, 0.146541, 0.145066, 0.142882, 0.140020, 0.136524, 0.132443, 0.127837, 0.122768, 0.117306, 0.111521, 0.105487, 0.099277, 0.092961, 0.086608, 0.080282, 0.074043, 0.067945, 0.062035, 0.056354, 0.050935, 0.045805, 0.040985, 0.036487, 0.032319, 0.028483, 0.024976, 0.021791, 0.018916, 0.016338, 0.014041, 0.012006, 0.010214, 0.008647, 0.007283, 0.006105, 0.005092, 0.004227, 0.003492, 0.002873, 0.002355, 0.001924, 0.001569, 0.001281, 0.001049, 0.000867, 0.000729, 0.000629, 0.000565, 0.000533
0.000447, 0.000473, 0.000527, 0.000611, 0.000726, 0.000879, 0.001073, 0.001315, 0.001612, 0.001973, 0.002407, 0.002926, 0.003541, 0.004265, 0.005114, 0.006101, 0.007244, 0.008557, 0.010058, 0.011762, 0.013687, 0.015847, 0.018255, 0.020923, 0.023861, 0.027074, 0.030566, 0.034334, 0.038372, 0.042670, 0.047209, 0.051968, 0.056919, 0.062028, 0.067254, 0.072553, 0.077875, 0.083166, 0.088369, 0.093424, 0.098270, 0.102846, 0.107092, 0.110951, 0.114369, 0.117298, 0.119695, 0.121525, 0.122761, 0.123383, 0.123383, 0.122761, 0.121525, 0.119696, 0.117298, 0.114369, 0.110951, 0.107092, 0.102846, 0.098270, 0.093424, 0.088370, 0.083167, 0.077876, 0.072554, 0.067254, 0.062028, 0.056920, 0.051969, 0.047209, 0.042670, 0.038372, 0.034334, 0.030566, 0.027075, 0.023861, 0.020924, 0.018255, 0.015847, 0.013687, 0.011763, 0.010058, 0.008557, 0.007244, 0.006102, 0.005114, 0.004265, 0.003541, 0.002926, 0.002407, 0.001973, 0.001612, 0.001315, 0.001073, 0.000879, 0.000726, 0.000611, 0.000527, 0.000473, 0.000447
0.000372, 0.000394, 0.000439, 0.000509, 0.000605, 0.000732, 0.000894, 0.001095, 0.001343, 0.001643, 0.002005, 0.002437, 0.002950, 0.003553, 0.004260, 0.005083, 0.006034, 0.007128, 0.008378, 0.009798, 0.011402, 0.013201, 0.015207, 0.017430, 0.019877, 0.022554, 0.025462, 0.028601, 0.031965, 0.035545, 0.039327, 0.043291, 0.047416, 0.051671, 0.056025, 0.060439, 0.064872, 0.069280, 0.073614, 0.077825, 0.081861, 0.085673, 0.089211, 0.092425, 0.095273, 0.097713, 0.099710, 0.101234, 0.102263, 0.102782, 0.102782, 0.102263, 0.101234, 0.099710, 0.097713, 0.095273, 0.092425, 0.089211, 0.085674, 0.081862, 0.077825, 0.073614, 0.069280, 0.064873, 0.060439, 0.056025, 0.051671, 0.047416, 0.043291, 0.039327, 0.035545, 0.031965, 0.028601, 0.025463, 0.022554, 0.019877, 0.017430, 0.015207, 0.013201, 0.011402, 0.009799, 0.008378, 0.007128, 0.006034, 0.005083, 0.004260, 0.003553, 0.002950, 0.002437, 0.002005, 0.001643, 0.001343, 0.001095, 0.000894, 0.000732, 0.000605, 0.000509, 0.000439, 0.000394, 0.000372
0.000308, 0.000326, 0.000364, 0.000421, 0.000501, 0.000606, 0.000740, 0.000907, 0.001112, 0.001361, 0.001661, 0.002019, 0.002443, 0.002943, 0.003529, 0.004210, 0.004999, 0.005905, 0.006940, 0.008117, 0.009445, 0.010935, 0.012597, 0.014438, 0.016465, 0.018683, 0.021092, 0.023692, 0.026479, 0.029444, 0.032577, 0.035861, 0.039277, 0.042802, 0.046409, 0.050065, 0.053738, 0.057389, 0.060979, 0.064467, 0.067811, 0.070968, 0.073899, 0.076561, 0.078920, 0.080941, 0.082595, 0.083858, 0.084711, 0.085140, 0.085140, 0.084711, 0.083858, 0.082596, 0.080941, 0.078920, 0.076562, 0.073899, 0.070969, 0.067811, 0.064467, 0.060979, 0.057389, 0.053738, 0.050066, 0.046409, 0.042803, 0.039277, 0.035861, 0.032577, 0.029444, 0.026479, 0.023692, 0.021092, 0.018683, 0.016466, 0.014438, 0.012597, 0.010935, 0.009445, 0.008117, 0.006940, 0.005905, 0.004999, 0.004210, 0.003529, 0.002943, 0.002443, 0.002019, 0.001661, 0.001361, 0.001112, 0.000907, 0.000740, 0.000606, 0.000501, 0.000421, 0.000364, 0.000326, 0.000308
0.000254, 0.000269, 0.000300, 0.000347, 0.000413, 0.000500, 0.000610, 0.000747, 0.000916, 0.001121, 0.001368, 0.001663, 0.002013, 0.002425, 0.002907, 0.003468, 0.004117, 0.004864, 0.005717, 0.006686, 0.007780, 0.009008, 0.010377, 0.011893, 0.013563, 0.015390, 0.017374, 0.019516, 0.021812, 0.024254, 0.026835, 0.029540, 0.032354, 0.035258, 0.038228, 0.041241, 0.044266, 0.047273, 0.050230, 0.053104, 0.055858, 0.058459, 0.060873, 0.063066, 0.065009, 0.066674, 0.068037, 0.069077, 0.069779, 0.070133, 0.070133, 0.069779, 0.069077, 0.068037, 0.066674, 0.065009, 0.063066, 0.060873, 0.058459, 0.055858, 0.053104, 0.050231, 0.047273, 0.044266, 0.041241, 0.038229, 0.035258, 0.032354, 0.029540, 0.026835, 0.024254, 0.021812, 0.019516, 0.017374, 0.015390, 0.013563, 0.011893, 0.010377, 0.009008, 0.007780, 0.006686, 0.005717, 0.004864, 0.004118, 0.003468, 0.002907, 0.002425, 0.002013, 0.001663, 0.001368, 0.001121, 0.000916, 0.000747, 0.000610, 0.000500, 0.000413, 0.000347, 0.000300, 0.000269, 0.000254
0.000208, 0.000220, 0.000245, 0.000284, 0.000338, 0.000409, 0.000500, 0.000612, 0.000751, 0.000919, 0.001121, 0.001362, 0.001649, 0.001986, 0.002381, 0.002841, 0.003373, 0.003984, 0.004683, 0.005477, 0.006373, 0.007379, 0.008500, 0.009742, 0.011110, 0.012607, 0.014232, 0.015987, 0.017867, 0.019868, 0.021982, 0.024198, 0.026503, 0.028881, 0.031315, 0.033782, 0.036260, 0.038724, 0.041146, 0.043500, 0.045756, 0.047887, 0.049864, 0.051661, 0.053252, 0.054616, 0.055732, 0.056584, 0.057160, 0.057449, 0.057449, 0.057160, 0.056584, 0.055732, 0.054616, 0.053252, 0.051661, 0.049864, 0.047887, 0.045756, 0.043500, 0.041147, 0.038724, 0.036260, 0.033782, 0.031315, 0.028882, 0.026503, 0.024198, 0.021982, 0.019868, 0.017867, 0.015987, 0.014232, 0.012607, 0.011110, 0.009743, 0.008500, 0.007379, 0.006373, 0.005477, 0.004683, 0.003984, 0.003373, 0.002841, 0.002381, 0.001986, 0.001649, 0.001362, 0.001121, 0.000919, 0.000751, 0.000612, 0.000500, 0.000409, 0.000338, 0.000284, 0.000245, 0.000220, 0.000208
0.000169, 0.000179, 0.000200, 0.000232, 0.000276, 0.000333, 0.000407, 0.000499, 0.000611, 0.000748, 0.000913, 0.001110, 0.001343, 0.001618, 0.001940, 0.002314, 0.002748, 0.003246, 0.003815, 0.004462, 0.005192, 0.006011, 0.006924, 0.007937, 0.009051, 0.010270, 0.011594, 0.013023, 0.014555, 0.016185, 0.017907, 0.019712, 0.021590, 0.023528, 0.025510, 0.027520, 0.029539, 0.031546, 0.033520, 0.035437, 0.037275, 0.039011, 0.040621, 0.042085, 0.043382, 0.044492, 0.045402, 0.046096, 0.046564, 0.046801, 0.046801, 0.046564, 0.046096, 0.045402, 0.044493, 0.043382, 0.042085, 0.040621, 0.039011, 0.037275, 0.035437, 0.033520, 0.031546, 0.029539, 0.027521, 0.025511, 0.023528, 0.021590, 0.019713, 0.017907, 0.016185, 0.014555, 0.013024, 0.011594, 0.010270, 0.009051, 0.007937, 0.006925, 0.006011, 0.005192, 0.004462, 0.003815, 0.003246, 0.002748, 0.002314, 0.001940, 0.001618, 0.001343, 0.001110, 0.000913, 0.000748, 0.000611, 0.000499, 0.000407, 0.000333, 0.000276, 0.000232, 0.000200, 0.000179, 0.000169
0.000137, 0.000145, 0.000162, 0.000188, 0.000223, 0.000270, 0.000330, 0.000404, 0.000495, 0.000606, 0.000740, 0.000899, 0.001088, 0.001311, 0.001572, 0.001875, 0.002226, 0.002630, 0.003091, 0.003615, 0.004207, 0.004870, 0.005610, 0.006431, 0.007333, 0.008321, 0.009394, 0.010552, 0.011793, 0.013114, 0.014509, 0.015972, 0.017493, 0.019063, 0.020669, 0.022298, 0.023934, 0.025560, 0.027159, 0.028712, 0.030201, 0.031608, 0.032913, 0.034098, 0.035149, 0.036049, 0.036786, 0.037348, 0.037728, 0.037919, 0.037919, 0.037728, 0.037348, 0.036786, 0.036049, 0.035149, 0.034099, 0.032913, 0.031608, 0.030201, 0.028712, 0.027159, 0.025560, 0.023934, 0.022298, 0.020669, 0.019063, 0.017493, 0.015972, 0.014509, 0.013114, 0.011793, 0.010552, 0.009394, 0.008321, 0.007333, 0.006431, 0.005610, 0.004870, 0.004207, 0.003615, 0.003091, 0.002630, 0.002226, 0.001875, 0.001572, 0.001311, 0.001088, 0.000899, 0.000740, 0.000606, 0.000495, 0.000404, 0.000330, 0.000270, 0.000223, 0.000188, 0.000162, 0.000145, 0.000137
0.000111, 0.000117, 0.000131, 0.000151, 0.000180, 0.000218, 0.000266, 0.000326, 0.000399, 0.000489, 0.000596, 0.000725, 0.000877, 0.001057, 0.001267, 0.001511, 0.001794, 0.002120, 0.002491, 0.002914, 0.003390, 0.003925, 0.004522, 0.005183, 0.005911, 0.006707, 0.007571, 0.008505, 0.009505, 0.010570, 0.011694, 0.012873, 0.014099, 0.015365, 0.016659, 0.017972, 0.019290, 0.020601, 0.021889, 0.023141, 0.024342, 0.025475, 0.026527, 0.027483, 0.028330, 0.029055, 0.029649, 0.030102, 0.030408, 0.030562, 0.030562, 0.030408, 0.030102, 0.029649, 0.029055, 0.028330, 0.027483, 0.026527, 0.025475, 0.024342, 0.023142, 0.021889, 0.020601, 0.019290, 0.017972, 0.016659, 0.015365, 0.014099, 0.012873, 0.011694, 0.010570, 0.009505, 0.008505, 0.007572, 0.006707, 0.005911, 0.005183, 0.004522, 0.003925, 0.003391, 0.002914, 0.002491, 0.002120, 0.001794, 0.001511, 0.001267, 0.001057, 0.000877, 0.000725, 0.000596, 0.000489, 0.000399, 0.000326, 0.000266, 0.000218, 0.000180, 0.000151, 0.000131, 0.000117, 0.000111
0.000089, 0.000094, 0.000105, 0.000121, 0.000144, 0.000175, 0.000213, 0.000261, 0.000320, 0.000392, 0.000478, 0.000581, 0.000703, 0.000847, 0.001016, 0.001212, 0.001439, 0.001700, 0.001998, 0.002337, 0.002719, 0.003148, 0.003627, 0.004157, 0.004740, 0.005379, 0.006072, 0.006821, 0.007623, 0.008477, 0.009379, 0.010324, 0.011308, 0.012323, 0.013361, 0.014414, 0.015471, 0.016522, 0.017556, 0.018560, 0.019523, 0.020432, 0.021275, 0.022042, 0.022721, 0.023303, 0.023779, 0.024142, 0.024388, 0.024511, 0.024512, 0.024388, 0.024142, 0.023779, 0.023303, 0.022721, 0.022042, 0.021275, 0.020432, 0.019523, 0.018560, 0.017556, 0.016522, 0.015471, 0.014414, 0.013361, 0.012323, 0.011308, 0.010324, 0.009379, 0.008477, 0.007623, 0.006821, 0.006073, 0.005379, 0.004740, 0.004157, 0.003627, 0.003148, 0.002719, 0.002337, 0.001998, 0.001700, 0.001439, 0.001212, 0.001016, 0.000847, 0.000703, 0.000581, 0.000478, 0.000392, 0.000320, 0.000261, 0.000213, 0.000175, 0.000144, 0.000121, 0.000105, 0.000094, 0.000089
0.000071, 0.000075, 0.000084, 0.000097, 0.000115, 0.000139, 0.000170, 0.000209, 0.000256, 0.000313, 0.000382, 0.000464, 0.000562, 0.000677, 0.000811, 0.000968, 0.001149, 0.001357, 0.001596, 0.001866, 0.002171, 0.002514, 0.002896, 0.003319, 0.003785, 0.004295, 0.004849, 0.005447, 0.006087, 0.006769, 0.007489, 0.008244, 0.009030, 0.009840, 0.010669, 0.011510, 0.012354, 0.013193, 0.014019, 0.014820, 0.015589, 0.016315, 0.016989, 0.017601, 0.018143, 0.018608, 0.018988, 0.019278, 0.019474, 0.019573, 0.019573, 0.019474, 0.019278, 0.018988, 0.018608, 0.018143, 0.017601, 0.016989, 0.016315, 0.015589, 0.014820, 0.014019, 0.013193, 0.012354, 0.011510, 0.010669, 0.009840, 0.009030, 0.008244, 0.007489, 0.006769, 0.006087, 0.005447, 0.004849, 0.004295, 0.003785, 0.003319, 0.002896, 0.002514, 0.002171, 0.001866, 0.001596, 0.001358, 0.001149, 0.000968, 0.000811, 0.000677, 0.000562, 0.000464, 0.000382, 0.000313, 0.000256, 0.000209, 0.000170, 0.000139, 0.000115, 0.000097, 0.000084, 0.000075, 0.000071
0.000056, 0.000060, 0.000067, 0.000077, 0.000092, 0.000111, 0.000135, 0.000166, 0.000204, 0.000249, 0.000304, 0.000369, 0.000447, 0.000539, 0.000646, 0.000770, 0.000915, 0.001080, 0.001270, 0.001485, 0.001728, 0.002001, 0.002305, 0.002642, 0.003013, 0.003418, 0.003859, 0.004335, 0.004845, 0.005387, 0.005960, 0.006561, 0.007186, 0.007831, 0.008491, 0.009160, 0.009832, 0.010500, 0.011156, 0.011795, 0.012406, 0.012984, 0.013520, 0.014007, 0.014439, 0.014809, 0.015111, 0.015342, 0.015498, 0.015577, 0.015577, 0.015498, 0.015342, 0.015111, 0.014809, 0.014439, 0.014007, 0.013520, 0.012984, 0.012406, 0.011795, 0.011157, 0.010500, 0.009832, 0.009160, 0.008491, 0.007831, 0.007186, 0.006561, 0.005960, 0.005387, 0.004845, 0.004335, 0.003859, 0.003418, 0.003013, 0.002642, 0.002305, 0.002001, 0.001728, 0.001485, 0.001270, 0.001080, 0.000915, 0.000770, 0.000646, 0.000539, 0.000447, 0.000369, 0.000304, 0.000249, 0.000204, 0.000166, 0.000135, 0.000111, 0.000092, 0.000077, 0.000067, 0.000060, 0.000056
0.000045, 0.000047, 0.000053, 0.000061, 0.000073, 0.000088, 0.000108, 0.000132, 0.000162, 0.000198, 0.000241, 0.000293, 0.000355, 0.000428, 0.000513, 0.000612, 0.000727, 0.000858, 0.001009, 0.001180, 0.001373, 0.001590, 0.001831, 0.002099, 0.002394, 0.002716, 0.003066, 0.003444, 0.003849, 0.004280, 0.004736, 0.005213, 0.005710, 0.006222, 0.006746, 0.007278, 0.007812, 0.008342, 0.008864, 0.009371, 0.009857, 0.010316, 0.010742, 0.011130, 0.011472, 0.011766, 0.012007, 0.012190, 0.012314, 0.012377, 0.012377, 0.012314, 0.012190, 0.012007, 0.011766, 0.011472, 0.011130, 0.010742, 0.010317, 0.009858, 0.009371, 0.008864, 0.008343, 0.007812, 0.007278, 0.006746, 0.006222, 0.005710, 0.005213, 0.004736, 0.004280, 0.003849, 0.003444, 0.003066, 0.002716, 0.002394, 0.002099, 0.001831, 0.001590, 0.001373, 0.001180, 0.001009, 0.000858, 0.000727, 0.000612, 0.000513, 0.000428, 0.000355, 0.000293, 0.000241, 0.000198, 0.000162, 0.000132, 0.000108, 0.000088, 0.000073, 0.000061, 0.000053, 0.000047, 0.000045
0.000036, 0.000038, 0.000042, 0.000049, 0.000058, 0.000070, 0.000086, 0.000105, 0.000129, 0.000157, 0.000192, 0.000234, 0.000283, 0.000340, 0.000408, 0.000487, 0.000578, 0.000683, 0.000803, 0.000939, 0.001092, 0.001265, 0.001457, 0.001670, 0.001904, 0.002161, 0.002440, 0.002740, 0.003063, 0.003406, 0.003768, 0.004148, 0.004543, 0.004951, 0.005368, 0.005791, 0.006215, 0.006638, 0.007053, 0.007456, 0.007843, 0.008208, 0.008547, 0.008855, 0.009128, 0.009362, 0.009553, 0.009699, 0.009798, 0.009847, 0.009847, 0.009798, 0.009699, 0.009553, 0.009362, 0.009128, 0.008855, 0.008547, 0.008208, 0.007843, 0.007456, 0.007053, 0.006638, 0.006215, 0.005791, 0.005368, 0.004951, 0.004543, 0.004148, 0.003768, 0.003406, 0.003063, 0.002740, 0.002440, 0.002161, 0.001904, 0.001670, 0.001457, 0.001265, 0.001092, 0.000939, 0.000803, 0.000683, 0.000578, 0.000487, 0.000408, 0.000340, 0.000283, 0.000234, 0.000192, 0.000157, 0.000129, 0.000105, 0.000086, 0.000070, 0.000058, 0.000049, 0.000042, 0.000038, 0.000036
0.000029, 0.000030, 0.000034, 0.000039, 0.000046, 0.000056, 0.000069, 0.000084, 0.000103, 0.000126, 0.000154, 0.000187, 0.000226, 0.000273, 0.000327, 0.000390, 0.000463, 0.000547, 0.000643, 0.000752, 0.000875, 0.001013, 0.001167, 0.001337, 0.001525, 0.001730, 0.001953, 0.002194, 0.002452, 0.002727, 0.003017, 0.003321, 0.003638, 0.003964, 0.004298, 0.004637, 0.004977, 0.005315, 0.005647, 0.005970, 0.006280, 0.006573, 0.006844, 0.007091, 0.007309, 0.007496, 0.007649, 0.007766, 0.007845, 0.007885, 0.007885, 0.007845, 0.007766, 0.007649, 0.007496, 0.007309, 0.007091, 0.006844, 0.006573, 0.006280, 0.005970, 0.005647, 0.005315, 0.004977, 0.004637, 0.004298, 0.003964, 0.003638, 0.003321, 0.003017, 0.002727, 0.002452, 0.002194, 0.001953, 0.001730, 0.001525, 0.001337, 0.001167, 0.001013, 0.000875, 0.000752, 0.000643, 0.000547, 0.000463, 0.000390, 0.000327, 0.000273, 0.000226, 0.000187, 0.000154, 0.000126, 0.000103, 0.000084, 0.000069, 0.000056, 0.000046, 0.000039, 0.000034, 0.000030, 0.000029
0.000023, 0.000025, 0.000027, 0.000032, 0.000038, 0.000046, 0.000056, 0.000068, 0.000084, 0.000102, 0.000125, 0.000152, 0.000184, 0.000221, 0.000265, 0.000317, 0.000376, 0.000444, 0.000522, 0.000611, 0.000710, 0.000823, 0.000948, 0.001086, 0.001239, 0.001405, 0.001587, 0.001782, 0.001992, 0.002215, 0.002451, 0.002698, 0.002955, 0.003220, 0.003491, 0.003766, 0.004043, 0.004317, 0.004587, 0.004850, 0.005101, 0.005339, 0.005559, 0.005760, 0.005937, 0.006089, 0.006213, 0.006308, 0.006373, 0.006405, 0.006405, 0.006373, 0.006308, 0.006213, 0.006089, 0.005937, 0.005760, 0.005559, 0.005339, 0.005101, 0.004850, 0.004587, 0.004317, 0.004043, 0.003766, 0.003491, 0.003220, 0.002955, 0.002698, 0.002451, 0.002215, 0.001992, 0.001782, 0.001587, 0.001405, 0.001239, 0.001086, 0.000948, 0.000823, 0.000710, 0.000611, 0.000522, 0.000444, 0.000376, 0.000317, 0.000265, 0.000221, 0.000184, 0.000152, 0.000125, 0.000102, 0.000084, 0.000068, 0.000056, 0.000046, 0.000038, 0.000032, 0.000027, 0.000025, 0.000023
0.000019, 0.000020, 0.000023, 0.000026, 0.000031, 0.000038, 0.000046, 0.000057, 0.000070, 0.000085, 0.000104, 0.000127, 0.000153, 0.000185, 0.000221, 0.000264, 0.000313, 0.000370, 0.000435, 0.000509, 0.000592, 0.000686, 0.000790, 0.000905, 0.001033, 0.001172, 0.001323, 0.001486, 0.001661, 0.001847, 0.002043, 0.002249, 0.002463, 0.002685, 0.002911, 0.003140, 0.003370, 0.003599, 0.003825, 0.004043, 0.004253, 0.004451, 0.004635, 0.004802, 0.004950, 0.005077, 0.005181, 0.005260, 0.005313, 0.005340, 0.005340, 0.005313, 0.005260, 0.005181, 0.005077, 0.004950, 0.004802, 0.004635, 0.004451, 0.004253, 0.004043, 0.003825, 0.003599, 0.003370, 0.003140, 0.002911, 0.002685, 0.002463, 0.002249, 0.002043, 0.001847, 0.001661, 0.001486, 0.001323, 0.001172, 0.001033, 0.000905, 0.000790, 0.000686, 0.000592, 0.000509, 0.000435, 0.000370, 0.000313, 0.000264, 0.000221, 0.000185, 0.000153, 0.000127, 0.000104, 0.000085, 0.000070, 0.000057, 0.000046, 0.000038, 0.000031, 0.000026, 0.000023, 0.000020, 0.000019
0.000017, 0.000018, 0.000020, 0.000023, 0.000027, 0.000033, 0.000040, 0.000049, 0.000061, 0.000074, 0.000090, 0.000110, 0.000133, 0.000160, 0.000192, 0.000229, 0.000272, 0.000322, 0.000378, 0.000442, 0.000515, 0.000596, 0.000686, 0.000787, 0.000897, 0.001018, 0.001150, 0.001291, 0.001443, 0.001605, 0.001776, 0.001955, 0.002141, 0.002333, 0.002529, 0.002729, 0.002929, 0.003128, 0.003324, 0.003514, 0.003696, 0.003868, 0.004028, 0.004173, 0.004302, 0.004412, 0.004502, 0.004571, 0.004617, 0.004641, 0.004641, 0.004617, 0.004571, 0.004502, 0.004412, 0.004302, 0.004173, 0.004028, 0.003868, 0.003696, 0.003514, 0.003324, 0.003128, 0.002929, 0.002729, 0.002530, 0.002333, 0.002141, 0.001955, 0.001776, 0.001605, 0.001443, 0.001291, 0.001150, 0.001018, 0.000897, 0.000787, 0.000686, 0.000596, 0.000515, 0.000442, 0.000378, 0.000322, 0.000272, 0.000229, 0.000192, 0.000160, 0.000133, 0.000110, 0.000090, 0.000074, 0.000061, 0.000049, 0.000040, 0.000033, 0.000027, 0.000023, 0.000020, 0.000018, 0.000017
0.000015, 0.000016, 0.000018, 0.000021, 0.000025, 0.000030, 0.000037, 0.000045, 0.000056, 0.000068, 0.000083, 0.000101, 0.000123, 0.000148, 0.000177, 0.000211, 0.000251, 0.000296, 0.000348, 0.000407, 0.000474, 0.000549, 0.000632, 0.000724, 0.000826, 0.000937, 0.001058, 0.001189, 0.001329, 0.001478, 0.001635, 0.001800, 0.001971, 0.002148, 0.002329, 0.002513, 0.002697, 0.002880, 0.003060, 0.003235, 0.003403, 0.003562, 0.003709, 0.003843, 0.003961, 0.004062, 0.004146, 0.004209, 0.004252, 0.004273, 0.004273, 0.004252, 0.004209, 0.004146, 0.004062, 0.003961, 0.003843, 0.003709, 0.003562, 0.003403, 0.003235, 0.003060, 0.002880, 0.002697, 0.002513, 0.002329, 0.002148, 0.001971, 0.001800, 0.001635, 0.001478, 0.001329, 0.001189, 0.001058, 0.000937, 0.000826, 0.000724, 0.000632, 0.000549, 0.000474, 0.000407, 0.000348, 0.000296, 0.000251, 0.000211, 0.000177, 0.000148, 0.000123, 0.000101, 0.000083, 0.000068, 0.000056, 0.000045, 0.000037, 0.000030, 0.000025, 0.000021, 0.000018, 0.000016, 0.000015
0.000015, 0.000016, 0.000018, 0.000021, 0.000025, 0.000030, 0.000037, 0.000045, 0.000055, 0.000067, 0.000082, 0.000100, 0.000121, 0.000146, 0.000175, 0.000208, 0.000247, 0.000292, 0.000344, 0.000402, 0.000468, 0.000542, 0.000624, 0.000715, 0.000815, 0.000925, 0.001045, 0.001174, 0.001312, 0.001459, 0.001614, 0.001776, 0.001946, 0.002120, 0.002299, 0.002480, 0.002662, 0.002843, 0.003021, 0.003194, 0.003360, 0.003516, 0.003661, 0.003793, 0.003910, 0.004011, 0.004092, 0.004155, 0.004197, 0.004219, 0.004219, 0.004197, 0.004155, 0.004092, 0.004011, 0.003910, 0.003793, 0.003661, 0.003516, 0.003360, 0.003194, 0.003021, 0.002843, 0.002662, 0.002480, 0.002299, 0.002120, 0.001946, 0.001776, 0.001614, 0.001459, 0.001312, 0.001174, 0.001045, 0.000925, 0.000816, 0.000715, 0.000624, 0.000542, 0.000468, 0.000402, 0.000344, 0.000292, 0.000247, 0.000208, 0.000175, 0.000146, 0.000121, 0.000100, 0.000082, 0.000067, 0.000055, 0.000045, 0.000037, 0.000030, 0.000025, 0.000021, 0.000018, 0.000016, 0.000015
0.000016, 0.000017, 0.000019, 0.000022, 0.000026, 0.000032, 0.000039, 0.000048, 0.000058, 0.000071, 0.000087, 0.000106, 0.000128, 0.000154, 0.000185, 0.000221, 0.000262, 0.000310, 0.000364, 0.000426, 0.000496, 0.000574, 0.000661, 0.000758, 0.000865, 0.000981, 0.001108, 0.001244, 0.001391, 0.001546, 0.001711, 0.001884, 0.002063, 0.002248, 0.002438, 0.002630, 0.002823, 0.003015, 0.003203, 0.003387, 0.003562, 0.003728, 0.003882, 0.004022, 0.004146, 0.004253, 0.004339, 0.004406, 0.004451, 0.004473, 0.004473, 0.004451, 0.004406, 0.004339, 0.004253, 0.004146, 0.004022, 0.003882, 0.003728, 0.003562, 0.003387, 0.003203, 0.003015, 0.002823, 0.002630, 0.002438, 0.002248, 0.002063, 0.001884, 0.001711, 0.001546, 0.001391, 0.001244, 0.001108, 0.000981, 0.000865, 0.000758, 0.000661, 0.000574, 0.000496, 0.000426, 0.000364, 0.000310, 0.000262, 0.000221, 0.000185, 0.000154, 0.000128, 0.000106, 0.000087, 0.000071, 0.000058, 0.000048, 0.000039, 0.000032, 0.000026, 0.000022, 0.000019, 0.000017, 0.000016
0.000018, 0.000019, 0.000022, 0.000025, 0.000030, 0.000036, 0.000044, 0.000054, 0.000066, 0.000081, 0.000098, 0.000120, 0.000145, 0.000174, 0.000209, 0.000249, 0.000296, 0.000350, 0.000411, 0.000481, 0.000560, 0.000648, 0.000746, 0.000855, 0.000976, 0.001107, 0.001250, 0.001404, 0.001569, 0.001745, 0.001931, 0.002125, 0.002328, 0.002537, 0.002751, 0.002968, 0.003186, 0.003402, 0.003615, 0.003822, 0.004020, 0.004207, 0.004381, 0.004539, 0.004679, 0.004799, 0.004897, 0.004972, 0.005023, 0.005048, 0.005048, 0.005023, 0.004972, 0.004897, 0.004799, 0.004679, 0.004539, 0.004381, 0.004207, 0.004020, 0.003822, 0.003615, 0.003402, 0.003186, 0.002968, 0.002751, 0.002537, 0.002328, 0.002126, 0.001931, 0.001745, 0.001569, 0.001404, 0.001250, 0.001107, 0.000976, 0.000855, 0.000746, 0.000648, 0.000560, 0.000481, 0.000411, 0.000350, 0.000296, 0.000249, 0.000209, 0.000174, 0.000145, 0.000120, 0.000098, 0.000081, 0.000066, 0.000054, 0.000044, 0.000036, 0.000030, 0.000025, 0.000022, 0.000019, 0.000018
0.000022, 0.000023, 0.000025, 0.000029, 0.000035, 0.000042, 0.000052, 0.000063, 0.000078, 0.000095, 0.000116, 0.000141, 0.000171, 0.000206, 0.000247, 0.000295, 0.000350, 0.000413, 0.000486, 0.000568, 0.000662, 0.000766, 0.000882, 0.001011, 0.001154, 0.001309, 0.001478, 0.001660, 0.001855, 0.002063, 0.002283, 0.002513, 0.002753, 0.003000, 0.003253, 0.003509, 0.003767, 0.004023, 0.004274, 0.004519, 0.004753, 0.004975, 0.005180, 0.005367, 0.005533, 0.005674, 0.005790, 0.005879, 0.005939, 0.005969, 0.005969, 0.005939, 0.005879, 0.005790, 0.005674, 0.005533, 0.005367, 0.005180, 0.004975, 0.004753, 0.004519, 0.004274, 0.004023, 0.003767, 0.003509, 0.003253, 0.003000, 0.002753, 0.002513, 0.002283, 0.002063, 0.001855, 0.001660, 0.001478, 0.001309, 0.001154, 0.001011, 0.000882, 0.000766, 0.000662, 0.000568, 0.000486, 0.000413, 0.000350, 0.000295, 0.000247, 0.000206, 0.000171, 0.000141, 0.000116, 0.000095, 0.000078, 0.000063, 0.000052, 0.000042, 0.000035, 0.000029, 0.000025, 0.000023, 0.000022
0.000026, 0.000028, 0.000031, 0.000036, 0.000043, 0.000052, 0.000063, 0.000077, 0.000095, 0.000116, 0.000142, 0.000172, 0.000208, 0.000251, 0.000301, 0.000359, 0.000427, 0.000504, 0.000593, 0.000693, 0.000806, 0.000934, 0.001076, 0.001233, 0.001406, 0.001596, 0.001802, 0.002024, 0.002262, 0.002515, 0.002783, 0.003064, 0.003356, 0.003657, 0.003965, 0.004278, 0.004592, 0.004904, 0.005211, 0.005509, 0.005795, 0.006065, 0.006315, 0.006543, 0.006745, 0.006918, 0.007059, 0.007167, 0.007240, 0.007277, 0.007277, 0.007240, 0.007167, 0.007059, 0.006918, 0.006745, 0.006543, 0.006315, 0.006065, 0.005795, 0.005509, 0.005211, 0.004904, 0.004592, 0.004278, 0.003965, 0.003657, 0.003356, 0.003064, 0.002783, 0.002515, 0.002262, 0.002024, 0.001802, 0.001596, 0.001406, 0.001233, 0.001076, 0.000934, 0.000806, 0.000693, 0.000593, 0.000504, 0.000427, 0.000359, 0.000301, 0.000251, 0.000208, 0.000172, 0.000142, 0.000116, 0.000095, 0.000077, 0.000063, 0.000052, 0.000043, 0.000036, 0.000031, 0.000028, 0.000026
0.000033, 0.000035, 0.000038, 0.000045, 0.000053, 0.000064, 0.000078, 0.000096, 0.000118, 0.000144, 0.000176, 0.000214, 0.000259, 0.000312, 0.000374, 0.000446, 0.000529, 0.000625, 0.000735, 0.000860, 0.001001, 0.001159, 0.001335, 0.001530, 0.001745, 0.001980, 0.002235, 0.002511, 0.002807, 0.003121, 0.003453, 0.003801, 0.004164, 0.004538, 0.004920, 0.005308, 0.005698, 0.006085, 0.006466, 0.006836, 0.007190, 0.007525, 0.007836, 0.008119, 0.008369, 0.008583, 0.008759, 0.008893, 0.008983, 0.009029, 0.009029, 0.008983, 0.008893, 0.008759, 0.008583, 0.008369, 0.008119, 0.007836, 0.007525, 0.007190, 0.006836, 0.006466, 0.006085, 0.005698, 0.005308, 0.004920, 0.004538, 0.004164, 0.003801, 0.003453, 0.003121, 0.002807, 0.002511, 0.002235, 0.001980, 0.001745, 0.001530, 0.001335, 0.001159, 0.001001, 0.000860, 0.000735, 0.000625, 0.000529, 0.000446, 0.000374, 0.000312, 0.000259, 0.000214, 0.000176, 0.000144, 0.000118, 0.000096, 0.000078, 0.000064, 0.000053, 0.000045, 0.000038, 0.000035, 0.000033
0.000041, 0.000043, 0.000048, 0.000056, 0.000066, 0.000080, 0.000098, 0.000120, 0.000147, 0.000180, 0.000220, 0.000267, 0.000324, 0.000390, 0.000468, 0.000558, 0.000663, 0.000783, 0.000920, 0.001076, 0.001252, 0.001450, 0.001670, 0.001915, 0.002184, 0.002478, 0.002798, 0.003143, 0.003512, 0.003906, 0.004322, 0.004757, 0.005211, 0.005679, 0.006158, 0.006643, 0.007130, 0.007615, 0.008092, 0.008555, 0.008999, 0.009418, 0.009807, 0.010160, 0.010474, 0.010742, 0.010962, 0.011129, 0.011242, 0.011299, 0.011299, 0.011242, 0.011129, 0.010962, 0.010742, 0.010474, 0.010161, 0.009807, 0.009418, 0.008999, 0.008555, 0.008092, 0.007615, 0.007130, 0.006643, 0.006158, 0.005679, 0.005211, 0.004758, 0.004322, 0.003906, 0.003512, 0.003143, 0.002798, 0.002478, 0.002184, 0.001915, 0.001670, 0.001450, 0.001252, 0.001076, 0.000920, 0.000783, 0.000663, 0.000558, 0.000468, 0.000390, 0.000324, 0.000267, 0.000220, 0.000180, 0.000147, 0.000120, 0.000098, 0.000080, 0.000066, 0.000056, 0.000048, 0.000043, 0.000041
0.000051, 0.000054, 0.000060, 0.000070, 0.000083, 0.000101, 0.000123, 0.000151, 0.000185, 0.000226, 0.000276, 0.000336, 0.000406, 0.000490, 0.000587, 0.000700, 0.000832, 0.000982, 0.001155, 0.001351, 0.001572, 0.001820, 0.002096, 0.002403, 0.002740, 0.003110, 0.003511, 0.003944, 0.004408, 0.004902, 0.005424, 0.005971, 0.006540, 0.007127, 0.007728, 0.008337, 0.008949, 0.009557, 0.010155, 0.010736, 0.011293, 0.011820, 0.012308, 0.012751, 0.013144, 0.013481, 0.013757, 0.013967, 0.014109, 0.014181, 0.014181, 0.014109, 0.013967, 0.013757, 0.013481, 0.013144, 0.012751, 0.012308, 0.011820, 0.011293, 0.010736, 0.010155, 0.009557, 0.008949, 0.008337, 0.007728, 0.007127, 0.006540, 0.005971, 0.005424, 0.004902, 0.004408, 0.003944, 0.003511, 0.003110, 0.002741, 0.002403, 0.002096, 0.001820, 0.001572, 0.001351, 0.001155, 0.000982, 0.000832, 0.000700, 0.000587, 0.000490, 0.000406, 0.000336, 0.000276, 0.000226, 0.000185, 0.000151, 0.000123, 0.000101, 0.000083, 0.000070, 0.000060, 0.000054, 0.000051
0.000064, 0.000068, 0.000076, 0.000088, 0.000104, 0.000126, 0.000154, 0.000189, 0.000232, 0.000284, 0.000346, 0.000421, 0.000510, 0.000614, 0.000736, 0.000878, 0.001043, 0.001232, 0.001448, 0.001694, 0.001971, 0.002282, 0.002629, 0.003014, 0.003437, 0.003900, 0.004403, 0.004946, 0.005528, 0.006148, 0.006802, 0.007488, 0.008202, 0.008938, 0.009692, 0.010455, 0.011223, 0.011986, 0.012736, 0.013465, 0.014163, 0.014823, 0.015435, 0.015992, 0.016485, 0.016907, 0.017253, 0.017517, 0.017695, 0.017784, 0.017785, 0.017695, 0.017517, 0.017253, 0.016907, 0.016485, 0.015992, 0.015435, 0.014823, 0.014163, 0.013465, 0.012736, 0.011986, 0.011223, 0.010456, 0.009692, 0.008938, 0.008202, 0.007488, 0.006802, 0.006148, 0.005528, 0.004946, 0.004403, 0.003900, 0.003437, 0.003014, 0.002629, 0.002282, 0.001971, 0.001694, 0.001448, 0.001232, 0.001043, 0.000878, 0.000736, 0.000614, 0.000510, 0.000421, 0.000346, 0.000284, 0.000232, 0.000189, 0.000154, 0.000126, 0.000104, 0.000088, 0.000076, 0.000068, 0.000064
0.000080, 0.000085, 0.000095, 0.000110, 0.000131, 0.000158, 0.000193, 0.000237, 0.000290, 0.000355, 0.000433, 0.000527, 0.000637, 0.000768, 0.000921, 0.001099, 0.001304, 0.001541, 0.001811, 0.002118, 0.002465, 0.002854, 0.003288, 0.003769, 0.004298, 0.004878, 0.005507, 0.006186, 0.006914, 0.007689, 0.008507, 0.009365, 0.010258, 0.011179, 0.012121, 0.013076, 0.014036, 0.014990, 0.015928, 0.016840, 0.017714, 0.018539, 0.019304, 0.020000, 0.020617, 0.021145, 0.021577, 0.021907, 0.022130, 0.022242, 0.022242, 0.022130, 0.021907, 0.021577, 0.021145, 0.020617, 0.020000, 0.019304, 0.018539, 0.017714, 0.016840, 0.015928, 0.014990, 0.014036, 0.013076, 0.012121, 0.011179, 0.010258, 0.009365, 0.008507, 0.007689, 0.006914, 0.006186, 0.005507, 0.004878, 0.004299, 0.003769, 0.003288, 0.002854, 0.002465, 0.002118, 0.001811, 0.001541, 0.001304, 0.001099, 0.000921, 0.000768, 0.000637, 0.000527, 0.000433, 0.000355, 0.000290, 0.000237, 0.000193, 0.000158, 0.000131, 0.000110, 0.000095, 0.000085, 0.000080
0.000100, 0.000106, 0.000118, 0.000137, 0.000163, 0.000197, 0.000240, 0.000295, 0.000361, 0.000442, 0.000540, 0.000656, 0.000794, 0.000957, 0.001147, 0.001369, 0.001625, 0.001920, 0.002256, 0.002639, 0.003071, 0.003556, 0.004096, 0.004695, 0.005355, 0.006076, 0.006860, 0.007706, 0.008613, 0.009578, 0.010598, 0.011667, 0.012778, 0.013926, 0.015100, 0.016290, 0.017485, 0.018674, 0.019843, 0.020978, 0.022067, 0.023095, 0.024049, 0.024916, 0.025683, 0.026341, 0.026880, 0.027291, 0.027569, 0.027709, 0.027709, 0.027569, 0.027291, 0.026880, 0.026342, 0.025684, 0.024916, 0.024049, 0.023095, 0.022067, 0.020978, 0.019843, 0.018674, 0.017485, 0.016290, 0.015100, 0.013926, 0.012779, 0.011667, 0.010598, 0.009578, 0.008613, 0.007706, 0.006860, 0.006076, 0.005355, 0.004695, 0.004096, 0.003556, 0.003071, 0.002639, 0.002256, 0.001920, 0.001625, 0.001369, 0.001147, 0.000957, 0.000794, 0.000656, 0.000540, 0.000442, 0.000361, 0.000295, 0.000240, 0.000197, 0.000163, 0.000137, 0.000118, 0.000106, 0.000100
0.000124, 0.000131, 0.000146, 0.000170, 0.000202, 0.000244, 0.000298, 0.000365, 0.000448, 0.000548, 0.000669, 0.000813, 0.000985, 0.001186, 0.001422, 0.001697, 0.002015, 0.002380, 0.002798, 0.003272, 0.003808, 0.004409, 0.005080, 0.005822, 0.006640, 0.007535, 0.008507, 0.009556, 0.010681, 0.011877, 0.013142, 0.014467, 0.015846, 0.017269, 0.018724, 0.020200, 0.021682, 0.023156, 0.024605, 0.026014, 0.027363, 0.028638, 0.029821, 0.030896, 0.031848, 0.032664, 0.033332, 0.033842, 0.034186, 0.034359, 0.034359, 0.034186, 0.033842, 0.033332, 0.032664, 0.031848, 0.030896, 0.029821, 0.028638, 0.027363, 0.026014, 0.024606, 0.023156, 0.021683, 0.020200, 0.018724, 0.017269, 0.015846, 0.014467, 0.013142, 0.011877, 0.010681, 0.009556, 0.008507, 0.007535, 0.006640, 0.005823, 0.005080, 0.004409, 0.003808, 0.003272, 0.002798, 0.002380, 0.002015, 0.001697, 0.001422, 0.001186, 0.000985, 0.000813, 0.000669, 0.000548, 0.000448, 0.000365, 0.000298, 0.000244, 0.000202, 0.000170, 0.000146, 0.000131, 0.000124
0.000153, 0.000162, 0.000181, 0.000209, 0.000249, 0.000301, 0.000368, 0.000451, 0.000553, 0.000677, 0.000826, 0.001004, 0.001215, 0.001464, 0.001755, 0.002094, 0.002486, 0.002937, 0.003452, 0.004038, 0.004699, 0.005441, 0.006268, 0.007184, 0.008193, 0.009297, 0.010497, 0.011791, 0.013179, 0.014655, 0.016215, 0.017850, 0.019552, 0.021307, 0.023103, 0.024924, 0.026753, 0.028572, 0.030360, 0.032097, 0.033763, 0.035336, 0.036795, 0.038122, 0.039297, 0.040304, 0.041128, 0.041757, 0.042181, 0.042395, 0.042395, 0.042181, 0.041757, 0.041128, 0.040304, 0.039297, 0.038122, 0.036795, 0.035336, 0.033763, 0.032098, 0.030360, 0.028572, 0.026754, 0.024925, 0.023103, 0.021307, 0.019552, 0.017851, 0.016215, 0.014655, 0.013179, 0.011791, 0.010497, 0.009297, 0.008194, 0.007184, 0.006268, 0.005441, 0.004699, 0.004038, 0.003452, 0.002937, 0.002486, 0.002094, 0.001755, 0.001464, 0.001215, 0.001004, 0.000826, 0.000677, 0.000553, 0.000451, 0.000368, 0.000301, 0.000249, 0.000209, 0.000181, 0.000162, 0.000153
0.000188, 0.000199, 0.000222, 0.000257, 0.000306, 0.000370, 0.000452, 0.000554, 0.000679, 0.000831, 0.001014, 0.001232, 0.001491, 0.001797, 0.002154, 0.002570, 0.003052, 0.003605, 0.004238, 0.004956, 0.005768, 0.006678, 0.007694, 0.008819, 0.010058, 0.011413, 0.012885, 0.014474, 0.016177, 0.017989, 0.019904, 0.021911, 0.024000, 0.026155, 0.028359, 0.030595, 0.032840, 0.035072, 0.037267, 0.039399, 0.041444, 0.043375, 0.045166, 0.046794, 0.048237, 0.049472, 0.050484, 0.051256, 0.051777, 0.052040, 0.052040, 0.051777, 0.051256, 0.050484, 0.049472, 0.048237, 0.046794, 0.045166, 0.043375, 0.041444, 0.039400, 0.037267, 0.035072, 0.032840, 0.030595, 0.028359, 0.026155, 0.024000, 0.021912, 0.019904, 0.017989, 0.016177, 0.014474, 0.012885, 0.011413, 0.010058, 0.008819, 0.007694, 0.006678, 0.005768, 0.004957, 0.004238, 0.003605, 0.003052, 0.002570, 0.002154, 0.001797, 0.001491, 0.001232, 0.001014, 0.000831, 0.000679, 0.000554, 0.000452, 0.000370, 0.000306, 0.000257, 0.000222, 0.000199, 0.000188
0.000229, 0.000243, 0.000271, 0.000314, 0.000373, 0.000452, 0.000551, 0.000676, 0.000829, 0.001014, 0.001238, 0.001504, 0.001821, 0.002194, 0.002630, 0.003139, 0.003726, 0.004402, 0.005175, 0.006052, 0.007043, 0.008154, 0.009394, 0.010768, 0.012280, 0.013935, 0.015733, 0.017673, 0.019752, 0.021965, 0.024303, 0.026754, 0.029304, 0.031935, 0.034627, 0.037356, 0.040098, 0.042823, 0.045503, 0.048107, 0.050603, 0.052961, 0.055148, 0.057136, 0.058897, 0.060406, 0.061641, 0.062584, 0.063220, 0.063541, 0.063541, 0.063220, 0.062584, 0.061641, 0.060406, 0.058897, 0.057136, 0.055148, 0.052961, 0.050604, 0.048107, 0.045503, 0.042823, 0.040098, 0.037357, 0.034627, 0.031935, 0.029304, 0.026754, 0.024303, 0.021965, 0.019752, 0.017673, 0.015733, 0.013935, 0.012281, 0.010768, 0.009394, 0.008155, 0.007043, 0.006052, 0.005175, 0.004402, 0.003726, 0.003139, 0.002630, 0.002194, 0.001821, 0.001504, 0.001238, 0.001014, 0.000829, 0.000676, 0.000551, 0.000452, 0.000373, 0.000314, 0.000271, 0.000243, 0.000229
0.000279, 0.000295, 0.000329, 0.000381, 0.000453, 0.000549, 0.000670, 0.000821, 0.001006, 0.001232, 0.001503, 0.001827, 0.002212, 0.002664, 0.003195, 0.003812, 0.004526, 0.005346, 0.006284, 0.007350, 0.008553, 0.009904, 0.011409, 0.013078, 0.014914, 0.016924, 0.019107, 0.021463, 0.023989, 0.026676, 0.029516, 0.032492, 0.035589, 0.038785, 0.042054, 0.045368, 0.048698, 0.052008, 0.055263, 0.058425, 0.061457, 0.064319, 0.066976, 0.069390, 0.071529, 0.073361, 0.074861, 0.076006, 0.076779, 0.077169, 0.077169, 0.076779, 0.076006, 0.074861, 0.073362, 0.071529, 0.069390, 0.066976, 0.064320, 0.061457, 0.058425, 0.055263, 0.052008, 0.048698, 0.045369, 0.042054, 0.038785, 0.035589, 0.032493, 0.029516, 0.026677, 0.023989, 0.021464, 0.019107, 0.016924, 0.014915, 0.013078, 0.011409, 0.009904, 0.008553, 0.007350, 0.006285, 0.005346, 0.004526, 0.003812, 0.003195, 0.002664, 0.002212, 0.001827, 0.001503, 0.001232, 0.001006, 0.000821, 0.000670, 0.000549, 0.000453, 0.000381, 0.000329, 0.000295, 0.000279
0.000337, 0.000357, 0.000397, 0.000460, 0.000548, 0.000663, 0.000809, 0.000992, 0.001216, 0.001488, 0.001816, 0.002207, 0.002671, 0.003218, 0.003859, 0.004604, 0.005467, 0.006458, 0.007591, 0.008879, 0.010332, 0.011963, 0.013782, 0.015797, 0.018016, 0.020443, 0.023080, 0.025927, 0.028977, 0.032224, 0.035653, 0.039249, 0.042990, 0.046849, 0.050798, 0.054802, 0.058824, 0.062822, 0.066754, 0.070573, 0.074236, 0.077694, 0.080903, 0.083819, 0.086402, 0.088616, 0.090427, 0.091810, 0.092744, 0.093215, 0.093215, 0.092744, 0.091810, 0.090428, 0.088616, 0.086402, 0.083819, 0.080903, 0.077694, 0.074236, 0.070574, 0.066754, 0.062822, 0.058824, 0.054803, 0.050799, 0.046850, 0.042990, 0.039249, 0.035653, 0.032224, 0.028977, 0.025927, 0.023080, 0.020443, 0.018016, 0.015797, 0.013782, 0.011963, 0.010332, 0.008879, 0.007591, 0.006458, 0.005467, 0.004605, 0.003859, 0.003219, 0.002671, 0.002207, 0.001816, 0.001488, 0.001216, 0.000992, 0.000809, 0.000663, 0.000548, 0.000460, 0.000397, 0.000357, 0.000337
0.000404, 0.000428, 0.000477, 0.000553, 0.000658, 0.000796, 0.000972, 0.001191, 0.001461, 0.001788, 0.002181, 0.002652, 0.003210, 0.003867, 0.004636, 0.005532, 0.006568, 0.007759, 0.009121, 0.010667, 0.012413, 0.014373, 0.016558, 0.018979, 0.021645, 0.024561, 0.027729, 0.031149, 0.034814, 0.038714, 0.042834, 0.047154, 0.051648, 0.056285, 0.061030, 0.065840, 0.070672, 0.075475, 0.080198, 0.084787, 0.089187, 0.093342, 0.097197, 0.100700, 0.103804, 0.106463, 0.108640, 0.110301, 0.111423, 0.111988, 0.111988, 0.111423, 0.110301, 0.108640, 0.106464, 0.103804, 0.100701, 0.097197, 0.093342, 0.089187, 0.084788, 0.080199, 0.075475, 0.070672, 0.065840, 0.061030, 0.056286, 0.051649, 0.047154, 0.042835, 0.038714, 0.034814, 0.031149, 0.027729, 0.024561, 0.021645, 0.018979, 0.016558, 0.014373, 0.012413, 0.010667, 0.009121, 0.007759, 0.006568, 0.005532, 0.004636, 0.003867, 0.003210, 0.002652, 0.002182, 0.001788, 0.001461, 0.001191, 0.000972, 0.000796, 0.000658, 0.000553, 0.000477, 0.000428, 0.000404
