0.031734, 0.032647, 0.034484, 0.037271, 0.041044, 0.045849, 0.051746, 0.058803, 0.067097, 0.076714, 0.087745, 0.100289, 0.114446, 0.130317, 0.148006, 0.167610, 0.189223, 0.212929, 0.238803, 0.266904, 0.297276, 0.329942, 0.364904, 0.402138, 0.441592, 0.483185, 0.526804, 0.572302, 0.619500, 0.668185, 0.718107, 0.768988, 0.820516, 0.872349, 0.924123, 0.975451, 1.025928, 1.075137, 1.122655, 1.168057, 1.210924, 1.250849, 1.287442, 1.320339, 1.349205, 1.373741, 1.393692, 1.408845, 1.419038, 1.424163, 1.424163, 1.419039, 1.408845, 1.393693, 1.373743, 1.349207, 1.320341, 1.287444, 1.250851, 1.210927, 1.168060, 1.122658, 1.075140, 1.025931, 0.975454, 0.924127, 0.872352, 0.820519, 0.768991, 0.718111, 0.668188, 0.619503, 0.572305, 0.526807, 0.483188, 0.441595, 0.402141, 0.364907, 0.329944, 0.297278, 0.266905, 0.238804, 0.212930, 0.189224, 0.167611, 0.148007, 0.130318, 0.114446, 0.100290, 0.087746, 0.076714, 0.067097, 0.058803, 0.051747, 0.045850, 0.041044, 0.037272, 0.034484, 0.032647, 0.031734
0.032751, 0.033693, 0.035589, 0.038465, 0.042359, 0.047318, 0.053404, 0.060686, 0.069246, 0.079171, 0.090555, 0.103501, 0.118111, 0.134490, 0.152745, 0.172977, 0.195282, 0.219747, 0.246449, 0.275450, 0.306794, 0.340506, 0.376587, 0.415013, 0.455730, 0.498654, 0.543669, 0.590623, 0.639332, 0.689575, 0.741095, 0.793604, 0.846781, 0.900273, 0.953704, 1.006674, 1.058767, 1.109550, 1.158589, 1.205444, 1.249683, 1.290886, 1.328650, 1.362600, 1.392389, 1.417711, 1.438300, 1.453937, 1.464457, 1.469746, 1.469746, 1.464458, 1.453938, 1.438301, 1.417712, 1.392391, 1.362602, 1.328652, 1.290888, 1.249686, 1.205447, 1.158592, 1.109554, 1.058770, 1.006678, 0.953707, 0.900276, 0.846784, 0.793608, 0.741098, 0.689578, 0.639335, 0.590626, 0.543672, 0.498657, 0.455733, 0.415016, 0.376590, 0.340508, 0.306796, 0.275452, 0.246451, 0.219749, 0.195283, 0.172979, 0.152747, 0.134491, 0.118112, 0.103502, 0.090556, 0.079171, 0.069247, 0.060687, 0.053404, 0.047318, 0.042359, 0.038466, 0.035589, 0.033693, 0.032751
0.033658, 0.034626, 0.036575, 0.039531, 0.043532, 0.048628, 0.054882, 0.062367, 0.071163, 0.081362, 0.093062, 0.106366, 0.121380, 0.138213, 0.156973, 0.177765, 0.200687, 0.225829, 0.253269, 0.283072, 0.315283, 0.349928, 0.387008, 0.426497, 0.468340, 0.512451, 0.558711, 0.606964, 0.657020, 0.708652, 0.761598, 0.815559, 0.870206, 0.925178, 0.980087, 1.034522, 1.088055, 1.140243, 1.190638, 1.238789, 1.284252, 1.326594, 1.365403, 1.400291, 1.430904, 1.456927, 1.478085, 1.494155, 1.504966, 1.510401, 1.510401, 1.504966, 1.494156, 1.478086, 1.456928, 1.430906, 1.400293, 1.365405, 1.326596, 1.284254, 1.238792, 1.190641, 1.140247, 1.088058, 1.034525, 0.980090, 0.925181, 0.870210, 0.815563, 0.761601, 0.708656, 0.657023, 0.606967, 0.558714, 0.512454, 0.468342, 0.426499, 0.387010, 0.349930, 0.315285, 0.283074, 0.253271, 0.225830, 0.200688, 0.177766, 0.156974, 0.138214, 0.121381, 0.106367, 0.093063, 0.081363, 0.071164, 0.062367, 0.054883, 0.048629, 0.043532, 0.039531, 0.036575, 0.034626, 0.033658
0.034444, 0.035435, 0.037429, 0.040454, 0.044549, 0.049764, 0.056164, 0.063823, 0.072825, 0.083262, 0.095235, 0.108849, 0.124214, 0.141440, 0.160638, 0.181915, 0.205371, 0.231100, 0.259181, 0.289679, 0.322642, 0.358096, 0.396040, 0.436450, 0.479270, 0.524410, 0.571749, 0.621128, 0.672352, 0.725189, 0.779369, 0.834590, 0.890511, 0.946765, 1.002955, 1.058660, 1.113441, 1.166847, 1.218418, 1.267692, 1.314214, 1.357545, 1.397258, 1.432961, 1.464288, 1.490917, 1.512569, 1.529014, 1.540077, 1.545639, 1.545639, 1.540077, 1.529015, 1.512570, 1.490919, 1.464290, 1.432963, 1.397261, 1.357547, 1.314217, 1.267694, 1.218421, 1.166850, 1.113444, 1.058663, 1.002958, 0.946769, 0.890515, 0.834593, 0.779373, 0.725192, 0.672355, 0.621131, 0.571752, 0.524413, 0.479272, 0.436453, 0.396043, 0.358098, 0.322644, 0.289681, 0.259183, 0.231102, 0.205373, 0.181916, 0.160639, 0.141441, 0.124215, 0.108850, 0.095236, 0.083263, 0.072826, 0.063824, 0.056165, 0.049765, 0.044549, 0.040454, 0.037429, 0.035435, 0.034444
0.035100, 0.036110, 0.038142, 0.041225, 0.045397, 0.050712, 0.057234, 0.065038, 0.074211, 0.084847, 0.097048, 0.110921, 0.126577, 0.144131, 0.163695, 0.185376, 0.209279, 0.235497, 0.264112, 0.295191, 0.328781, 0.364908, 0.403574, 0.444753, 0.488386, 0.534385, 0.582624, 0.632942, 0.685140, 0.738981, 0.794192, 0.850462, 0.907447, 0.964770, 1.022028, 1.078792, 1.134615, 1.189036, 1.241586, 1.291797, 1.339205, 1.383358, 1.423828, 1.460209, 1.492132, 1.519267, 1.541331, 1.558088, 1.569361, 1.575029, 1.575029, 1.569362, 1.558089, 1.541332, 1.519269, 1.492134, 1.460211, 1.423830, 1.383361, 1.339208, 1.291800, 1.241589, 1.189039, 1.134619, 1.078795, 1.022031, 0.964774, 0.907450, 0.850466, 0.794195, 0.738985, 0.685143, 0.632945, 0.582627, 0.534388, 0.488389, 0.444755, 0.403577, 0.364910, 0.328783, 0.295193, 0.264114, 0.235499, 0.209281, 0.185378, 0.163696, 0.144133, 0.126578, 0.110922, 0.097049, 0.084848, 0.074212, 0.065039, 0.057234, 0.050712, 0.045397, 0.041225, 0.038142, 0.036110, 0.035100
0.035618, 0.036642, 0.038705, 0.041832, 0.046066, 0.051459, 0.058077, 0.065997, 0.075305, 0.086097, 0.098477, 0.112555, 0.128442, 0.146254, 0.166106, 0.188107, 0.212361, 0.238965, 0.268001, 0.299537, 0.333621, 0.370280, 0.409516, 0.451300, 0.495575, 0.542251, 0.591200, 0.642258, 0.695224, 0.749858, 0.805881, 0.862979, 0.920802, 0.978968, 1.037068, 1.094667, 1.151311, 1.206533, 1.259857, 1.310807, 1.358913, 1.403715, 1.444780, 1.481696, 1.514088, 1.541623, 1.564011, 1.581016, 1.592454, 1.598205, 1.598205, 1.592455, 1.581017, 1.564012, 1.541624, 1.514090, 1.481698, 1.444782, 1.403718, 1.358915, 1.310810, 1.259861, 1.206536, 1.151315, 1.094671, 1.037072, 0.978972, 0.920805, 0.862982, 0.805884, 0.749861, 0.695228, 0.642261, 0.591203, 0.542254, 0.495578, 0.451303, 0.409518, 0.370283, 0.333623, 0.299539, 0.268003, 0.238967, 0.212363, 0.188108, 0.166107, 0.146256, 0.128443, 0.112556, 0.098478, 0.086098, 0.075306, 0.065997, 0.058078, 0.051460, 0.046066, 0.041833, 0.038705, 0.036642, 0.035618
0.035990, 0.037025, 0.039109, 0.042270, 0.046548, 0.051997, 0.058684, 0.066687, 0.076092, 0.086997, 0.099506, 0.113730, 0.129784, 0.147782, 0.167840, 0.190071, 0.214578, 0.241460, 0.270799, 0.302664, 0.337103, 0.374145, 0.413789, 0.456009, 0.500746, 0.547909, 0.597368, 0.648959, 0.702477, 0.757680, 0.814287, 0.871981, 0.930407, 0.989180, 1.047886, 1.106085, 1.163320, 1.219120, 1.273000, 1.324480, 1.373087, 1.418356, 1.459850, 1.497151, 1.529881, 1.557702, 1.580325, 1.597507, 1.609065, 1.614875, 1.614875, 1.609066, 1.597508, 1.580327, 1.557704, 1.529883, 1.497154, 1.459853, 1.418359, 1.373090, 1.324484, 1.273004, 1.219123, 1.163324, 1.106089, 1.047889, 0.989184, 0.930411, 0.871985, 0.814291, 0.757684, 0.702480, 0.648962, 0.597371, 0.547912, 0.500749, 0.456012, 0.413792, 0.374147, 0.337105, 0.302666, 0.270801, 0.241462, 0.214580, 0.190072, 0.167842, 0.147783, 0.129785, 0.113731, 0.099507, 0.086998, 0.076092, 0.066687, 0.058685, 0.051998, 0.046548, 0.042270, 0.039110, 0.037026, 0.035990
0.036213, 0.037255, 0.039351, 0.042531, 0.046836, 0.052319, 0.059047, 0.067099, 0.076562, 0.087534, 0.100120, 0.114432, 0.130585, 0.148694, 0.168876, 0.191243, 0.215902, 0.242949, 0.272469, 0.304530, 0.339182, 0.376451, 0.416340, 0.458820, 0.503832, 0.551285, 0.601049, 0.652958, 0.706805, 0.762349, 0.819305, 0.877354, 0.936140, 0.995276, 1.054345, 1.112904, 1.170490, 1.226632, 1.280846, 1.332642, 1.381549, 1.427096, 1.468844, 1.506373, 1.539305, 1.567296, 1.590056, 1.607342, 1.618971, 1.624817, 1.624817, 1.618972, 1.607344, 1.590057, 1.567298, 1.539307, 1.506375, 1.468846, 1.427099, 1.381551, 1.332645, 1.280849, 1.226635, 1.170493, 1.112907, 1.054349, 0.995280, 0.936144, 0.877357, 0.819308, 0.762352, 0.706809, 0.652961, 0.601052, 0.551288, 0.503835, 0.458823, 0.416342, 0.376454, 0.339184, 0.304532, 0.272471, 0.242951, 0.215904, 0.191245, 0.168877, 0.148695, 0.130586, 0.114433, 0.100121, 0.087535, 0.076562, 0.067099, 0.059047, 0.052319, 0.046836, 0.042531, 0.039351, 0.037255, 0.036213
0.036283, 0.037326, 0.039427, 0.042613, 0.046926, 0.052419, 0.059160, 0.067227, 0.076709, 0.087702, 0.100312, 0.114652, 0.130835, 0.148979, 0.169199, 0.191609, 0.216315, 0.243414, 0.272990, 0.305112, 0.339829, 0.377170, 0.417134, 0.459695, 0.504793, 0.552336, 0.602195, 0.654202, 0.708153, 0.763802, 0.820867, 0.879026, 0.937926, 0.997176, 1.056358, 1.115028, 1.172724, 1.228970, 1.283285, 1.335179, 1.384177, 1.429810, 1.471636, 1.509237, 1.542230, 1.570274, 1.593077, 1.610397, 1.622047, 1.627904, 1.627904, 1.622048, 1.610398, 1.593079, 1.570276, 1.542232, 1.509239, 1.471639, 1.429813, 1.384180, 1.335182, 1.283289, 1.228974, 1.172727, 1.115032, 1.056362, 0.997180, 0.937930, 0.879030, 0.820870, 0.763805, 0.708156, 0.654206, 0.602198, 0.552339, 0.504796, 0.459698, 0.417137, 0.377172, 0.339832, 0.305114, 0.272992, 0.243415, 0.216317, 0.191611, 0.169201, 0.148980, 0.130836, 0.114653, 0.100313, 0.087703, 0.076709, 0.067228, 0.059161, 0.052420, 0.046926, 0.042613, 0.039427, 0.037326, 0.036283
0.036199, 0.037240, 0.039336, 0.042515, 0.046817, 0.052298, 0.059023, 0.067071, 0.076530, 0.087498, 0.100079, 0.114385, 0.130531, 0.148632, 0.168806, 0.191163, 0.215811, 0.242847, 0.272353, 0.304400, 0.339037, 0.376290, 0.416161, 0.458622, 0.503615, 0.551047, 0.600790, 0.652676, 0.706501, 0.762020, 0.818951, 0.876976, 0.935737, 0.994847, 1.053889, 1.112421, 1.169983, 1.226098, 1.280284, 1.332056, 1.380938, 1.426464, 1.468192, 1.505703, 1.538619, 1.566597, 1.589346, 1.606625, 1.618248, 1.624092, 1.624092, 1.618249, 1.606626, 1.589347, 1.566599, 1.538620, 1.505706, 1.468194, 1.426467, 1.380941, 1.332059, 1.280287, 1.226101, 1.169987, 1.112425, 1.053892, 0.994850, 0.935740, 0.876980, 0.818955, 0.762024, 0.706504, 0.652679, 0.600793, 0.551050, 0.503618, 0.458625, 0.416164, 0.376292, 0.339039, 0.304402, 0.272355, 0.242848, 0.215813, 0.191165, 0.168807, 0.148633, 0.130532, 0.114386, 0.100080, 0.087499, 0.076531, 0.067072, 0.059024, 0.052298, 0.046817, 0.042515, 0.039336, 0.037240, 0.036199
0.035962, 0.036997, 0.039079, 0.042236, 0.046511, 0.051956, 0.058637, 0.066632, 0.076029, 0.086925, 0.099424, 0.113636, 0.129676, 0.147658, 0.167699, 0.189910, 0.214397, 0.241254, 0.270567, 0.302404, 0.336813, 0.373822, 0.413431, 0.455614, 0.500312, 0.547433, 0.596850, 0.648396, 0.701868, 0.757023, 0.813579, 0.871221, 0.929596, 0.988317, 1.046971, 1.105119, 1.162301, 1.218047, 1.271876, 1.323309, 1.371869, 1.417096, 1.458548, 1.495813, 1.528512, 1.556307, 1.578906, 1.596071, 1.607618, 1.613423, 1.613423, 1.607619, 1.596072, 1.578908, 1.556308, 1.528514, 1.495816, 1.458550, 1.417098, 1.371872, 1.323312, 1.271879, 1.218050, 1.162305, 1.105122, 1.046975, 0.988321, 0.929599, 0.871225, 0.813583, 0.757026, 0.701872, 0.648399, 0.596854, 0.547436, 0.500315, 0.455617, 0.413434, 0.373824, 0.336815, 0.302406, 0.270569, 0.241256, 0.214398, 0.189912, 0.167701, 0.147660, 0.129677, 0.113637, 0.099425, 0.086926, 0.076030, 0.066632, 0.058637, 0.051956, 0.046511, 0.042237, 0.039079, 0.036997, 0.035963
0.035576, 0.036599, 0.038659, 0.041782, 0.046011, 0.051397, 0.058006, 0.065915, 0.075211, 0.085990, 0.098354, 0.112413, 0.128280, 0.146069, 0.165894, 0.187866, 0.212088, 0.238656, 0.267654, 0.299147, 0.333186, 0.369796, 0.408978, 0.450707, 0.494925, 0.541539, 0.590424, 0.641413, 0.694308, 0.748867, 0.804814, 0.861834, 0.919579, 0.977667, 1.035688, 1.093208, 1.149774, 1.204918, 1.258167, 1.309044, 1.357080, 1.401820, 1.442825, 1.479688, 1.512034, 1.539529, 1.561884, 1.578864, 1.590286, 1.596029, 1.596029, 1.590287, 1.578865, 1.561885, 1.539530, 1.512036, 1.479690, 1.442827, 1.401822, 1.357083, 1.309047, 1.258170, 1.204922, 1.149777, 1.093212, 1.035691, 0.977670, 0.919582, 0.861838, 0.804818, 0.748871, 0.694312, 0.641416, 0.590427, 0.541542, 0.494927, 0.450710, 0.408981, 0.369798, 0.333188, 0.299149, 0.267655, 0.238658, 0.212090, 0.187867, 0.165895, 0.146070, 0.128281, 0.112414, 0.098355, 0.085990, 0.075212, 0.065916, 0.058006, 0.051397, 0.046011, 0.041783, 0.038659, 0.036599, 0.035576
0.035044, 0.036052, 0.038081, 0.041158, 0.045322, 0.050628, 0.057138, 0.064929, 0.074086, 0.084703, 0.096883, 0.110731, 0.126361, 0.143884, 0.163412, 0.185055, 0.208914, 0.235085, 0.263648, 0.294670, 0.328199, 0.364261, 0.402857, 0.443962, 0.487518, 0.533435, 0.581587, 0.631813, 0.683915, 0.737657, 0.792765, 0.848931, 0.905810, 0.963027, 1.020179, 1.076837, 1.132555, 1.186873, 1.239324, 1.289439, 1.336756, 1.380825, 1.421216, 1.457526, 1.489388, 1.516470, 1.538491, 1.555216, 1.566467, 1.572124, 1.572124, 1.566468, 1.555217, 1.538492, 1.516471, 1.489389, 1.457528, 1.421218, 1.380827, 1.336759, 1.289442, 1.239328, 1.186877, 1.132559, 1.076841, 1.020182, 0.963031, 0.905813, 0.848934, 0.792769, 0.737660, 0.683918, 0.631816, 0.581590, 0.533438, 0.487521, 0.443964, 0.402860, 0.364263, 0.328201, 0.294672, 0.263650, 0.235087, 0.208916, 0.185056, 0.163413, 0.143885, 0.126362, 0.110732, 0.096884, 0.084704, 0.074087, 0.064930, 0.057139, 0.050628, 0.045323, 0.041158, 0.038081, 0.036052, 0.035044
0.034374, 0.035362, 0.037352, 0.040370, 0.044455, 0.049659, 0.056045, 0.063687, 0.072668, 0.083082, 0.095028, 0.108612, 0.123942, 0.141129, 0.160283, 0.181512, 0.204914, 0.230584, 0.258600, 0.289027, 0.321914, 0.357286, 0.395143, 0.435461, 0.478183, 0.523220, 0.570449, 0.619713, 0.670816, 0.723528, 0.777580, 0.832669, 0.888458, 0.944579, 1.000636, 1.056208, 1.110858, 1.164135, 1.215581, 1.264735, 1.311145, 1.354369, 1.393986, 1.429600, 1.460851, 1.487414, 1.509013, 1.525418, 1.536454, 1.542002, 1.542002, 1.536454, 1.525419, 1.509014, 1.487416, 1.460853, 1.429602, 1.393988, 1.354372, 1.311148, 1.264738, 1.215584, 1.164138, 1.110861, 1.056211, 1.000639, 0.944582, 0.888462, 0.832673, 0.777583, 0.723531, 0.670819, 0.619716, 0.570452, 0.523222, 0.478185, 0.435463, 0.395146, 0.357288, 0.321916, 0.289029, 0.258601, 0.230585, 0.204916, 0.181513, 0.160285, 0.141130, 0.123943, 0.108613, 0.095029, 0.083083, 0.072669, 0.063687, 0.056045, 0.049659, 0.044455, 0.040370, 0.037352, 0.035362, 0.034374
0.033572, 0.034538, 0.036481, 0.039429, 0.043419, 0.048502, 0.054739, 0.062203, 0.070975, 0.081146, 0.092813, 0.106080, 0.121053, 0.137839, 0.156547, 0.177280, 0.200137, 0.225208, 0.252570, 0.282288, 0.314408, 0.348955, 0.385930, 0.425308, 0.467033, 0.511019, 0.557147, 0.605261, 0.655172, 0.706654, 0.759445, 0.813249, 0.867737, 0.922548, 0.977296, 1.031572, 1.084947, 1.136981, 1.187227, 1.235234, 1.280561, 1.322776, 1.361469, 1.396252, 1.426774, 1.452718, 1.473812, 1.489834, 1.500612, 1.506031, 1.506031, 1.500613, 1.489835, 1.473814, 1.452719, 1.426775, 1.396254, 1.361471, 1.322779, 1.280564, 1.235237, 1.187230, 1.136984, 1.084950, 1.031575, 0.977299, 0.922551, 0.867740, 0.813253, 0.759449, 0.706658, 0.655175, 0.605264, 0.557150, 0.511022, 0.467036, 0.425311, 0.385933, 0.348957, 0.314410, 0.282290, 0.252572, 0.225210, 0.200139, 0.177281, 0.156548, 0.137840, 0.121054, 0.106081, 0.092814, 0.081147, 0.070975, 0.062203, 0.054739, 0.048502, 0.043420, 0.039429, 0.036482, 0.034538, 0.033572
0.032651, 0.033590, 0.035480, 0.038347, 0.042227, 0.047170, 0.053236, 0.060495, 0.069026, 0.078918, 0.090265, 0.103167, 0.117728, 0.134054, 0.152248, 0.172411, 0.194640, 0.219022, 0.245633, 0.274535, 0.305772, 0.339370, 0.375330, 0.413625, 0.454203, 0.496981, 0.541841, 0.588633, 0.637172, 0.687240, 0.738580, 0.790905, 0.843895, 0.897199, 0.950442, 1.003227, 1.055135, 1.105739, 1.154603, 1.201292, 1.245373, 1.286428, 1.324057, 1.357884, 1.387567, 1.412798, 1.433313, 1.448894, 1.459376, 1.464646, 1.464646, 1.459377, 1.448895, 1.433314, 1.412799, 1.387568, 1.357886, 1.324059, 1.286430, 1.245375, 1.201295, 1.154606, 1.105742, 1.055138, 1.003230, 0.950446, 0.897202, 0.843898, 0.790908, 0.738583, 0.687243, 0.637175, 0.588636, 0.541844, 0.496984, 0.454206, 0.413628, 0.375332, 0.339372, 0.305774, 0.274537, 0.245635, 0.219024, 0.194642, 0.172412, 0.152249, 0.134055, 0.117729, 0.103168, 0.090266, 0.078918, 0.069026, 0.060495, 0.053236, 0.047171, 0.042227, 0.038347, 0.035480, 0.033590, 0.032651
0.031619, 0.032529, 0.034359, 0.037135, 0.040893, 0.045680, 0.051554, 0.058583, 0.066845, 0.076424, 0.087413, 0.099907, 0.114008, 0.129818, 0.147436, 0.166962, 0.188489, 0.212100, 0.237870, 0.265858, 0.296108, 0.328644, 0.363467, 0.400552, 0.439847, 0.481271, 0.524713, 0.570025, 0.617030, 0.665515, 0.715231, 0.765902, 0.817216, 0.868835, 0.920395, 0.971510, 1.021776, 1.070780, 1.118099, 1.163311, 1.205998, 1.245755, 1.282194, 1.314952, 1.343696, 1.368129, 1.387995, 1.403084, 1.413234, 1.418337, 1.418337, 1.413235, 1.403085, 1.387996, 1.368130, 1.343697, 1.314954, 1.282196, 1.245757, 1.206001, 1.163314, 1.118102, 1.070783, 1.021779, 0.971513, 0.920398, 0.868838, 0.817219, 0.765905, 0.715235, 0.665518, 0.617033, 0.570028, 0.524715, 0.481274, 0.439849, 0.400554, 0.363469, 0.328646, 0.296110, 0.265860, 0.237872, 0.212102, 0.188490, 0.166964, 0.147437, 0.129819, 0.114009, 0.099908, 0.087413, 0.076425, 0.066845, 0.058584, 0.051554, 0.045680, 0.040893, 0.037136, 0.034359, 0.032529, 0.031619
0.030490, 0.031367, 0.033132, 0.035809, 0.039433, 0.044049, 0.049713, 0.056491, 0.064457, 0.073694, 0.084290, 0.096338, 0.109936, 0.125180, 0.142169, 0.160998, 0.181755, 0.204523, 0.229372, 0.256360, 0.285529, 0.316903, 0.350481, 0.386240, 0.424130, 0.464074, 0.505963, 0.549656, 0.594981, 0.641732, 0.689672, 0.738532, 0.788012, 0.837785, 0.887502, 0.936790, 0.985260, 1.032512, 1.078140, 1.121735, 1.162897, 1.201232, 1.236369, 1.267956, 1.295672, 1.319232, 1.338388, 1.352938, 1.362725, 1.367646, 1.367646, 1.362726, 1.352939, 1.338389, 1.319233, 1.295674, 1.267957, 1.236371, 1.201235, 1.162899, 1.121738, 1.078143, 1.032515, 0.985263, 0.936793, 0.887505, 0.837789, 0.788015, 0.738535, 0.689675, 0.641735, 0.594984, 0.549659, 0.505966, 0.464077, 0.424133, 0.386242, 0.350483, 0.316905, 0.285531, 0.256361, 0.229373, 0.204524, 0.181756, 0.160999, 0.142170, 0.125181, 0.109936, 0.096339, 0.084291, 0.073695, 0.064458, 0.056491, 0.049713, 0.044049, 0.039433, 0.035809, 0.033132, 0.031367, 0.030490
0.029276, 0.030118, 0.031813, 0.034383, 0.037862, 0.042294, 0.047733, 0.054241, 0.061890, 0.070759, 0.080933, 0.092501, 0.105557, 0.120194, 0.136506, 0.154585, 0.174515, 0.196376, 0.220235, 0.246147, 0.274154, 0.304278, 0.336518, 0.370852, 0.407233, 0.445585, 0.485804, 0.527757, 0.571275, 0.616164, 0.662193, 0.709106, 0.756613, 0.804403, 0.852139, 0.899462, 0.946001, 0.991370, 1.035179, 1.077038, 1.116558, 1.153366, 1.187102, 1.217431, 1.244043, 1.266663, 1.285056, 1.299026, 1.308423, 1.313148, 1.313148, 1.308423, 1.299026, 1.285056, 1.266665, 1.244044, 1.217432, 1.187104, 1.153368, 1.116561, 1.077040, 1.035182, 0.991373, 0.946003, 0.899465, 0.852142, 0.804406, 0.756617, 0.709109, 0.662196, 0.616167, 0.571278, 0.527759, 0.485807, 0.445587, 0.407235, 0.370854, 0.336520, 0.304280, 0.274156, 0.246149, 0.220236, 0.196377, 0.174516, 0.154586, 0.136507, 0.120195, 0.105558, 0.092502, 0.080934, 0.070760, 0.061891, 0.054241, 0.047733, 0.042295, 0.037863, 0.034383, 0.031813, 0.030118, 0.029276
0.027991, 0.028795, 0.030416, 0.032873, 0.036200, 0.040437, 0.045637, 0.051859, 0.059172, 0.067651, 0.077378, 0.088438, 0.100920, 0.114914, 0.130510, 0.147794, 0.166849, 0.187749, 0.210560, 0.235334, 0.262110, 0.290910, 0.321734, 0.354560, 0.389342, 0.426008, 0.464460, 0.504569, 0.546176, 0.589091, 0.633098, 0.677949, 0.723369, 0.769059, 0.814697, 0.859940, 0.904434, 0.947809, 0.989693, 1.029712, 1.067496, 1.102686, 1.134940, 1.163935, 1.189378, 1.211004, 1.228589, 1.241945, 1.250929, 1.255446, 1.255446, 1.250929, 1.241945, 1.228590, 1.211006, 1.189379, 1.163937, 1.134942, 1.102688, 1.067498, 1.029714, 0.989695, 0.947812, 0.904436, 0.859943, 0.814700, 0.769062, 0.723372, 0.677952, 0.633101, 0.589094, 0.546178, 0.504572, 0.464463, 0.426011, 0.389344, 0.354562, 0.321736, 0.290912, 0.262112, 0.235336, 0.210561, 0.187750, 0.166850, 0.147795, 0.130511, 0.114915, 0.100921, 0.088439, 0.077379, 0.067652, 0.059172, 0.051859, 0.045637, 0.040437, 0.036200, 0.032873, 0.030416, 0.028795, 0.027991
0.026647, 0.027413, 0.028956, 0.031295, 0.034462, 0.038496, 0.043446, 0.049370, 0.056332, 0.064404, 0.073664, 0.084193, 0.096076, 0.109398, 0.124245, 0.140699, 0.158839, 0.178736, 0.200451, 0.224036, 0.249527, 0.276944, 0.306288, 0.337537, 0.370648, 0.405554, 0.442160, 0.480342, 0.519951, 0.560806, 0.602700, 0.645397, 0.688636, 0.732131, 0.775577, 0.818648, 0.861004, 0.902297, 0.942169, 0.980266, 1.016236, 1.049736, 1.080441, 1.108044, 1.132264, 1.152852, 1.169592, 1.182307, 1.190859, 1.195159, 1.195159, 1.190860, 1.182307, 1.169593, 1.152853, 1.132266, 1.108045, 1.080443, 1.049738, 1.016238, 0.980268, 0.942172, 0.902299, 0.861007, 0.818651, 0.775580, 0.732134, 0.688638, 0.645399, 0.602702, 0.560809, 0.519953, 0.480345, 0.442162, 0.405557, 0.370651, 0.337539, 0.306289, 0.276946, 0.249528, 0.224038, 0.200453, 0.178737, 0.158840, 0.140700, 0.124246, 0.109399, 0.096076, 0.084194, 0.073664, 0.064405, 0.056332, 0.049370, 0.043446, 0.038496, 0.034462, 0.031296, 0.028956, 0.027413, 0.026647
0.025260, 0.025986, 0.027449, 0.029666, 0.032668, 0.036492, 0.041184, 0.046799, 0.053399, 0.061051, 0.069829, 0.079809, 0.091073, 0.103702, 0.117776, 0.133373, 0.150568, 0.169429, 0.190013, 0.212370, 0.236533, 0.262522, 0.290337, 0.319959, 0.351346, 0.384434, 0.419133, 0.455327, 0.492872, 0.531600, 0.571311, 0.611784, 0.652771, 0.694001, 0.735184, 0.776012, 0.816162, 0.855303, 0.893099, 0.929211, 0.963307, 0.995062, 1.024168, 1.050333, 1.073292, 1.092808, 1.108676, 1.120727, 1.128835, 1.132911, 1.132911, 1.128835, 1.120728, 1.108676, 1.092809, 1.073293, 1.050335, 1.024170, 0.995064, 0.963309, 0.929213, 0.893101, 0.855305, 0.816164, 0.776014, 0.735187, 0.694004, 0.652774, 0.611787, 0.571314, 0.531602, 0.492875, 0.455329, 0.419135, 0.384436, 0.351348, 0.319961, 0.290339, 0.262523, 0.236535, 0.212372, 0.190015, 0.169430, 0.150569, 0.133374, 0.117777, 0.103703, 0.091074, 0.079810, 0.069829, 0.061051, 0.053399, 0.046800, 0.041185, 0.036492, 0.032668, 0.029666, 0.027449, 0.025986, 0.025260
0.023843, 0.024528, 0.025909, 0.028002, 0.030835, 0.034444, 0.038873, 0.044173, 0.050403, 0.057625, 0.065910, 0.075331, 0.085963, 0.097882, 0.111166, 0.125888, 0.142118, 0.159920, 0.179350, 0.200451, 0.223258, 0.247788, 0.274042, 0.302002, 0.331627, 0.362857, 0.395608, 0.429770, 0.465208, 0.501762, 0.539244, 0.577445, 0.616131, 0.655047, 0.693918, 0.732454, 0.770350, 0.807294, 0.842968, 0.877053, 0.909235, 0.939207, 0.966678, 0.991375, 1.013044, 1.031466, 1.046443, 1.057818, 1.065470, 1.069319, 1.069319, 1.065470, 1.057819, 1.046444, 1.031467, 1.013046, 0.991377, 0.966680, 0.939209, 0.909236, 0.877055, 0.842970, 0.807296, 0.770352, 0.732456, 0.693921, 0.655050, 0.616134, 0.577447, 0.539246, 0.501764, 0.465210, 0.429772, 0.395610, 0.362859, 0.331629, 0.302003, 0.274044, 0.247790, 0.223260, 0.200453, 0.179351, 0.159922, 0.142119, 0.125889, 0.111167, 0.097883, 0.085963, 0.075331, 0.065911, 0.057626, 0.050403, 0.044174, 0.038874, 0.034445, 0.030835, 0.028002, 0.025909, 0.024528, 0.023843
0.022409, 0.023053, 0.024350, 0.026318, 0.028981, 0.032373, 0.036535, 0.041516, 0.047371, 0.054159, 0.061946, 0.070800, 0.080792, 0.091994, 0.104479, 0.118316, 0.133569, 0.150300, 0.168561, 0.188393, 0.209828, 0.232881, 0.257555, 0.283833, 0.311676, 0.341028, 0.371808, 0.403914, 0.437220, 0.471574, 0.506800, 0.542703, 0.579062, 0.615637, 0.652169, 0.688386, 0.724001, 0.758722, 0.792249, 0.824284, 0.854529, 0.882698, 0.908516, 0.931727, 0.952093, 0.969404, 0.983480, 0.994171, 1.001363, 1.004979, 1.004979, 1.001363, 0.994172, 0.983481, 0.969406, 0.952094, 0.931728, 0.908518, 0.882700, 0.854531, 0.824286, 0.792251, 0.758724, 0.724004, 0.688388, 0.652171, 0.615639, 0.579064, 0.542705, 0.506802, 0.471576, 0.437222, 0.403916, 0.371810, 0.341029, 0.311678, 0.283834, 0.257557, 0.232883, 0.209829, 0.188394, 0.168562, 0.150301, 0.133570, 0.118317, 0.104480, 0.091995, 0.080792, 0.070800, 0.061946, 0.054159, 0.047371, 0.041517, 0.036536, 0.032373, 0.028981, 0.026318, 0.024350, 0.023053, 0.022409
0.020971, 0.021574, 0.022788, 0.024629, 0.027121, 0.030296, 0.034191, 0.038853, 0.044331, 0.050684, 0.057971, 0.066256, 0.075607, 0.086091, 0.097775, 0.110723, 0.124998, 0.140655, 0.157743, 0.176302, 0.196361, 0.217935, 0.241025, 0.265616, 0.291672, 0.319140, 0.347945, 0.377990, 0.409158, 0.441307, 0.474273, 0.507871, 0.541896, 0.576122, 0.610310, 0.644201, 0.677531, 0.710023, 0.741398, 0.771376, 0.799680, 0.826041, 0.850202, 0.871922, 0.890981, 0.907181, 0.920353, 0.930358, 0.937088, 0.940472, 0.940472, 0.937089, 0.930358, 0.920354, 0.907182, 0.890982, 0.871923, 0.850203, 0.826042, 0.799682, 0.771378, 0.741400, 0.710025, 0.677533, 0.644203, 0.610312, 0.576124, 0.541898, 0.507873, 0.474275, 0.441309, 0.409160, 0.377992, 0.347947, 0.319142, 0.291674, 0.265617, 0.241027, 0.217937, 0.196363, 0.176304, 0.157744, 0.140656, 0.124999, 0.110724, 0.097775, 0.086092, 0.075608, 0.066257, 0.057971, 0.050684, 0.044332, 0.038853, 0.034191, 0.030296, 0.027121, 0.024629, 0.022788, 0.021574, 0.020971
0.019542, 0.020103, 0.021235, 0.022950, 0.025272, 0.028230, 0.031860, 0.036204, 0.041309, 0.047228, 0.054018, 0.061739, 0.070453, 0.080222, 0.091108, 0.103174, 0.116475, 0.131065, 0.146988, 0.164282, 0.182973, 0.203076, 0.224591, 0.247505, 0.271784, 0.297379, 0.324220, 0.352217, 0.381259, 0.411215, 0.441933, 0.473240, 0.504944, 0.536837, 0.568693, 0.600273, 0.631330, 0.661606, 0.690842, 0.718775, 0.745149, 0.769712, 0.792225, 0.812464, 0.830223, 0.845319, 0.857593, 0.866915, 0.873186, 0.876339, 0.876339, 0.873186, 0.866915, 0.857593, 0.845320, 0.830224, 0.812466, 0.792227, 0.769713, 0.745150, 0.718777, 0.690844, 0.661608, 0.631332, 0.600275, 0.568695, 0.536839, 0.504946, 0.473242, 0.441935, 0.411217, 0.381261, 0.352218, 0.324221, 0.297381, 0.271786, 0.247506, 0.224593, 0.203077, 0.182974, 0.164283, 0.146989, 0.131066, 0.116476, 0.103175, 0.091109, 0.080222, 0.070453, 0.061740, 0.054019, 0.047229, 0.041309, 0.036204, 0.031860, 0.028231, 0.025273, 0.022950, 0.021235, 0.020103, 0.019542
0.018132, 0.018653, 0.019702, 0.021294, 0.023449, 0.026193, 0.029561, 0.033591, 0.038328, 0.043820, 0.050120, 0.057284, 0.065368, 0.074432, 0.084533, 0.095728, 0.108069, 0.121606, 0.136380, 0.152425, 0.169767, 0.188419, 0.208381, 0.229640, 0.252167, 0.275915, 0.300819, 0.326795, 0.353741, 0.381535, 0.410035, 0.439082, 0.468498, 0.498088, 0.527644, 0.556946, 0.585760, 0.613851, 0.640976, 0.666893, 0.691363, 0.714153, 0.735041, 0.753819, 0.770296, 0.784302, 0.795690, 0.804339, 0.810158, 0.813083, 0.813083, 0.810158, 0.804340, 0.795690, 0.784303, 0.770297, 0.753820, 0.735042, 0.714154, 0.691364, 0.666895, 0.640978, 0.613853, 0.585762, 0.556947, 0.527646, 0.498090, 0.468500, 0.439084, 0.410037, 0.381536, 0.353742, 0.326796, 0.300820, 0.275916, 0.252168, 0.229642, 0.208383, 0.188420, 0.169768, 0.152426, 0.136381, 0.121607, 0.108070, 0.095729, 0.084534, 0.074433, 0.065369, 0.057284, 0.050121, 0.043821, 0.038328, 0.033592, 0.029561, 0.026193, 0.023449, 0.021294, 0.019702, 0.018653, 0.018132
0.016751, 0.017233, 0.018202, 0.019673, 0.021663, 0.024199, 0.027310, 0.031034, 0.035410, 0.040484, 0.046304, 0.052922, 0.060391, 0.068765, 0.078096, 0.088439, 0.099840, 0.112346, 0.125995, 0.140818, 0.156839, 0.174071, 0.192513, 0.212153, 0.232964, 0.254903, 0.277911, 0.301908, 0.326802, 0.352479, 0.378809, 0.405644, 0.432819, 0.460156, 0.487461, 0.514531, 0.541151, 0.567102, 0.592162, 0.616105, 0.638711, 0.659765, 0.679062, 0.696410, 0.711632, 0.724571, 0.735092, 0.743082, 0.748458, 0.751160, 0.751160, 0.748458, 0.743083, 0.735092, 0.724572, 0.711633, 0.696411, 0.679063, 0.659766, 0.638712, 0.616106, 0.592163, 0.567104, 0.541153, 0.514532, 0.487463, 0.460158, 0.432821, 0.405646, 0.378811, 0.352481, 0.326804, 0.301910, 0.277912, 0.254905, 0.232965, 0.212154, 0.192514, 0.174072, 0.156840, 0.140819, 0.125996, 0.112347, 0.099841, 0.088439, 0.078097, 0.068765, 0.060391, 0.052922, 0.046304, 0.040484, 0.035410, 0.031034, 0.027311, 0.024199, 0.021664, 0.019673, 0.018202, 0.017233, 0.016751
0.015409, 0.015852, 0.016744, 0.018097, 0.019928, 0.022261, 0.025123, 0.028548, 0.032573, 0.037241, 0.042595, 0.048683, 0.055553, 0.063256, 0.071841, 0.081354, 0.091842, 0.103346, 0.115901, 0.129537, 0.144275, 0.160126, 0.177090, 0.195157, 0.214300, 0.234482, 0.255646, 0.277721, 0.300621, 0.324240, 0.348461, 0.373146, 0.398144, 0.423290, 0.448408, 0.473308, 0.497796, 0.521668, 0.544719, 0.566744, 0.587539, 0.606906, 0.624657, 0.640615, 0.654617, 0.666520, 0.676197, 0.683548, 0.688492, 0.690978, 0.690978, 0.688492, 0.683548, 0.676198, 0.666520, 0.654618, 0.640616, 0.624658, 0.606907, 0.587540, 0.566745, 0.544721, 0.521669, 0.497797, 0.473310, 0.448409, 0.423292, 0.398145, 0.373147, 0.348462, 0.324242, 0.300622, 0.277723, 0.255647, 0.234483, 0.214302, 0.195158, 0.177091, 0.160127, 0.144276, 0.129538, 0.115902, 0.103347, 0.091843, 0.081355, 0.071841, 0.063257, 0.055554, 0.048683, 0.042595, 0.037241, 0.032574, 0.028548, 0.025123, 0.022261, 0.019928, 0.018097, 0.016745, 0.015853, 0.015409
0.014114, 0.014520, 0.015337, 0.016576, 0.018253, 0.020390, 0.023011, 0.026149, 0.029836, 0.034111, 0.039015, 0.044591, 0.050884, 0.057939, 0.065802, 0.074516, 0.084123, 0.094659, 0.106159, 0.118649, 0.132148, 0.146666, 0.162204, 0.178752, 0.196286, 0.214771, 0.234155, 0.254376, 0.275350, 0.296984, 0.319169, 0.341778, 0.364675, 0.387707, 0.410713, 0.433520, 0.455949, 0.477815, 0.498928, 0.519101, 0.538148, 0.555887, 0.572146, 0.586762, 0.599587, 0.610489, 0.619353, 0.626085, 0.630614, 0.632891, 0.632891, 0.630615, 0.626086, 0.619353, 0.610489, 0.599588, 0.586763, 0.572147, 0.555888, 0.538149, 0.519103, 0.498929, 0.477816, 0.455951, 0.433522, 0.410715, 0.387709, 0.364676, 0.341780, 0.319170, 0.296986, 0.275352, 0.254377, 0.234157, 0.214772, 0.196287, 0.178753, 0.162205, 0.146667, 0.132149, 0.118650, 0.106160, 0.094660, 0.084123, 0.074517, 0.065803, 0.057940, 0.050884, 0.044591, 0.039015, 0.034111, 0.029836, 0.026149, 0.023012, 0.020390, 0.018254, 0.016576, 0.015337, 0.014520, 0.014114
0.012873, 0.013243, 0.013988, 0.015118, 0.016648, 0.018596, 0.020987, 0.023848, 0.027211, 0.031110, 0.035582, 0.040668, 0.046407, 0.052842, 0.060013, 0.067960, 0.076721, 0.086331, 0.096819, 0.108209, 0.120520, 0.133761, 0.147932, 0.163024, 0.179015, 0.195873, 0.213551, 0.231992, 0.251121, 0.270852, 0.291084, 0.311704, 0.332586, 0.353591, 0.374573, 0.395373, 0.415828, 0.435769, 0.455025, 0.473423, 0.490793, 0.506972, 0.521800, 0.535129, 0.546826, 0.556768, 0.564852, 0.570992, 0.575123, 0.577199, 0.577199, 0.575123, 0.570993, 0.564853, 0.556769, 0.546827, 0.535130, 0.521800, 0.506973, 0.490795, 0.473424, 0.455026, 0.435771, 0.415830, 0.395374, 0.374574, 0.353593, 0.332587, 0.311705, 0.291085, 0.270853, 0.251123, 0.231993, 0.213552, 0.195874, 0.179016, 0.163025, 0.147933, 0.133762, 0.120521, 0.108210, 0.096819, 0.086331, 0.076722, 0.067960, 0.060013, 0.052842, 0.046408, 0.040668, 0.035583, 0.031110, 0.027211, 0.023848, 0.020987, 0.018596, 0.016648, 0.015118, 0.013988, 0.013243, 0.012873
0.011690, 0.012026, 0.012703, 0.013729, 0.015118, 0.016887, 0.019058, 0.021657, 0.024710, 0.028251, 0.032312, 0.036931, 0.042142, 0.047986, 0.054497, 0.061714, 0.069670, 0.078397, 0.087921, 0.098265, 0.109444, 0.121468, 0.134336, 0.148041, 0.162562, 0.177870, 0.193924, 0.210669, 0.228040, 0.245957, 0.264330, 0.283055, 0.302018, 0.321093, 0.340146, 0.359034, 0.377609, 0.395717, 0.413203, 0.429910, 0.445684, 0.460375, 0.473840, 0.485945, 0.496566, 0.505594, 0.512935, 0.518511, 0.522262, 0.524147, 0.524147, 0.522262, 0.518511, 0.512936, 0.505595, 0.496567, 0.485945, 0.473841, 0.460376, 0.445684, 0.429911, 0.413204, 0.395718, 0.377610, 0.359035, 0.340147, 0.321094, 0.302019, 0.283057, 0.264331, 0.245958, 0.228041, 0.210670, 0.193925, 0.177871, 0.162563, 0.148042, 0.134337, 0.121469, 0.109445, 0.098265, 0.087921, 0.078397, 0.069671, 0.061715, 0.054498, 0.047986, 0.042143, 0.036931, 0.032313, 0.028251, 0.024710, 0.021657, 0.019059, 0.016887, 0.015118, 0.013729, 0.012703, 0.012026, 0.011690
0.010570, 0.010874, 0.011486, 0.012414, 0.013670, 0.015269, 0.017233, 0.019582, 0.022343, 0.025545, 0.029217, 0.033393, 0.038105, 0.043389, 0.049277, 0.055802, 0.062996, 0.070886, 0.079498, 0.088850, 0.098959, 0.109830, 0.121466, 0.133857, 0.146987, 0.160829, 0.175344, 0.190485, 0.206191, 0.222392, 0.239004, 0.255935, 0.273081, 0.290328, 0.307556, 0.324634, 0.341430, 0.357803, 0.373613, 0.388719, 0.402981, 0.416265, 0.428440, 0.439385, 0.448988, 0.457152, 0.463789, 0.468831, 0.472222, 0.473927, 0.473927, 0.472222, 0.468831, 0.463790, 0.457152, 0.448989, 0.439385, 0.428440, 0.416266, 0.402982, 0.388720, 0.373614, 0.357804, 0.341431, 0.324635, 0.307557, 0.290329, 0.273082, 0.255936, 0.239005, 0.222393, 0.206192, 0.190486, 0.175345, 0.160830, 0.146988, 0.133858, 0.121467, 0.109831, 0.098959, 0.088851, 0.079498, 0.070887, 0.062996, 0.055802, 0.049277, 0.043389, 0.038105, 0.033393, 0.029217, 0.025545, 0.022343, 0.019582, 0.017233, 0.015270, 0.013670, 0.012414, 0.011486, 0.010874, 0.010570
0.009517, 0.009790, 0.010341, 0.011176, 0.012307, 0.013747, 0.015515, 0.017630, 0.020116, 0.022998, 0.026304, 0.030064, 0.034307, 0.039063, 0.044364, 0.050239, 0.056716, 0.063819, 0.071573, 0.079993, 0.089093, 0.098881, 0.109357, 0.120513, 0.132334, 0.144795, 0.157863, 0.171494, 0.185635, 0.200220, 0.215176, 0.230418, 0.245855, 0.261383, 0.276893, 0.292269, 0.307390, 0.322130, 0.336364, 0.349964, 0.362805, 0.374764, 0.385725, 0.395578, 0.404225, 0.411574, 0.417550, 0.422089, 0.425142, 0.426677, 0.426677, 0.425142, 0.422089, 0.417550, 0.411574, 0.404225, 0.395579, 0.385725, 0.374764, 0.362806, 0.349965, 0.336365, 0.322131, 0.307391, 0.292270, 0.276894, 0.261384, 0.245856, 0.230419, 0.215177, 0.200221, 0.185635, 0.171495, 0.157864, 0.144796, 0.132334, 0.120513, 0.109357, 0.098882, 0.089094, 0.079993, 0.071573, 0.063820, 0.056716, 0.050240, 0.044365, 0.039064, 0.034307, 0.030064, 0.026305, 0.022998, 0.020116, 0.017630, 0.015515, 0.013748, 0.012307, 0.011176, 0.010341, 0.009790, 0.009517
0.008531, 0.008776, 0.009270, 0.010019, 0.011033, 0.012324, 0.013908, 0.015804, 0.018033, 0.020617, 0.023581, 0.026951, 0.030754, 0.035018, 0.039770, 0.045036, 0.050842, 0.057210, 0.064160, 0.071709, 0.079867, 0.088641, 0.098032, 0.108032, 0.118629, 0.129800, 0.141514, 0.153734, 0.166409, 0.179484, 0.192891, 0.206555, 0.220392, 0.234312, 0.248215, 0.261998, 0.275554, 0.288768, 0.301528, 0.313719, 0.325230, 0.335950, 0.345776, 0.354609, 0.362360, 0.368948, 0.374305, 0.378373, 0.381110, 0.382486, 0.382486, 0.381111, 0.378374, 0.374305, 0.368948, 0.362360, 0.354609, 0.345776, 0.335951, 0.325230, 0.313720, 0.301528, 0.288769, 0.275555, 0.261999, 0.248216, 0.234312, 0.220393, 0.206555, 0.192891, 0.179485, 0.166410, 0.153734, 0.141515, 0.129800, 0.118629, 0.108033, 0.098032, 0.088641, 0.079867, 0.071709, 0.064161, 0.057211, 0.050843, 0.045037, 0.039770, 0.035018, 0.030754, 0.026951, 0.023581, 0.020617, 0.018033, 0.015804, 0.013908, 0.012324, 0.011033, 0.010019, 0.009270, 0.008776, 0.008531
0.007615, 0.007834, 0.008275, 0.008943, 0.009848, 0.011000, 0.012415, 0.014107, 0.016096, 0.018402, 0.021048, 0.024056, 0.027451, 0.031257, 0.035498, 0.040199, 0.045381, 0.051065, 0.057269, 0.064006, 0.071288, 0.079120, 0.087501, 0.096428, 0.105886, 0.115857, 0.126313, 0.137220, 0.148534, 0.160204, 0.172170, 0.184367, 0.196718, 0.209142, 0.221552, 0.233854, 0.245953, 0.257747, 0.269137, 0.280019, 0.290293, 0.299862, 0.308632, 0.316516, 0.323434, 0.329315, 0.334096, 0.337728, 0.340171, 0.341399, 0.341399, 0.340171, 0.337728, 0.334097, 0.329315, 0.323435, 0.316517, 0.308633, 0.299863, 0.290294, 0.280020, 0.269137, 0.257748, 0.245954, 0.233855, 0.221552, 0.209142, 0.196718, 0.184367, 0.172171, 0.160204, 0.148535, 0.137221, 0.126314, 0.115858, 0.105887, 0.096428, 0.087502, 0.079120, 0.071288, 0.064007, 0.057269, 0.051066, 0.045382, 0.040199, 0.035499, 0.031257, 0.027451, 0.024056, 0.021048, 0.018402, 0.016096, 0.014107, 0.012415, 0.011000, 0.009848, 0.008943, 0.008275, 0.007834, 0.007615
0.006768, 0.006962, 0.007354, 0.007948, 0.008752, 0.009777, 0.011034, 0.012538, 0.014305, 0.016355, 0.018706, 0.021380, 0.024397, 0.027780, 0.031549, 0.035727, 0.040333, 0.045384, 0.050898, 0.056886, 0.063357, 0.070318, 0.077767, 0.085700, 0.094106, 0.102968, 0.112261, 0.121954, 0.132009, 0.142381, 0.153016, 0.163855, 0.174832, 0.185874, 0.196903, 0.207837, 0.218589, 0.229071, 0.239193, 0.248865, 0.257996, 0.266500, 0.274295, 0.281302, 0.287450, 0.292677, 0.296926, 0.300154, 0.302325, 0.303416, 0.303416, 0.302325, 0.300154, 0.296926, 0.292677, 0.287450, 0.281302, 0.274295, 0.266501, 0.257996, 0.248865, 0.239194, 0.229072, 0.218590, 0.207837, 0.196903, 0.185874, 0.174832, 0.163856, 0.153017, 0.142381, 0.132010, 0.121954, 0.112261, 0.102968, 0.094107, 0.085701, 0.077768, 0.070318, 0.063358, 0.056886, 0.050898, 0.045385, 0.040333, 0.035727, 0.031550, 0.027780, 0.024397, 0.021380, 0.018707, 0.016355, 0.014306, 0.012538, 0.011034, 0.009777, 0.008752, 0.007948, 0.007354, 0.006962, 0.006768
0.005989, 0.006161, 0.006508, 0.007034, 0.007745, 0.008652, 0.009764, 0.011095, 0.012660, 0.014473, 0.016554, 0.018920, 0.021590, 0.024583, 0.027919, 0.031616, 0.035692, 0.040162, 0.045041, 0.050340, 0.056067, 0.062227, 0.068819, 0.075839, 0.083278, 0.091120, 0.099343, 0.107921, 0.116819, 0.125997, 0.135409, 0.145001, 0.154714, 0.164485, 0.174245, 0.183921, 0.193436, 0.202712, 0.211669, 0.220227, 0.228307, 0.235833, 0.242730, 0.248931, 0.254372, 0.258997, 0.262758, 0.265614, 0.267536, 0.268502, 0.268502, 0.267536, 0.265614, 0.262758, 0.258997, 0.254372, 0.248931, 0.242731, 0.235833, 0.228308, 0.220228, 0.211670, 0.202713, 0.193437, 0.183922, 0.174246, 0.164486, 0.154715, 0.145001, 0.135409, 0.125998, 0.116820, 0.107922, 0.099344, 0.091120, 0.083278, 0.075840, 0.068819, 0.062227, 0.056068, 0.050341, 0.045042, 0.040163, 0.035692, 0.031617, 0.027919, 0.024584, 0.021590, 0.018920, 0.016554, 0.014474, 0.012660, 0.011095, 0.009764, 0.008652, 0.007745, 0.007034, 0.006508, 0.006161, 0.005989
0.005277, 0.005429, 0.005735, 0.006198, 0.006825, 0.007624, 0.008604, 0.009777, 0.011155, 0.012753, 0.014587, 0.016671, 0.019024, 0.021662, 0.024601, 0.027859, 0.031450, 0.035389, 0.039688, 0.044357, 0.049403, 0.054831, 0.060639, 0.066825, 0.073380, 0.080289, 0.087536, 0.095094, 0.102934, 0.111021, 0.119314, 0.127766, 0.136325, 0.144935, 0.153534, 0.162060, 0.170444, 0.178617, 0.186510, 0.194050, 0.201170, 0.207801, 0.213879, 0.219342, 0.224136, 0.228212, 0.231525, 0.234042, 0.235735, 0.236586, 0.236586, 0.235735, 0.234042, 0.231525, 0.228212, 0.224137, 0.219343, 0.213879, 0.207801, 0.201171, 0.194051, 0.186510, 0.178618, 0.170444, 0.162060, 0.153535, 0.144935, 0.136325, 0.127766, 0.119315, 0.111022, 0.102935, 0.095094, 0.087536, 0.080290, 0.073380, 0.066826, 0.060640, 0.054831, 0.049404, 0.044357, 0.039688, 0.035389, 0.031450, 0.027859, 0.024601, 0.021662, 0.019024, 0.016671, 0.014587, 0.012753, 0.011155, 0.009777, 0.008604, 0.007624, 0.006825, 0.006198, 0.005735, 0.005429, 0.005277
0.004630, 0.004763, 0.005031, 0.005438, 0.005988, 0.006689, 0.007549, 0.008578, 0.009787, 0.011190, 0.012798, 0.014627, 0.016691, 0.019006, 0.021585, 0.024443, 0.027594, 0.031050, 0.034822, 0.038918, 0.043346, 0.048107, 0.053204, 0.058631, 0.064382, 0.070444, 0.076802, 0.083433, 0.090312, 0.097408, 0.104683, 0.112099, 0.119608, 0.127162, 0.134707, 0.142187, 0.149543, 0.156714, 0.163639, 0.170255, 0.176501, 0.182319, 0.187651, 0.192445, 0.196651, 0.200227, 0.203134, 0.205342, 0.206827, 0.207574, 0.207574, 0.206827, 0.205342, 0.203134, 0.200227, 0.196651, 0.192445, 0.187652, 0.182319, 0.176502, 0.170255, 0.163639, 0.156715, 0.149544, 0.142188, 0.134708, 0.127162, 0.119608, 0.112099, 0.104684, 0.097408, 0.090313, 0.083434, 0.076802, 0.070445, 0.064382, 0.058631, 0.053204, 0.048108, 0.043346, 0.038918, 0.034822, 0.031050, 0.027594, 0.024443, 0.021585, 0.019006, 0.016691, 0.014627, 0.012798, 0.011190, 0.009787, 0.008578, 0.007549, 0.006689, 0.005988, 0.005438, 0.005031, 0.004763, 0.004630
0.004045, 0.004162, 0.004396, 0.004751, 0.005232, 0.005844, 0.006595, 0.007494, 0.008551, 0.009776, 0.011181, 0.012779, 0.014582, 0.016604, 0.018857, 0.021354, 0.024107, 0.027127, 0.030422, 0.034001, 0.037869, 0.042029, 0.046481, 0.051223, 0.056247, 0.061543, 0.067098, 0.072891, 0.078901, 0.085100, 0.091456, 0.097934, 0.104495, 0.111094, 0.117686, 0.124221, 0.130647, 0.136912, 0.142962, 0.148742, 0.154199, 0.159282, 0.163940, 0.168128, 0.171803, 0.174926, 0.177466, 0.179395, 0.180693, 0.181345, 0.181345, 0.180693, 0.179395, 0.177466, 0.174927, 0.171803, 0.168128, 0.163941, 0.159282, 0.154200, 0.148742, 0.142962, 0.136913, 0.130648, 0.124221, 0.117687, 0.111095, 0.104495, 0.097935, 0.091457, 0.085100, 0.078901, 0.072891, 0.067098, 0.061544, 0.056247, 0.051223, 0.046482, 0.042029, 0.037869, 0.034001, 0.030422, 0.027127, 0.024107, 0.021355, 0.018858, 0.016604, 0.014583, 0.012779, 0.011181, 0.009776, 0.008551, 0.007494, 0.006595, 0.005844, 0.005232, 0.004751, 0.004396, 0.004162, 0.004045
0.003519, 0.003621, 0.003824, 0.004133, 0.004551, 0.005084, 0.005737, 0.006520, 0.007439, 0.008505, 0.009727, 0.011117, 0.012686, 0.014445, 0.016405, 0.018578, 0.020972, 0.023599, 0.026466, 0.029579, 0.032944, 0.036564, 0.040437, 0.044562, 0.048933, 0.053540, 0.058372, 0.063412, 0.068641, 0.074033, 0.079563, 0.085199, 0.090906, 0.096648, 0.102382, 0.108067, 0.113658, 0.119108, 0.124371, 0.129399, 0.134147, 0.138568, 0.142621, 0.146264, 0.149461, 0.152178, 0.154388, 0.156066, 0.157195, 0.157762, 0.157762, 0.157195, 0.156066, 0.154388, 0.152179, 0.149461, 0.146264, 0.142621, 0.138569, 0.134147, 0.129399, 0.124371, 0.119108, 0.113658, 0.108067, 0.102382, 0.096648, 0.090907, 0.085199, 0.079563, 0.074034, 0.068641, 0.063413, 0.058373, 0.053541, 0.048933, 0.044562, 0.040437, 0.036564, 0.032945, 0.029580, 0.026466, 0.023599, 0.020973, 0.018578, 0.016405, 0.014445, 0.012686, 0.011117, 0.009727, 0.008505, 0.007439, 0.006520, 0.005738, 0.005084, 0.004551, 0.004133, 0.003824, 0.003621, 0.003519
0.003049, 0.003137, 0.003313, 0.003581, 0.003943, 0.004404, 0.004971, 0.005648, 0.006445, 0.007368, 0.008427, 0.009631, 0.010991, 0.012514, 0.014213, 0.016095, 0.018169, 0.020445, 0.022928, 0.025626, 0.028541, 0.031676, 0.035032, 0.038606, 0.042392, 0.046384, 0.050570, 0.054936, 0.059466, 0.064138, 0.068928, 0.073811, 0.078755, 0.083729, 0.088697, 0.093622, 0.098465, 0.103187, 0.107746, 0.112103, 0.116216, 0.120046, 0.123557, 0.126713, 0.129483, 0.131837, 0.133751, 0.135205, 0.136183, 0.136674, 0.136674, 0.136183, 0.135205, 0.133751, 0.131837, 0.129483, 0.126713, 0.123557, 0.120046, 0.116216, 0.112103, 0.107747, 0.103187, 0.098466, 0.093622, 0.088697, 0.083729, 0.078755, 0.073811, 0.068929, 0.064138, 0.059466, 0.054937, 0.050570, 0.046384, 0.042392, 0.038606, 0.035032, 0.031677, 0.028541, 0.025626, 0.022929, 0.020445, 0.018169, 0.016095, 0.014213, 0.012515, 0.010991, 0.009632, 0.008427, 0.007368, 0.006445, 0.005648, 0.004971, 0.004404, 0.003943, 0.003581, 0.003313, 0.003137, 0.003049
0.002631, 0.002706, 0.002859, 0.003089, 0.003402, 0.003800, 0.004289, 0.004873, 0.005560, 0.006357, 0.007271, 0.008310, 0.009483, 0.010797, 0.012263, 0.013886, 0.015676, 0.017640, 0.019783, 0.022110, 0.024625, 0.027330, 0.030225, 0.033309, 0.036576, 0.040020, 0.043631, 0.047399, 0.051307, 0.055337, 0.059471, 0.063683, 0.067949, 0.072241, 0.076527, 0.080776, 0.084955, 0.089029, 0.092962, 0.096721, 0.100270, 0.103575, 0.106604, 0.109327, 0.111716, 0.113747, 0.115399, 0.116653, 0.117497, 0.117921, 0.117921, 0.117497, 0.116653, 0.115399, 0.113747, 0.111716, 0.109327, 0.106604, 0.103575, 0.100270, 0.096721, 0.092963, 0.089029, 0.084955, 0.080776, 0.076527, 0.072241, 0.067949, 0.063683, 0.059471, 0.055338, 0.051307, 0.047399, 0.043632, 0.040020, 0.036576, 0.033309, 0.030226, 0.027330, 0.024625, 0.022110, 0.019783, 0.017640, 0.015676, 0.013886, 0.012263, 0.010797, 0.009483, 0.008310, 0.007271, 0.006357, 0.005560, 0.004873, 0.004289, 0.003800, 0.003402, 0.003089, 0.002859, 0.002706, 0.002631
0.002261, 0.002326, 0.002457, 0.002655, 0.002924, 0.003266, 0.003686, 0.004188, 0.004778, 0.005463, 0.006248, 0.007141, 0.008149, 0.009279, 0.010538, 0.011934, 0.013472, 0.015159, 0.017001, 0.019001, 0.021162, 0.023487, 0.025975, 0.028625, 0.031432, 0.034392, 0.037496, 0.040733, 0.044091, 0.047555, 0.051107, 0.054727, 0.058393, 0.062081, 0.065765, 0.069416, 0.073008, 0.076508, 0.079889, 0.083119, 0.086168, 0.089009, 0.091612, 0.093952, 0.096005, 0.097751, 0.099170, 0.100248, 0.100973, 0.101337, 0.101337, 0.100973, 0.100248, 0.099170, 0.097751, 0.096005, 0.093952, 0.091612, 0.089009, 0.086168, 0.083119, 0.079889, 0.076509, 0.073008, 0.069417, 0.065765, 0.062081, 0.058394, 0.054728, 0.051107, 0.047555, 0.044091, 0.040733, 0.037496, 0.034392, 0.031432, 0.028625, 0.025975, 0.023487, 0.021162, 0.019001, 0.017001, 0.015159, 0.013472, 0.011934, 0.010538, 0.009279, 0.008149, 0.007141, 0.006249, 0.005463, 0.004779, 0.004188, 0.003686, 0.003266, 0.002924, 0.002655, 0.002457, 0.002326, 0.002261
0.001936, 0.001991, 0.002103, 0.002273, 0.002503, 0.002796, 0.003155, 0.003585, 0.004091, 0.004677, 0.005349, 0.006114, 0.006977, 0.007944, 0.009022, 0.010217, 0.011534, 0.012978, 0.014555, 0.016267, 0.018117, 0.020108, 0.022238, 0.024506, 0.026910, 0.029444, 0.032101, 0.034872, 0.037747, 0.040713, 0.043754, 0.046853, 0.049992, 0.053149, 0.056303, 0.059429, 0.062503, 0.065500, 0.068394, 0.071160, 0.073770, 0.076202, 0.078431, 0.080434, 0.082192, 0.083686, 0.084901, 0.085824, 0.086445, 0.086757, 0.086757, 0.086445, 0.085824, 0.084901, 0.083686, 0.082192, 0.080434, 0.078431, 0.076202, 0.073771, 0.071160, 0.068395, 0.065501, 0.062503, 0.059429, 0.056303, 0.053149, 0.049992, 0.046853, 0.043754, 0.040713, 0.037748, 0.034873, 0.032101, 0.029444, 0.026910, 0.024506, 0.022238, 0.020108, 0.018117, 0.016267, 0.014555, 0.012978, 0.011534, 0.010217, 0.009022, 0.007944, 0.006977, 0.006114, 0.005350, 0.004677, 0.004091, 0.003586, 0.003155, 0.002796, 0.002503, 0.002273, 0.002103, 0.001991, 0.001936
0.001651, 0.001699, 0.001794, 0.001939, 0.002135, 0.002385, 0.002692, 0.003059, 0.003490, 0.003990, 0.004564, 0.005216, 0.005952, 0.006777, 0.007697, 0.008716, 0.009840, 0.011072, 0.012417, 0.013878, 0.015457, 0.017154, 0.018972, 0.020907, 0.022958, 0.025119, 0.027386, 0.029751, 0.032204, 0.034734, 0.037328, 0.039972, 0.042650, 0.045343, 0.048033, 0.050701, 0.053323, 0.055880, 0.058349, 0.060708, 0.062936, 0.065010, 0.066911, 0.068621, 0.070120, 0.071395, 0.072432, 0.073219, 0.073749, 0.074015, 0.074015, 0.073749, 0.073219, 0.072432, 0.071395, 0.070120, 0.068621, 0.066912, 0.065010, 0.062936, 0.060709, 0.058350, 0.055880, 0.053324, 0.050701, 0.048034, 0.045343, 0.042650, 0.039972, 0.037328, 0.034734, 0.032204, 0.029751, 0.027386, 0.025119, 0.022958, 0.020907, 0.018972, 0.017155, 0.015457, 0.013878, 0.012417, 0.011072, 0.009840, 0.008716, 0.007697, 0.006777, 0.005952, 0.005216, 0.004564, 0.003990, 0.003490, 0.003059, 0.002692, 0.002385, 0.002135, 0.001939, 0.001794, 0.001699, 0.001651
0.001404, 0.001445, 0.001526, 0.001649, 0.001816, 0.002029, 0.002290, 0.002602, 0.002968, 0.003394, 0.003882, 0.004436, 0.005062, 0.005764, 0.006546, 0.007413, 0.008369, 0.009417, 0.010561, 0.011803, 0.013146, 0.014590, 0.016136, 0.017782, 0.019526, 0.021364, 0.023293, 0.025304, 0.027390, 0.029542, 0.031748, 0.033997, 0.036274, 0.038565, 0.040853, 0.043122, 0.045353, 0.047527, 0.049627, 0.051634, 0.053528, 0.055292, 0.056910, 0.058363, 0.059639, 0.060723, 0.061605, 0.062274, 0.062725, 0.062951, 0.062951, 0.062725, 0.062274, 0.061605, 0.060723, 0.059639, 0.058363, 0.056910, 0.055293, 0.053528, 0.051634, 0.049627, 0.047528, 0.045353, 0.043122, 0.040854, 0.038565, 0.036274, 0.033997, 0.031748, 0.029542, 0.027390, 0.025304, 0.023293, 0.021365, 0.019526, 0.017782, 0.016136, 0.014590, 0.013146, 0.011803, 0.010561, 0.009417, 0.008369, 0.007413, 0.006546, 0.005764, 0.005062, 0.004436, 0.003882, 0.003394, 0.002969, 0.002602, 0.002290, 0.002029, 0.001816, 0.001649, 0.001526, 0.001445, 0.001404
0.001192, 0.001226, 0.001295, 0.001399, 0.001541, 0.001721, 0.001943, 0.002207, 0.002519, 0.002880, 0.003294, 0.003764, 0.004295, 0.004891, 0.005555, 0.006290, 0.007101, 0.007990, 0.008961, 0.010015, 0.011154, 0.012380, 0.013691, 0.015088, 0.016567, 0.018127, 0.019763, 0.021470, 0.023240, 0.025066, 0.026938, 0.028846, 0.030778, 0.032722, 0.034663, 0.036588, 0.038481, 0.040326, 0.042108, 0.043810, 0.045418, 0.046915, 0.048287, 0.049520, 0.050602, 0.051522, 0.052270, 0.052839, 0.053221, 0.053413, 0.053413, 0.053221, 0.052839, 0.052270, 0.051522, 0.050602, 0.049520, 0.048287, 0.046915, 0.045418, 0.043810, 0.042108, 0.040326, 0.038481, 0.036588, 0.034663, 0.032722, 0.030778, 0.028846, 0.026938, 0.025066, 0.023240, 0.021470, 0.019763, 0.018127, 0.016567, 0.015088, 0.013691, 0.012380, 0.011154, 0.010015, 0.008961, 0.007990, 0.007101, 0.006290, 0.005555, 0.004891, 0.004295, 0.003764, 0.003294, 0.002880, 0.002519, 0.002207, 0.001943, 0.001721, 0.001541, 0.001399, 0.001295, 0.001226, 0.001192
0.001010, 0.001039, 0.001097, 0.001186, 0.001306, 0.001458, 0.001646, 0.001870, 0.002134, 0.002440, 0.002791, 0.003189, 0.003639, 0.004144, 0.004706, 0.005329, 0.006016, 0.006770, 0.007592, 0.008485, 0.009451, 0.010489, 0.011600, 0.012783, 0.014037, 0.015359, 0.016745, 0.018191, 0.019691, 0.021238, 0.022824, 0.024440, 0.026078, 0.027725, 0.029370, 0.031000, 0.032604, 0.034168, 0.035677, 0.037120, 0.038481, 0.039750, 0.040912, 0.041957, 0.042875, 0.043654, 0.044288, 0.044769, 0.045093, 0.045256, 0.045256, 0.045093, 0.044769, 0.044288, 0.043654, 0.042875, 0.041958, 0.040912, 0.039750, 0.038482, 0.037120, 0.035677, 0.034168, 0.032604, 0.031000, 0.029370, 0.027725, 0.026078, 0.024441, 0.022824, 0.021238, 0.019691, 0.018191, 0.016745, 0.015359, 0.014037, 0.012783, 0.011600, 0.010489, 0.009451, 0.008485, 0.007592, 0.006770, 0.006016, 0.005329, 0.004706, 0.004144, 0.003639, 0.003189, 0.002791, 0.002440, 0.002134, 0.001870, 0.001646, 0.001458, 0.001306, 0.001186, 0.001097, 0.001039, 0.001010
0.000855, 0.000880, 0.000930, 0.001005, 0.001106, 0.001236, 0.001395, 0.001585, 0.001808, 0.002067, 0.002364, 0.002702, 0.003084, 0.003511, 0.003988, 0.004516, 0.005098, 0.005736, 0.006433, 0.007190, 0.008008, 0.008888, 0.009829, 0.010832, 0.011894, 0.013014, 0.014188, 0.015414, 0.016684, 0.017995, 0.019339, 0.020709, 0.022096, 0.023492, 0.024886, 0.026267, 0.027626, 0.028951, 0.030230, 0.031453, 0.032606, 0.033681, 0.034666, 0.035552, 0.036329, 0.036989, 0.037526, 0.037934, 0.038209, 0.038347, 0.038347, 0.038209, 0.037934, 0.037526, 0.036989, 0.036329, 0.035552, 0.034666, 0.033681, 0.032607, 0.031453, 0.030230, 0.028951, 0.027626, 0.026268, 0.024886, 0.023492, 0.022096, 0.020709, 0.019339, 0.017995, 0.016684, 0.015414, 0.014189, 0.013014, 0.011894, 0.010832, 0.009829, 0.008888, 0.008008, 0.007190, 0.006433, 0.005736, 0.005098, 0.004516, 0.003988, 0.003511, 0.003084, 0.002702, 0.002364, 0.002067, 0.001808, 0.001585, 0.001395, 0.001236, 0.001106, 0.001005, 0.000930, 0.000880, 0.000855
0.000726, 0.000747, 0.000789, 0.000853, 0.000939, 0.001049, 0.001184, 0.001346, 0.001535, 0.001755, 0.002008, 0.002295, 0.002619, 0.002982, 0.003386, 0.003835, 0.004329, 0.004871, 0.005463, 0.006106, 0.006800, 0.007547, 0.008347, 0.009198, 0.010100, 0.011051, 0.012049, 0.013089, 0.014168, 0.015281, 0.016423, 0.017586, 0.018764, 0.019949, 0.021133, 0.022306, 0.023460, 0.024585, 0.025671, 0.026709, 0.027689, 0.028602, 0.029438, 0.030190, 0.030850, 0.031411, 0.031867, 0.032214, 0.032447, 0.032564, 0.032564, 0.032447, 0.032214, 0.031867, 0.031411, 0.030850, 0.030190, 0.029439, 0.028602, 0.027689, 0.026709, 0.025671, 0.024585, 0.023460, 0.022306, 0.021133, 0.019949, 0.018764, 0.017586, 0.016423, 0.015281, 0.014168, 0.013089, 0.012049, 0.011051, 0.010100, 0.009198, 0.008347, 0.007547, 0.006800, 0.006106, 0.005463, 0.004871, 0.004329, 0.003835, 0.003386, 0.002982, 0.002619, 0.002295, 0.002008, 0.001755, 0.001535, 0.001346, 0.001184, 0.001049, 0.000939, 0.000853, 0.000789, 0.000747, 0.000726
0.000620, 0.000638, 0.000674, 0.000728, 0.000802, 0.000896, 0.001011, 0.001149, 0.001311, 0.001499, 0.001714, 0.001959, 0.002235, 0.002545, 0.002891, 0.003273, 0.003695, 0.004158, 0.004663, 0.005212, 0.005805, 0.006443, 0.007125, 0.007852, 0.008622, 0.009434, 0.010286, 0.011174, 0.012095, 0.013045, 0.014020, 0.015013, 0.016018, 0.017030, 0.018040, 0.019042, 0.020027, 0.020988, 0.021915, 0.022801, 0.023638, 0.024417, 0.025131, 0.025773, 0.026336, 0.026815, 0.027204, 0.027500, 0.027699, 0.027799, 0.027799, 0.027699, 0.027500, 0.027204, 0.026815, 0.026336, 0.025773, 0.025131, 0.024417, 0.023638, 0.022801, 0.021915, 0.020988, 0.020027, 0.019042, 0.018040, 0.017030, 0.016018, 0.015013, 0.014020, 0.013045, 0.012095, 0.011174, 0.010286, 0.009434, 0.008622, 0.007852, 0.007125, 0.006443, 0.005805, 0.005212, 0.004663, 0.004158, 0.003695, 0.003273, 0.002891, 0.002545, 0.002235, 0.001959, 0.001714, 0.001499, 0.001311, 0.001149, 0.001011, 0.000896, 0.000802, 0.000728, 0.000674, 0.000638, 0.000620
0.000534, 0.000550, 0.000581, 0.000628, 0.000691, 0.000772, 0.000871, 0.000990, 0.001130, 0.001291, 0.001477, 0.001688, 0.001926, 0.002193, 0.002491, 0.002821, 0.003185, 0.003583, 0.004019, 0.004492, 0.005003, 0.005552, 0.006140, 0.006767, 0.007430, 0.008130, 0.008864, 0.009629, 0.010423, 0.011242, 0.012082, 0.012938, 0.013804, 0.014676, 0.015547, 0.016410, 0.017259, 0.018087, 0.018886, 0.019650, 0.020371, 0.021042, 0.021658, 0.022211, 0.022697, 0.023109, 0.023445, 0.023700, 0.023871, 0.023957, 0.023957, 0.023871, 0.023700, 0.023445, 0.023109, 0.022697, 0.022211, 0.021658, 0.021042, 0.020371, 0.019650, 0.018886, 0.018087, 0.017260, 0.016411, 0.015547, 0.014676, 0.013804, 0.012938, 0.012082, 0.011242, 0.010423, 0.009629, 0.008864, 0.008130, 0.007430, 0.006767, 0.006140, 0.005552, 0.005003, 0.004492, 0.004019, 0.003583, 0.003185, 0.002821, 0.002491, 0.002193, 0.001926, 0.001688, 0.001477, 0.001291, 0.001130, 0.000990, 0.000871, 0.000772, 0.000691, 0.000628, 0.000581, 0.000550, 0.000534
0.000467, 0.000481, 0.000508, 0.000549, 0.000604, 0.000675, 0.000762, 0.000866, 0.000988, 0.001130, 0.001292, 0.001477, 0.001685, 0.001919, 0.002179, 0.002468, 0.002786, 0.003135, 0.003515, 0.003929, 0.004376, 0.004857, 0.005371, 0.005919, 0.006500, 0.007112, 0.007754, 0.008424, 0.009118, 0.009835, 0.010569, 0.011318, 0.012076, 0.012839, 0.013601, 0.014356, 0.015099, 0.015823, 0.016522, 0.017190, 0.017821, 0.018408, 0.018947, 0.019431, 0.019855, 0.020216, 0.020510, 0.020733, 0.020883, 0.020958, 0.020958, 0.020883, 0.020733, 0.020510, 0.020216, 0.019855, 0.019431, 0.018947, 0.018408, 0.017821, 0.017190, 0.016522, 0.015823, 0.015099, 0.014356, 0.013601, 0.012839, 0.012076, 0.011318, 0.010569, 0.009835, 0.009118, 0.008424, 0.007754, 0.007112, 0.006500, 0.005919, 0.005371, 0.004857, 0.004376, 0.003929, 0.003515, 0.003135, 0.002786, 0.002468, 0.002179, 0.001919, 0.001685, 0.001477, 0.001292, 0.001130, 0.000988, 0.000866, 0.000762, 0.000675, 0.000604, 0.000549, 0.000508, 0.000481, 0.000467
0.000418, 0.000430, 0.000454, 0.000491, 0.000540, 0.000604, 0.000681, 0.000774, 0.000883, 0.001010, 0.001155, 0.001320, 0.001506, 0.001715, 0.001948, 0.002206, 0.002490, 0.002802, 0.003142, 0.003512, 0.003912, 0.004342, 0.004802, 0.005291, 0.005811, 0.006358, 0.006932, 0.007530, 0.008151, 0.008792, 0.009448, 0.010118, 0.010795, 0.011477, 0.012158, 0.012834, 0.013498, 0.014145, 0.014770, 0.015367, 0.015931, 0.016456, 0.016938, 0.017370, 0.017750, 0.018073, 0.018335, 0.018535, 0.018669, 0.018736, 0.018736, 0.018669, 0.018535, 0.018335, 0.018073, 0.017750, 0.017370, 0.016938, 0.016456, 0.015931, 0.015367, 0.014770, 0.014145, 0.013498, 0.012834, 0.012158, 0.011477, 0.010796, 0.010118, 0.009448, 0.008792, 0.008151, 0.007530, 0.006932, 0.006358, 0.005811, 0.005291, 0.004802, 0.004342, 0.003912, 0.003512, 0.003142, 0.002802, 0.002490, 0.002206, 0.001948, 0.001715, 0.001506, 0.001320, 0.001155, 0.001010, 0.000883, 0.000774, 0.000681, 0.000604, 0.000540, 0.000491, 0.000454, 0.000430, 0.000418
0.000384, 0.000395, 0.000418, 0.000451, 0.000497, 0.000555, 0.000627, 0.000712, 0.000812, 0.000929, 0.001062, 0.001214, 0.001386, 0.001578, 0.001792, 0.002029, 0.002291, 0.002578, 0.002891, 0.003231, 0.003599, 0.003995, 0.004418, 0.004869, 0.005346, 0.005850, 0.006378, 0.006928, 0.007500, 0.008089, 0.008693, 0.009309, 0.009933, 0.010560, 0.011187, 0.011808, 0.012419, 0.013015, 0.013590, 0.014140, 0.014659, 0.015142, 0.015585, 0.015983, 0.016332, 0.016629, 0.016871, 0.017054, 0.017178, 0.017240, 0.017240, 0.017178, 0.017054, 0.016871, 0.016629, 0.016333, 0.015983, 0.015585, 0.015142, 0.014659, 0.014140, 0.013590, 0.013015, 0.012420, 0.011808, 0.011187, 0.010560, 0.009933, 0.009309, 0.008693, 0.008089, 0.007500, 0.006928, 0.006378, 0.005850, 0.005346, 0.004869, 0.004418, 0.003995, 0.003599, 0.003231, 0.002891, 0.002578, 0.002291, 0.002029, 0.001792, 0.001578, 0.001386, 0.001214, 0.001062, 0.000929, 0.000812, 0.000712, 0.000627, 0.000555, 0.000497, 0.000451, 0.000418, 0.000395, 0.000384
0.000366, 0.000377, 0.000398, 0.000430, 0.000474, 0.000529, 0.000597, 0.000679, 0.000774, 0.000885, 0.001013, 0.001157, 0.001321, 0.001504, 0.001708, 0.001934, 0.002184, 0.002457, 0.002756, 0.003080, 0.003430, 0.003807, 0.004211, 0.004640, 0.005096, 0.005576, 0.006079, 0.006604, 0.007149, 0.007710, 0.008286, 0.008874, 0.009468, 0.010066, 0.010664, 0.011256, 0.011838, 0.012406, 0.012954, 0.013478, 0.013973, 0.014434, 0.014856, 0.015235, 0.015569, 0.015852, 0.016082, 0.016257, 0.016374, 0.016433, 0.016433, 0.016374, 0.016257, 0.016082, 0.015852, 0.015569, 0.015235, 0.014856, 0.014434, 0.013973, 0.013478, 0.012954, 0.012406, 0.011838, 0.011256, 0.010664, 0.010066, 0.009468, 0.008874, 0.008286, 0.007710, 0.007149, 0.006604, 0.006079, 0.005576, 0.005096, 0.004640, 0.004211, 0.003807, 0.003430, 0.003080, 0.002756, 0.002457, 0.002184, 0.001934, 0.001708, 0.001504, 0.001321, 0.001157, 0.001013, 0.000885, 0.000774, 0.000679, 0.000597, 0.000529, 0.000474, 0.000430, 0.000398, 0.000377, 0.000366
0.000363, 0.000373, 0.000395, 0.000426, 0.000470, 0.000525, 0.000592, 0.000673, 0.000768, 0.000878, 0.001004, 0.001147, 0.001309, 0.001491, 0.001693, 0.001918, 0.002165, 0.002436, 0.002732, 0.003054, 0.003401, 0.003775, 0.004175, 0.004601, 0.005053, 0.005529, 0.006028, 0.006548, 0.007089, 0.007646, 0.008217, 0.008799, 0.009389, 0.009982, 0.010574, 0.011162, 0.011739, 0.012302, 0.012846, 0.013366, 0.013856, 0.014313, 0.014732, 0.015108, 0.015439, 0.015719, 0.015948, 0.016121, 0.016238, 0.016296, 0.016296, 0.016238, 0.016121, 0.015948, 0.015719, 0.015439, 0.015108, 0.014732, 0.014313, 0.013856, 0.013366, 0.012846, 0.012302, 0.011739, 0.011162, 0.010574, 0.009982, 0.009389, 0.008799, 0.008217, 0.007646, 0.007089, 0.006548, 0.006028, 0.005529, 0.005053, 0.004601, 0.004175, 0.003775, 0.003401, 0.003054, 0.002732, 0.002436, 0.002165, 0.001918, 0.001693, 0.001491, 0.001309, 0.001147, 0.001004, 0.000878, 0.000768, 0.000673, 0.000592, 0.000525, 0.000470, 0.000426, 0.000395, 0.000373, 0.000363
0.000375, 0.000385, 0.000407, 0.000440, 0.000485, 0.000541, 0.000611, 0.000694, 0.000792, 0.000906, 0.001036, 0.001184, 0.001351, 0.001539, 0.001748, 0.001979, 0.002235, 0.002515, 0.002820, 0.003152, 0.003511, 0.003897, 0.004310, 0.004749, 0.005216, 0.005707, 0.006222, 0.006759, 0.007317, 0.007892, 0.008482, 0.009083, 0.009692, 0.010304, 0.010915, 0.011522, 0.012118, 0.012699, 0.013261, 0.013797, 0.014303, 0.014775, 0.015207, 0.015596, 0.015937, 0.016227, 0.016463, 0.016642, 0.016762, 0.016822, 0.016822, 0.016762, 0.016642, 0.016463, 0.016227, 0.015937, 0.015596, 0.015207, 0.014775, 0.014303, 0.013797, 0.013261, 0.012699, 0.012118, 0.011522, 0.010915, 0.010304, 0.009692, 0.009083, 0.008482, 0.007892, 0.007317, 0.006760, 0.006222, 0.005707, 0.005216, 0.004750, 0.004310, 0.003897, 0.003511, 0.003152, 0.002820, 0.002515, 0.002235, 0.001979, 0.001748, 0.001539, 0.001351, 0.001184, 0.001036, 0.000906, 0.000792, 0.000694, 0.000611, 0.000541, 0.000485, 0.000440, 0.000407, 0.000385, 0.000375
0.000401, 0.000413, 0.000436, 0.000471, 0.000519, 0.000580, 0.000654, 0.000744, 0.000849, 0.000970, 0.001110, 0.001268, 0.001448, 0.001648, 0.001872, 0.002120, 0.002394, 0.002694, 0.003021, 0.003377, 0.003761, 0.004174, 0.004617, 0.005088, 0.005587, 0.006113, 0.006665, 0.007241, 0.007838, 0.008454, 0.009086, 0.009730, 0.010382, 0.011038, 0.011693, 0.012343, 0.012982, 0.013604, 0.014206, 0.014780, 0.015323, 0.015828, 0.016291, 0.016708, 0.017073, 0.017383, 0.017636, 0.017828, 0.017957, 0.018021, 0.018021, 0.017957, 0.017828, 0.017636, 0.017383, 0.017073, 0.016708, 0.016291, 0.015828, 0.015323, 0.014780, 0.014206, 0.013604, 0.012982, 0.012343, 0.011693, 0.011038, 0.010382, 0.009730, 0.009086, 0.008454, 0.007838, 0.007241, 0.006665, 0.006113, 0.005587, 0.005088, 0.004617, 0.004174, 0.003761, 0.003377, 0.003021, 0.002694, 0.002394, 0.002120, 0.001872, 0.001648, 0.001448, 0.001268, 0.001110, 0.000970, 0.000849, 0.000744, 0.000654, 0.000580, 0.000519, 0.000471, 0.000436, 0.000413, 0.000401
0.000443, 0.000456, 0.000482, 0.000521, 0.000574, 0.000641, 0.000723, 0.000822, 0.000938, 0.001072, 0.001226, 0.001402, 0.001600, 0.001822, 0.002069, 0.002343, 0.002645, 0.002977, 0.003339, 0.003731, 0.004156, 0.004613, 0.005102, 0.005623, 0.006174, 0.006756, 0.007366, 0.008002, 0.008663, 0.009343, 0.010042, 0.010753, 0.011474, 0.012199, 0.012923, 0.013641, 0.014347, 0.015035, 0.015700, 0.016335, 0.016935, 0.017493, 0.018005, 0.018465, 0.018869, 0.019212, 0.019491, 0.019703, 0.019846, 0.019918, 0.019918, 0.019846, 0.019703, 0.019491, 0.019212, 0.018869, 0.018465, 0.018005, 0.017493, 0.016935, 0.016335, 0.015700, 0.015036, 0.014347, 0.013641, 0.012923, 0.012199, 0.011474, 0.010753, 0.010042, 0.009343, 0.008663, 0.008002, 0.007366, 0.006756, 0.006174, 0.005623, 0.005102, 0.004613, 0.004156, 0.003732, 0.003339, 0.002977, 0.002645, 0.002343, 0.002069, 0.001822, 0.001600, 0.001402, 0.001226, 0.001072, 0.000938, 0.000822, 0.000723, 0.000641, 0.000574, 0.000521, 0.000482, 0.000456, 0.000443
0.000502, 0.000516, 0.000545, 0.000590, 0.000649, 0.000725, 0.000819, 0.000930, 0.001062, 0.001214, 0.001388, 0.001587, 0.001811, 0.002062, 0.002342, 0.002653, 0.002995, 0.003370, 0.003780, 0.004224, 0.004705, 0.005222, 0.005776, 0.006366, 0.006990, 0.007649, 0.008339, 0.009060, 0.009807, 0.010578, 0.011369, 0.012174, 0.012990, 0.013811, 0.014631, 0.015444, 0.016243, 0.017023, 0.017775, 0.018494, 0.019173, 0.019805, 0.020385, 0.020906, 0.021363, 0.021751, 0.022067, 0.022307, 0.022469, 0.022550, 0.022550, 0.022469, 0.022307, 0.022067, 0.021752, 0.021363, 0.020906, 0.020385, 0.019805, 0.019173, 0.018494, 0.017775, 0.017023, 0.016243, 0.015444, 0.014631, 0.013811, 0.012990, 0.012174, 0.011369, 0.010578, 0.009807, 0.009060, 0.008339, 0.007649, 0.006990, 0.006366, 0.005776, 0.005223, 0.004705, 0.004224, 0.003780, 0.003370, 0.002995, 0.002653, 0.002342, 0.002062, 0.001811, 0.001587, 0.001388, 0.001214, 0.001062, 0.000930, 0.000819, 0.000725, 0.000649, 0.000590, 0.000545, 0.000516, 0.000502
0.000578, 0.000595, 0.000628, 0.000679, 0.000748, 0.000835, 0.000943, 0.001071, 0.001223, 0.001398, 0.001599, 0.001828, 0.002086, 0.002375, 0.002698, 0.003055, 0.003449, 0.003881, 0.004353, 0.004865, 0.005419, 0.006015, 0.006653, 0.007331, 0.008051, 0.008810, 0.009605, 0.010435, 0.011296, 0.012183, 0.013094, 0.014022, 0.014962, 0.015907, 0.016852, 0.017788, 0.018708, 0.019606, 0.020473, 0.021301, 0.022083, 0.022811, 0.023479, 0.024079, 0.024605, 0.025053, 0.025417, 0.025693, 0.025879, 0.025973, 0.025973, 0.025879, 0.025693, 0.025417, 0.025053, 0.024605, 0.024079, 0.023479, 0.022811, 0.022083, 0.021301, 0.020473, 0.019606, 0.018709, 0.017788, 0.016852, 0.015907, 0.014962, 0.014022, 0.013094, 0.012184, 0.011296, 0.010435, 0.009605, 0.008810, 0.008051, 0.007332, 0.006653, 0.006015, 0.005419, 0.004866, 0.004353, 0.003881, 0.003449, 0.003055, 0.002698, 0.002375, 0.002086, 0.001828, 0.001599, 0.001398, 0.001223, 0.001071, 0.000943, 0.000835, 0.000748, 0.000679, 0.000628, 0.000595, 0.000578
0.000673, 0.000693, 0.000732, 0.000791, 0.000871, 0.000973, 0.001098, 0.001248, 0.001424, 0.001628, 0.001863, 0.002129, 0.002430, 0.002767, 0.003142, 0.003559, 0.004018, 0.004521, 0.005071, 0.005667, 0.006312, 0.007006, 0.007749, 0.008540, 0.009378, 0.010261, 0.011188, 0.012155, 0.013157, 0.014192, 0.015252, 0.016333, 0.017428, 0.018529, 0.019629, 0.020720, 0.021792, 0.022838, 0.023847, 0.024812, 0.025723, 0.026571, 0.027349, 0.028048, 0.028661, 0.029182, 0.029606, 0.029928, 0.030145, 0.030254, 0.030254, 0.030145, 0.029928, 0.029606, 0.029183, 0.028661, 0.028048, 0.027349, 0.026571, 0.025723, 0.024812, 0.023847, 0.022838, 0.021792, 0.020720, 0.019629, 0.018529, 0.017428, 0.016333, 0.015252, 0.014192, 0.013157, 0.012155, 0.011188, 0.010262, 0.009378, 0.008540, 0.007749, 0.007006, 0.006313, 0.005667, 0.005071, 0.004521, 0.004018, 0.003559, 0.003142, 0.002767, 0.002430, 0.002129, 0.001863, 0.001628, 0.001424, 0.001248, 0.001098, 0.000973, 0.000871, 0.000791, 0.000732, 0.000693, 0.000673
0.000790, 0.000812, 0.000858, 0.000927, 0.001021, 0.001141, 0.001288, 0.001463, 0.001670, 0.001909, 0.002184, 0.002496, 0.002849, 0.003244, 0.003685, 0.004173, 0.004711, 0.005301, 0.005946, 0.006646, 0.007402, 0.008216, 0.009086, 0.010014, 0.010997, 0.012033, 0.013119, 0.014253, 0.015428, 0.016641, 0.017885, 0.019152, 0.020436, 0.021728, 0.023017, 0.024296, 0.025554, 0.026780, 0.027964, 0.029095, 0.030163, 0.031158, 0.032070, 0.032889, 0.033608, 0.034220, 0.034717, 0.035094, 0.035348, 0.035476, 0.035476, 0.035348, 0.035094, 0.034717, 0.034220, 0.033608, 0.032889, 0.032070, 0.031158, 0.030163, 0.029095, 0.027964, 0.026780, 0.025554, 0.024296, 0.023017, 0.021728, 0.020436, 0.019153, 0.017885, 0.016641, 0.015428, 0.014253, 0.013119, 0.012033, 0.010997, 0.010014, 0.009087, 0.008216, 0.007402, 0.006646, 0.005946, 0.005301, 0.004711, 0.004173, 0.003685, 0.003244, 0.002849, 0.002496, 0.002184, 0.001909, 0.001670, 0.001463, 0.001288, 0.001141, 0.001021, 0.000927, 0.000858, 0.000812, 0.000790
0.000929, 0.000956, 0.001009, 0.001091, 0.001201, 0.001342, 0.001515, 0.001722, 0.001965, 0.002246, 0.002569, 0.002937, 0.003351, 0.003816, 0.004335, 0.004909, 0.005542, 0.006237, 0.006995, 0.007818, 0.008708, 0.009665, 0.010690, 0.011781, 0.012937, 0.014156, 0.015434, 0.016767, 0.018151, 0.019577, 0.021040, 0.022532, 0.024042, 0.025561, 0.027079, 0.028583, 0.030062, 0.031505, 0.032898, 0.034228, 0.035485, 0.036655, 0.037728, 0.038692, 0.039538, 0.040257, 0.040842, 0.041286, 0.041585, 0.041735, 0.041735, 0.041585, 0.041286, 0.040842, 0.040257, 0.039538, 0.038692, 0.037728, 0.036655, 0.035485, 0.034228, 0.032898, 0.031505, 0.030063, 0.028583, 0.027079, 0.025561, 0.024042, 0.022532, 0.021041, 0.019577, 0.018151, 0.016767, 0.015434, 0.014156, 0.012937, 0.011781, 0.010690, 0.009665, 0.008708, 0.007818, 0.006995, 0.006237, 0.005542, 0.004909, 0.004335, 0.003816, 0.003352, 0.002937, 0.002569, 0.002246, 0.001965, 0.001722, 0.001515, 0.001342, 0.001201, 0.001091, 0.001009, 0.000956, 0.000929
0.001094, 0.001125, 0.001188, 0.001285, 0.001415, 0.001580, 0.001784, 0.002027, 0.002313, 0.002645, 0.003025, 0.003458, 0.003946, 0.004494, 0.005104, 0.005780, 0.006526, 0.007343, 0.008236, 0.009205, 0.010253, 0.011380, 0.012586, 0.013871, 0.015232, 0.016668, 0.018173, 0.019743, 0.021371, 0.023051, 0.024774, 0.026530, 0.028308, 0.030097, 0.031883, 0.033655, 0.035397, 0.037095, 0.038735, 0.040302, 0.041781, 0.043159, 0.044422, 0.045557, 0.046554, 0.047401, 0.048089, 0.048612, 0.048964, 0.049141, 0.049141, 0.048964, 0.048612, 0.048089, 0.047401, 0.046554, 0.045558, 0.044422, 0.043159, 0.041781, 0.040302, 0.038735, 0.037095, 0.035397, 0.033655, 0.031883, 0.030097, 0.028308, 0.026530, 0.024774, 0.023051, 0.021371, 0.019743, 0.018173, 0.016668, 0.015233, 0.013871, 0.012587, 0.011380, 0.010253, 0.009205, 0.008236, 0.007343, 0.006526, 0.005780, 0.005104, 0.004494, 0.003946, 0.003458, 0.003025, 0.002645, 0.002313, 0.002027, 0.001784, 0.001580, 0.001415, 0.001285, 0.001188, 0.001125, 0.001094
0.001287, 0.001324, 0.001398, 0.001511, 0.001664, 0.001859, 0.002099, 0.002385, 0.002721, 0.003112, 0.003559, 0.004068, 0.004643, 0.005287, 0.006005, 0.006800, 0.007677, 0.008639, 0.009690, 0.010830, 0.012063, 0.013389, 0.014808, 0.016319, 0.017921, 0.019609, 0.021380, 0.023227, 0.025143, 0.027119, 0.029146, 0.031212, 0.033304, 0.035408, 0.037510, 0.039594, 0.041644, 0.043642, 0.045571, 0.047415, 0.049155, 0.050776, 0.052262, 0.053598, 0.054770, 0.055766, 0.056576, 0.057192, 0.057606, 0.057814, 0.057814, 0.057606, 0.057192, 0.056576, 0.055766, 0.054770, 0.053598, 0.052262, 0.050776, 0.049155, 0.047415, 0.045571, 0.043642, 0.041644, 0.039594, 0.037511, 0.035408, 0.033304, 0.031212, 0.029146, 0.027120, 0.025143, 0.023227, 0.021380, 0.019609, 0.017921, 0.016319, 0.014808, 0.013389, 0.012063, 0.010830, 0.009690, 0.008640, 0.007677, 0.006800, 0.006005, 0.005287, 0.004643, 0.004068, 0.003559, 0.003112, 0.002721, 0.002385, 0.002099, 0.001859, 0.001664, 0.001511, 0.001398, 0.001324, 0.001287
0.001511, 0.001554, 0.001642, 0.001775, 0.001954, 0.002183, 0.002464, 0.002800, 0.003196, 0.003654, 0.004179, 0.004777, 0.005452, 0.006208, 0.007051, 0.007985, 0.009015, 0.010145, 0.011378, 0.012717, 0.014165, 0.015722, 0.017388, 0.019163, 0.021043, 0.023026, 0.025105, 0.027274, 0.029524, 0.031844, 0.034224, 0.036650, 0.039106, 0.041577, 0.044046, 0.046493, 0.048899, 0.051245, 0.053511, 0.055675, 0.057719, 0.059623, 0.061367, 0.062936, 0.064312, 0.065482, 0.066433, 0.067156, 0.067642, 0.067886, 0.067886, 0.067642, 0.067156, 0.066433, 0.065482, 0.064312, 0.062936, 0.061368, 0.059623, 0.057719, 0.055676, 0.053511, 0.051246, 0.048899, 0.046493, 0.044046, 0.041578, 0.039106, 0.036650, 0.034225, 0.031845, 0.029524, 0.027274, 0.025105, 0.023026, 0.021043, 0.019163, 0.017388, 0.015722, 0.014165, 0.012717, 0.011378, 0.010145, 0.009015, 0.007985, 0.007051, 0.006208, 0.005452, 0.004777, 0.004179, 0.003654, 0.003196, 0.002800, 0.002464, 0.002183, 0.001954, 0.001775, 0.001642, 0.001554, 0.001511
0.001769, 0.001820, 0.001923, 0.002078, 0.002289, 0.002557, 0.002886, 0.003280, 0.003742, 0.004279, 0.004895, 0.005595, 0.006385, 0.007270, 0.008257, 0.009351, 0.010558, 0.011881, 0.013325, 0.014893, 0.016588, 0.018412, 0.020363, 0.022441, 0.024644, 0.026965, 0.029400, 0.031940, 0.034575, 0.037293, 0.040080, 0.042920, 0.045797, 0.048691, 0.051581, 0.054447, 0.057265, 0.060013, 0.062666, 0.065201, 0.067594, 0.069823, 0.071867, 0.073703, 0.075315, 0.076685, 0.077799, 0.078645, 0.079214, 0.079500, 0.079500, 0.079214, 0.078645, 0.077799, 0.076685, 0.075315, 0.073703, 0.071867, 0.069823, 0.067594, 0.065201, 0.062666, 0.060013, 0.057265, 0.054447, 0.051582, 0.048691, 0.045797, 0.042920, 0.040080, 0.037293, 0.034575, 0.031940, 0.029400, 0.026966, 0.024644, 0.022441, 0.020363, 0.018412, 0.016588, 0.014893, 0.013325, 0.011881, 0.010558, 0.009351, 0.008257, 0.007270, 0.006385, 0.005595, 0.004895, 0.004279, 0.003742, 0.003280, 0.002886, 0.002557, 0.002289, 0.002078, 0.001923, 0.001820, 0.001769
0.002066, 0.002125, 0.002245, 0.002426, 0.002672, 0.002985, 0.003369, 0.003829, 0.004369, 0.004995, 0.005714, 0.006531, 0.007453, 0.008487, 0.009640, 0.010917, 0.012325, 0.013869, 0.015555, 0.017386, 0.019365, 0.021493, 0.023771, 0.026198, 0.028769, 0.031479, 0.034321, 0.037286, 0.040362, 0.043535, 0.046788, 0.050104, 0.053462, 0.056841, 0.060215, 0.063560, 0.066850, 0.070057, 0.073155, 0.076114, 0.078908, 0.081510, 0.083895, 0.086039, 0.087921, 0.089520, 0.090820, 0.091808, 0.092472, 0.092806, 0.092806, 0.092472, 0.091808, 0.090820, 0.089520, 0.087921, 0.086039, 0.083895, 0.081510, 0.078908, 0.076114, 0.073155, 0.070058, 0.066850, 0.063560, 0.060215, 0.056841, 0.053463, 0.050104, 0.046789, 0.043535, 0.040362, 0.037287, 0.034322, 0.031479, 0.028769, 0.026198, 0.023772, 0.021494, 0.019365, 0.017386, 0.015555, 0.013869, 0.012325, 0.010917, 0.009640, 0.008487, 0.007453, 0.006531, 0.005714, 0.004995, 0.004369, 0.003829, 0.003369, 0.002985, 0.002672, 0.002426, 0.002245, 0.002125, 0.002066
0.002403, 0.002472, 0.002611, 0.002823, 0.003108, 0.003473, 0.003919, 0.004454, 0.005082, 0.005811, 0.006647, 0.007598, 0.008670, 0.009873, 0.011214, 0.012700, 0.014338, 0.016134, 0.018095, 0.020225, 0.022527, 0.025003, 0.027653, 0.030476, 0.033467, 0.036620, 0.039926, 0.043375, 0.046953, 0.050644, 0.054429, 0.058286, 0.062193, 0.066122, 0.070048, 0.073939, 0.077766, 0.081497, 0.085100, 0.088542, 0.091793, 0.094820, 0.097594, 0.100089, 0.102277, 0.104138, 0.105650, 0.106799, 0.107572, 0.107961, 0.107961, 0.107572, 0.106799, 0.105650, 0.104138, 0.102277, 0.100089, 0.097594, 0.094820, 0.091793, 0.088543, 0.085100, 0.081498, 0.077767, 0.073940, 0.070048, 0.066123, 0.062193, 0.058286, 0.054429, 0.050644, 0.046953, 0.043375, 0.039926, 0.036620, 0.033467, 0.030476, 0.027654, 0.025004, 0.022527, 0.020225, 0.018095, 0.016134, 0.014338, 0.012700, 0.011214, 0.009873, 0.008671, 0.007598, 0.006647, 0.005811, 0.005083, 0.004454, 0.003919, 0.003473, 0.003108, 0.002823, 0.002611, 0.002472, 0.002403
0.002785, 0.002865, 0.003027, 0.003271, 0.003603, 0.004025, 0.004543, 0.005162, 0.005891, 0.006735, 0.007704, 0.008806, 0.010049, 0.011443, 0.012997, 0.014719, 0.016617, 0.018700, 0.020972, 0.023441, 0.026109, 0.028979, 0.032050, 0.035321, 0.038787, 0.042441, 0.046274, 0.050271, 0.054418, 0.058695, 0.063082, 0.067552, 0.072080, 0.076634, 0.081184, 0.085694, 0.090129, 0.094453, 0.098629, 0.102618, 0.106385, 0.109893, 0.113109, 0.116000, 0.118536, 0.120693, 0.122446, 0.123777, 0.124673, 0.125123, 0.125123, 0.124673, 0.123777, 0.122446, 0.120693, 0.118537, 0.116000, 0.113109, 0.109894, 0.106385, 0.102619, 0.098629, 0.094454, 0.090129, 0.085694, 0.081184, 0.076635, 0.072080, 0.067553, 0.063082, 0.058696, 0.054418, 0.050271, 0.046274, 0.042442, 0.038787, 0.035321, 0.032050, 0.028979, 0.026109, 0.023441, 0.020972, 0.018700, 0.016617, 0.014719, 0.012997, 0.011443, 0.010049, 0.008806, 0.007704, 0.006735, 0.005891, 0.005162, 0.004543, 0.004025, 0.003603, 0.003271, 0.003027, 0.002865, 0.002785
0.003216, 0.003308, 0.003494, 0.003777, 0.004160, 0.004647, 0.005245, 0.005960, 0.006801, 0.007776, 0.008895, 0.010166, 0.011602, 0.013211, 0.015005, 0.016993, 0.019185, 0.021589, 0.024213, 0.027063, 0.030143, 0.033456, 0.037002, 0.040779, 0.044780, 0.048999, 0.053423, 0.058038, 0.062826, 0.067764, 0.072828, 0.077990, 0.083217, 0.088475, 0.093727, 0.098934, 0.104055, 0.109047, 0.113867, 0.118473, 0.122822, 0.126872, 0.130585, 0.133922, 0.136851, 0.139340, 0.141364, 0.142901, 0.143935, 0.144455, 0.144455, 0.143935, 0.142901, 0.141364, 0.139340, 0.136851, 0.133922, 0.130585, 0.126873, 0.122822, 0.118474, 0.113868, 0.109047, 0.104055, 0.098934, 0.093727, 0.088475, 0.083217, 0.077990, 0.072829, 0.067765, 0.062826, 0.058039, 0.053424, 0.048999, 0.044781, 0.040779, 0.037002, 0.033456, 0.030143, 0.027063, 0.024213, 0.021589, 0.019185, 0.016993, 0.015005, 0.013212, 0.011602, 0.010167, 0.008895, 0.007776, 0.006801, 0.005960, 0.005245, 0.004647, 0.004160, 0.003777, 0.003495, 0.003308, 0.003216
0.003698, 0.003804, 0.004019, 0.004344, 0.004783, 0.005344, 0.006031, 0.006854, 0.007821, 0.008942, 0.010228, 0.011691, 0.013342, 0.015193, 0.017255, 0.019542, 0.022062, 0.024827, 0.027844, 0.031121, 0.034663, 0.038473, 0.042551, 0.046894, 0.051495, 0.056347, 0.061434, 0.066742, 0.072247, 0.077926, 0.083749, 0.089684, 0.095695, 0.101742, 0.107781, 0.113769, 0.119657, 0.125398, 0.130941, 0.136238, 0.141239, 0.145896, 0.150165, 0.154003, 0.157370, 0.160233, 0.162560, 0.164328, 0.165517, 0.166115, 0.166115, 0.165517, 0.164328, 0.162560, 0.160233, 0.157371, 0.154003, 0.150165, 0.145897, 0.141239, 0.136238, 0.130942, 0.125398, 0.119658, 0.113769, 0.107782, 0.101742, 0.095695, 0.089685, 0.083750, 0.077926, 0.072247, 0.066742, 0.061435, 0.056347, 0.051496, 0.046894, 0.042551, 0.038474, 0.034664, 0.031121, 0.027844, 0.024827, 0.022062, 0.019542, 0.017256, 0.015193, 0.013342, 0.011691, 0.010229, 0.008942, 0.007821, 0.006854, 0.006031, 0.005344, 0.004783, 0.004344, 0.004019, 0.003804, 0.003698
0.004236, 0.004357, 0.004603, 0.004975, 0.005479, 0.006120, 0.006908, 0.007850, 0.008958, 0.010242, 0.011715, 0.013391, 0.015281, 0.017401, 0.019764, 0.022382, 0.025269, 0.028435, 0.031891, 0.035645, 0.039702, 0.044065, 0.048736, 0.053709, 0.058980, 0.064536, 0.070363, 0.076442, 0.082747, 0.089251, 0.095921, 0.102719, 0.109603, 0.116528, 0.123446, 0.130303, 0.137048, 0.143622, 0.149971, 0.156037, 0.161765, 0.167099, 0.171989, 0.176384, 0.180241, 0.183519, 0.186185, 0.188210, 0.189572, 0.190256, 0.190256, 0.189572, 0.188210, 0.186185, 0.183520, 0.180241, 0.176384, 0.171989, 0.167100, 0.161765, 0.156038, 0.149972, 0.143623, 0.137048, 0.130304, 0.123446, 0.116529, 0.109603, 0.102719, 0.095921, 0.089252, 0.082748, 0.076442, 0.070364, 0.064537, 0.058980, 0.053710, 0.048736, 0.044065, 0.039702, 0.035645, 0.031891, 0.028435, 0.025269, 0.022382, 0.019764, 0.017401, 0.015281, 0.013391, 0.011715, 0.010242, 0.008958, 0.007850, 0.006908, 0.006120, 0.005479, 0.004975, 0.004603, 0.004357, 0.004236
0.004832, 0.004971, 0.005251, 0.005675, 0.006250, 0.006982, 0.007880, 0.008955, 0.010218, 0.011683, 0.013364, 0.015275, 0.017432, 0.019850, 0.022545, 0.025531, 0.028824, 0.032436, 0.036378, 0.040660, 0.045288, 0.050265, 0.055593, 0.061266, 0.067278, 0.073616, 0.080263, 0.087197, 0.094389, 0.101808, 0.109416, 0.117170, 0.125023, 0.132923, 0.140813, 0.148636, 0.156329, 0.163828, 0.171070, 0.177990, 0.184523, 0.190608, 0.196185, 0.201199, 0.205598, 0.209338, 0.212378, 0.214688, 0.216241, 0.217022, 0.217022, 0.216241, 0.214688, 0.212378, 0.209338, 0.205598, 0.201199, 0.196186, 0.190608, 0.184524, 0.177990, 0.171071, 0.163829, 0.156329, 0.148636, 0.140814, 0.132923, 0.125024, 0.117171, 0.109417, 0.101809, 0.094390, 0.087197, 0.080264, 0.073617, 0.067279, 0.061267, 0.055593, 0.050266, 0.045288, 0.040660, 0.036379, 0.032436, 0.028824, 0.025532, 0.022545, 0.019850, 0.017432, 0.015275, 0.013364, 0.011683, 0.010218, 0.008955, 0.007880, 0.006982, 0.006250, 0.005675, 0.005251, 0.004971, 0.004832
0.005489, 0.005647, 0.005965, 0.006447, 0.007100, 0.007932, 0.008952, 0.010173, 0.011609, 0.013273, 0.015182, 0.017353, 0.019803, 0.022550, 0.025612, 0.029005, 0.032746, 0.036849, 0.041327, 0.046192, 0.051449, 0.057104, 0.063156, 0.069601, 0.076431, 0.083631, 0.091182, 0.099059, 0.107230, 0.115658, 0.124301, 0.133110, 0.142031, 0.151005, 0.159969, 0.168855, 0.177594, 0.186114, 0.194341, 0.202202, 0.209624, 0.216536, 0.222872, 0.228567, 0.233565, 0.237813, 0.241268, 0.243891, 0.245656, 0.246544, 0.246544, 0.245656, 0.243891, 0.241268, 0.237814, 0.233566, 0.228568, 0.222872, 0.216537, 0.209624, 0.202202, 0.194342, 0.186115, 0.177595, 0.168856, 0.159969, 0.151005, 0.142031, 0.133110, 0.124302, 0.115659, 0.107230, 0.099059, 0.091183, 0.083632, 0.076431, 0.069602, 0.063156, 0.057104, 0.051449, 0.046192, 0.041328, 0.036849, 0.032746, 0.029005, 0.025612, 0.022550, 0.019803, 0.017353, 0.015182, 0.013273, 0.011609, 0.010173, 0.008952, 0.007932, 0.007100, 0.006447, 0.005965, 0.005647, 0.005489
0.006210, 0.006389, 0.006749, 0.007295, 0.008033, 0.008974, 0.010129, 0.011510, 0.013134, 0.015017, 0.017177, 0.019633, 0.022405, 0.025513, 0.028977, 0.032816, 0.037048, 0.041691, 0.046757, 0.052261, 0.058209, 0.064606, 0.071453, 0.078746, 0.086473, 0.094619, 0.103162, 0.112073, 0.121318, 0.130853, 0.140631, 0.150597, 0.160690, 0.170843, 0.180984, 0.191038, 0.200925, 0.210564, 0.219872, 0.228765, 0.237162, 0.244982, 0.252150, 0.258594, 0.264249, 0.269055, 0.272963, 0.275931, 0.277928, 0.278932, 0.278932, 0.277928, 0.275931, 0.272963, 0.269055, 0.264249, 0.258595, 0.252151, 0.244983, 0.237163, 0.228766, 0.219872, 0.210565, 0.200926, 0.191039, 0.180985, 0.170843, 0.160691, 0.150598, 0.140632, 0.130854, 0.121318, 0.112074, 0.103162, 0.094619, 0.086473, 0.078746, 0.071454, 0.064607, 0.058209, 0.052261, 0.046758, 0.041691, 0.037048, 0.032816, 0.028977, 0.025513, 0.022405, 0.019633, 0.017177, 0.015017, 0.013134, 0.011510, 0.010129, 0.008974, 0.008033, 0.007295, 0.006749, 0.006389, 0.006211
0.006998, 0.007199, 0.007604, 0.008219, 0.009051, 0.010111, 0.011412, 0.012969, 0.014799, 0.016920, 0.019354, 0.022122, 0.025245, 0.028747, 0.032649, 0.036975, 0.041743, 0.046974, 0.052683, 0.058884, 0.065585, 0.072794, 0.080508, 0.088725, 0.097431, 0.106609, 0.116235, 0.126275, 0.136691, 0.147435, 0.158452, 0.169681, 0.181052, 0.192491, 0.203917, 0.215245, 0.226385, 0.237246, 0.247733, 0.257753, 0.267214, 0.276025, 0.284101, 0.291362, 0.297733, 0.303148, 0.307551, 0.310895, 0.313145, 0.314276, 0.314276, 0.313145, 0.310896, 0.307551, 0.303148, 0.297733, 0.291362, 0.284102, 0.276026, 0.267214, 0.257753, 0.247733, 0.237246, 0.226386, 0.215246, 0.203918, 0.192492, 0.181053, 0.169681, 0.158453, 0.147436, 0.136692, 0.126276, 0.116235, 0.106610, 0.097431, 0.088725, 0.080509, 0.072794, 0.065586, 0.058884, 0.052683, 0.046974, 0.041744, 0.036975, 0.032650, 0.028747, 0.025245, 0.022122, 0.019354, 0.016920, 0.014799, 0.012969, 0.011412, 0.010112, 0.009051, 0.008219, 0.007604, 0.007199, 0.006998
0.007852, 0.008078, 0.008533, 0.009223, 0.010157, 0.011346, 0.012806, 0.014553, 0.016606, 0.018986, 0.021717, 0.024822, 0.028327, 0.032256, 0.036635, 0.041489, 0.046840, 0.052709, 0.059115, 0.066072, 0.073592, 0.081680, 0.090337, 0.099556, 0.109325, 0.119624, 0.130424, 0.141690, 0.153377, 0.165432, 0.177794, 0.190393, 0.203152, 0.215988, 0.228809, 0.241519, 0.254019, 0.266205, 0.277972, 0.289216, 0.299831, 0.309718, 0.318780, 0.326927, 0.334075, 0.340151, 0.345092, 0.348845, 0.351369, 0.352638, 0.352638, 0.351369, 0.348845, 0.345092, 0.340152, 0.334076, 0.326927, 0.318781, 0.309719, 0.299832, 0.289216, 0.277973, 0.266206, 0.254020, 0.241520, 0.228810, 0.215989, 0.203153, 0.190394, 0.177795, 0.165433, 0.153378, 0.141691, 0.130425, 0.119624, 0.109325, 0.099556, 0.090337, 0.081681, 0.073592, 0.066073, 0.059115, 0.052709, 0.046840, 0.041489, 0.036636, 0.032257, 0.028327, 0.024823, 0.021717, 0.018986, 0.016606, 0.014553, 0.012806, 0.011346, 0.010157, 0.009223, 0.008533, 0.008078, 0.007852
0.008775, 0.009027, 0.009535, 0.010306, 0.011350, 0.012679, 0.014310, 0.016262, 0.018556, 0.021216, 0.024268, 0.027738, 0.031654, 0.036045, 0.040938, 0.046362, 0.052341, 0.058899, 0.066057, 0.073832, 0.082235, 0.091272, 0.100946, 0.111247, 0.122164, 0.133672, 0.145740, 0.158329, 0.171388, 0.184859, 0.198672, 0.212751, 0.227008, 0.241351, 0.255677, 0.269880, 0.283848, 0.297465, 0.310614, 0.323177, 0.335039, 0.346087, 0.356213, 0.365317, 0.373304, 0.380094, 0.385615, 0.389808, 0.392629, 0.394047, 0.394047, 0.392629, 0.389808, 0.385615, 0.380094, 0.373305, 0.365317, 0.356214, 0.346088, 0.335040, 0.323178, 0.310614, 0.297466, 0.283849, 0.269881, 0.255678, 0.241352, 0.227009, 0.212752, 0.198673, 0.184860, 0.171389, 0.158330, 0.145741, 0.133672, 0.122164, 0.111248, 0.100946, 0.091273, 0.082235, 0.073832, 0.066058, 0.058900, 0.052341, 0.046362, 0.040939, 0.036045, 0.031654, 0.027738, 0.024268, 0.021216, 0.018556, 0.016262, 0.014310, 0.012679, 0.011350, 0.010306, 0.009535, 0.009027, 0.008775
0.009765, 0.010046, 0.010611, 0.011469, 0.012630, 0.014109, 0.015925, 0.018097, 0.020650, 0.023610, 0.027006, 0.030867, 0.035225, 0.040111, 0.045557, 0.051592, 0.058246, 0.065544, 0.073510, 0.082161, 0.091512, 0.101569, 0.112333, 0.123797, 0.135945, 0.148751, 0.162180, 0.176189, 0.190721, 0.205711, 0.221083, 0.236750, 0.252615, 0.268576, 0.284518, 0.300323, 0.315866, 0.331019, 0.345651, 0.359632, 0.372832, 0.385126, 0.396394, 0.406524, 0.415412, 0.422968, 0.429112, 0.433778, 0.436916, 0.438494, 0.438494, 0.436916, 0.433778, 0.429112, 0.422968, 0.415413, 0.406524, 0.396394, 0.385126, 0.372832, 0.359632, 0.345652, 0.331020, 0.315867, 0.300324, 0.284519, 0.268577, 0.252616, 0.236750, 0.221084, 0.205712, 0.190722, 0.176190, 0.162181, 0.148752, 0.135945, 0.123798, 0.112334, 0.101570, 0.091512, 0.082162, 0.073510, 0.065544, 0.058246, 0.051592, 0.045557, 0.040112, 0.035226, 0.030868, 0.027006, 0.023610, 0.020650, 0.018097, 0.015925, 0.014110, 0.012630, 0.011469, 0.010611, 0.010046, 0.009765
0.010822, 0.011133, 0.011760, 0.012710, 0.013997, 0.015636, 0.017648, 0.020055, 0.022884, 0.026165, 0.029928, 0.034207, 0.039037, 0.044452, 0.050486, 0.057175, 0.064548, 0.072636, 0.081463, 0.091051, 0.101413, 0.112559, 0.124487, 0.137191, 0.150653, 0.164844, 0.179727, 0.195251, 0.211356, 0.227967, 0.245002, 0.262363, 0.279946, 0.297633, 0.315300, 0.332814, 0.350039, 0.366831, 0.383046, 0.398539, 0.413167, 0.426791, 0.439278, 0.450503, 0.460354, 0.468727, 0.475535, 0.480706, 0.484184, 0.485933, 0.485933, 0.484184, 0.480706, 0.475535, 0.468727, 0.460354, 0.450504, 0.439279, 0.426792, 0.413168, 0.398540, 0.383047, 0.366832, 0.350040, 0.332815, 0.315301, 0.297634, 0.279947, 0.262364, 0.245003, 0.227968, 0.211357, 0.195252, 0.179728, 0.164845, 0.150654, 0.137192, 0.124488, 0.112559, 0.101414, 0.091051, 0.081464, 0.072636, 0.064549, 0.057175, 0.050487, 0.044452, 0.039037, 0.034208, 0.029928, 0.026165, 0.022885, 0.020055, 0.017648, 0.015636, 0.013997, 0.012710, 0.011760, 0.011133, 0.010822
0.011943, 0.012286, 0.012978, 0.014027, 0.015448, 0.017257, 0.019477, 0.022133, 0.025255, 0.028876, 0.033029, 0.037752, 0.043082, 0.049057, 0.055717, 0.063098, 0.071236, 0.080161, 0.089903, 0.100484, 0.111920, 0.124219, 0.137384, 0.151404, 0.166260, 0.181921, 0.198345, 0.215478, 0.233250, 0.251583, 0.270381, 0.289541, 0.308945, 0.328464, 0.347961, 0.367290, 0.386299, 0.404830, 0.422724, 0.439822, 0.455965, 0.471000, 0.484781, 0.497169, 0.508039, 0.517280, 0.524793, 0.530499, 0.534338, 0.536268, 0.536268, 0.534338, 0.530499, 0.524793, 0.517280, 0.508040, 0.497170, 0.484781, 0.471001, 0.455966, 0.439823, 0.422725, 0.404831, 0.386300, 0.367291, 0.347962, 0.328465, 0.308946, 0.289543, 0.270383, 0.251584, 0.233251, 0.215479, 0.198346, 0.181922, 0.166261, 0.151405, 0.137385, 0.124220, 0.111920, 0.100484, 0.089904, 0.080162, 0.071236, 0.063099, 0.055717, 0.049058, 0.043082, 0.037752, 0.033029, 0.028876, 0.025256, 0.022133, 0.019477, 0.017257, 0.015448, 0.014027, 0.012978, 0.012287, 0.011943
0.013126, 0.013503, 0.014264, 0.015417, 0.016977, 0.018966, 0.021405, 0.024325, 0.027756, 0.031735, 0.036300, 0.041490, 0.047348, 0.053915, 0.061234, 0.069346, 0.078289, 0.088098, 0.098805, 0.110433, 0.123001, 0.136519, 0.150986, 0.166394, 0.182720, 0.199932, 0.217983, 0.236811, 0.256343, 0.276491, 0.297151, 0.318207, 0.339532, 0.360983, 0.382410, 0.403652, 0.424543, 0.444909, 0.464574, 0.483364, 0.501106, 0.517629, 0.532774, 0.546388, 0.558335, 0.568490, 0.576747, 0.583018, 0.587237, 0.589358, 0.589358, 0.587237, 0.583018, 0.576747, 0.568490, 0.558335, 0.546389, 0.532774, 0.517630, 0.501107, 0.483366, 0.464576, 0.444910, 0.424544, 0.403654, 0.382411, 0.360984, 0.339533, 0.318208, 0.297152, 0.276492, 0.256344, 0.236812, 0.217984, 0.199933, 0.182722, 0.166395, 0.150987, 0.136519, 0.123002, 0.110434, 0.098805, 0.088099, 0.078290, 0.069347, 0.061235, 0.053915, 0.047348, 0.041490, 0.036300, 0.031736, 0.027757, 0.024325, 0.021405, 0.018966, 0.016978, 0.015417, 0.014264, 0.013503, 0.013126
0.014366, 0.014779, 0.015611, 0.016873, 0.018581, 0.020757, 0.023427, 0.026623, 0.030378, 0.034733, 0.039728, 0.045409, 0.051820, 0.059007, 0.067018, 0.075896, 0.085683, 0.096419, 0.108136, 0.120863, 0.134617, 0.149411, 0.165245, 0.182108, 0.199976, 0.218813, 0.238568, 0.259174, 0.280551, 0.302601, 0.325212, 0.348257, 0.371595, 0.395071, 0.418522, 0.441770, 0.464633, 0.486921, 0.508444, 0.529008, 0.548424, 0.566508, 0.583083, 0.597983, 0.611057, 0.622171, 0.631207, 0.638071, 0.642688, 0.645009, 0.645009, 0.642689, 0.638071, 0.631208, 0.622172, 0.611058, 0.597984, 0.583084, 0.566509, 0.548426, 0.529009, 0.508445, 0.486923, 0.464634, 0.441771, 0.418523, 0.395073, 0.371596, 0.348258, 0.325213, 0.302602, 0.280552, 0.259176, 0.238569, 0.218814, 0.199977, 0.182109, 0.165246, 0.149412, 0.134618, 0.120863, 0.108137, 0.096420, 0.085684, 0.075896, 0.067018, 0.059008, 0.051820, 0.045409, 0.039729, 0.034733, 0.030379, 0.026623, 0.023427, 0.020757, 0.018581, 0.016873, 0.015611, 0.014779, 0.014366
0.015657, 0.016108, 0.017015, 0.018390, 0.020252, 0.022623, 0.025533, 0.029016, 0.033109, 0.037855, 0.043300, 0.049491, 0.056478, 0.064312, 0.073042, 0.082718, 0.093385, 0.105086, 0.117856, 0.131726, 0.146717, 0.162840, 0.180097, 0.198476, 0.217950, 0.238480, 0.260011, 0.282469, 0.305767, 0.329798, 0.354441, 0.379557, 0.404992, 0.430579, 0.456136, 0.481474, 0.506391, 0.530683, 0.554139, 0.576552, 0.597713, 0.617422, 0.635486, 0.651725, 0.665974, 0.678087, 0.687935, 0.695416, 0.700448, 0.702977, 0.702977, 0.700448, 0.695416, 0.687936, 0.678087, 0.665975, 0.651726, 0.635487, 0.617423, 0.597714, 0.576553, 0.554141, 0.530684, 0.506392, 0.481475, 0.456138, 0.430580, 0.404994, 0.379558, 0.354442, 0.329800, 0.305768, 0.282470, 0.260012, 0.238482, 0.217951, 0.198477, 0.180098, 0.162841, 0.146718, 0.131727, 0.117857, 0.105087, 0.093386, 0.082719, 0.073043, 0.064312, 0.056478, 0.049491, 0.043300, 0.037856, 0.033110, 0.029016, 0.025534, 0.022623, 0.020252, 0.018390, 0.017015, 0.016108, 0.015657
0.016994, 0.017483, 0.018467, 0.019960, 0.021981, 0.024555, 0.027713, 0.031493, 0.035936, 0.041087, 0.046996, 0.053715, 0.061299, 0.069801, 0.079276, 0.089778, 0.101355, 0.114055, 0.127915, 0.142969, 0.159238, 0.176738, 0.195467, 0.215414, 0.236550, 0.258832, 0.282200, 0.306574, 0.331860, 0.357942, 0.384688, 0.411947, 0.439552, 0.467322, 0.495060, 0.522559, 0.549603, 0.575967, 0.601425, 0.625750, 0.648717, 0.670107, 0.689712, 0.707337, 0.722803, 0.735948, 0.746637, 0.754756, 0.760217, 0.762962, 0.762963, 0.760217, 0.754756, 0.746638, 0.735949, 0.722803, 0.707338, 0.689713, 0.670108, 0.648718, 0.625752, 0.601427, 0.575969, 0.549605, 0.522561, 0.495062, 0.467324, 0.439554, 0.411948, 0.384689, 0.357944, 0.331862, 0.306576, 0.282201, 0.258833, 0.236551, 0.215415, 0.195468, 0.176739, 0.159239, 0.142969, 0.127916, 0.114055, 0.101356, 0.089779, 0.079277, 0.069801, 0.061299, 0.053716, 0.046996, 0.041087, 0.035936, 0.031493, 0.027713, 0.024555, 0.021981, 0.019960, 0.018467, 0.017483, 0.016994
0.018368, 0.018896, 0.019960, 0.021574, 0.023757, 0.026539, 0.029953, 0.034039, 0.038840, 0.044408, 0.050795, 0.058057, 0.066253, 0.075442, 0.085684, 0.097034, 0.109547, 0.123272, 0.138253, 0.154523, 0.172107, 0.191021, 0.211264, 0.232822, 0.255666, 0.279749, 0.305005, 0.331349, 0.358678, 0.386867, 0.415774, 0.445236, 0.475072, 0.505085, 0.535065, 0.564786, 0.594015, 0.622509, 0.650024, 0.676314, 0.701137, 0.724255, 0.745444, 0.764493, 0.781208, 0.795416, 0.806969, 0.815743, 0.821645, 0.824613, 0.824613, 0.821646, 0.815743, 0.806969, 0.795417, 0.781209, 0.764494, 0.745446, 0.724256, 0.701138, 0.676316, 0.650026, 0.622511, 0.594016, 0.564788, 0.535067, 0.505087, 0.475074, 0.445238, 0.415776, 0.386869, 0.358680, 0.331351, 0.305006, 0.279750, 0.255668, 0.232824, 0.211265, 0.191022, 0.172108, 0.154524, 0.138254, 0.123273, 0.109548, 0.097035, 0.085684, 0.075443, 0.066254, 0.058057, 0.050795, 0.044408, 0.038841, 0.034039, 0.029954, 0.026540, 0.023758, 0.021574, 0.019960, 0.018896, 0.018368
0.019770, 0.020339, 0.021484, 0.023220, 0.025571, 0.028565, 0.032239, 0.036637, 0.041805, 0.047797, 0.054671, 0.062488, 0.071309, 0.081200, 0.092222, 0.104439, 0.117907, 0.132679, 0.148802, 0.166313, 0.185240, 0.205597, 0.227384, 0.250587, 0.275174, 0.301094, 0.328277, 0.356631, 0.386045, 0.416385, 0.447497, 0.479206, 0.511319, 0.543622, 0.575888, 0.607877, 0.639335, 0.670003, 0.699617, 0.727913, 0.754629, 0.779511, 0.802317, 0.822819, 0.840809, 0.856101, 0.868534, 0.877978, 0.884331, 0.887525, 0.887525, 0.884331, 0.877979, 0.868535, 0.856102, 0.840810, 0.822820, 0.802318, 0.779512, 0.754630, 0.727915, 0.699619, 0.670005, 0.639337, 0.607879, 0.575890, 0.543624, 0.511321, 0.479208, 0.447499, 0.416387, 0.386047, 0.356633, 0.328279, 0.301096, 0.275176, 0.250589, 0.227385, 0.205598, 0.185241, 0.166314, 0.148803, 0.132680, 0.117908, 0.104439, 0.092223, 0.081200, 0.071310, 0.062488, 0.054672, 0.047797, 0.041805, 0.036637, 0.032240, 0.028565, 0.025571, 0.023220, 0.021484, 0.020339, 0.019770
0.021190, 0.021800, 0.023027, 0.024888, 0.027408, 0.030617, 0.034555, 0.039268, 0.044807, 0.051230, 0.058598, 0.066975, 0.076430, 0.087031, 0.098845, 0.111939, 0.126374, 0.142207, 0.159488, 0.178256, 0.198542, 0.220360, 0.243712, 0.268581, 0.294933, 0.322714, 0.351849, 0.382239, 0.413764, 0.446283, 0.479628, 0.513614, 0.548032, 0.582655, 0.617238, 0.651522, 0.685238, 0.718108, 0.749849, 0.780176, 0.808809, 0.835478, 0.859921, 0.881895, 0.901176, 0.917566, 0.930892, 0.941014, 0.947823, 0.951246, 0.951246, 0.947823, 0.941014, 0.930893, 0.917567, 0.901177, 0.881896, 0.859922, 0.835479, 0.808811, 0.780177, 0.749851, 0.718110, 0.685240, 0.651524, 0.617240, 0.582657, 0.548034, 0.513616, 0.479630, 0.446285, 0.413766, 0.382241, 0.351851, 0.322716, 0.294935, 0.268583, 0.243713, 0.220361, 0.198543, 0.178257, 0.159489, 0.142208, 0.126375, 0.111940, 0.098846, 0.087032, 0.076431, 0.066976, 0.058598, 0.051230, 0.044808, 0.039268, 0.034555, 0.030617, 0.027408, 0.024888, 0.023027, 0.021800, 0.021190
0.022617, 0.023268, 0.024578, 0.026564, 0.029254, 0.032679, 0.036882, 0.041913, 0.047825, 0.054680, 0.062544, 0.071485, 0.081577, 0.092891, 0.105501, 0.119476, 0.134883, 0.151781, 0.170226, 0.190258, 0.211909, 0.235196, 0.260120, 0.286663, 0.314790, 0.344441, 0.375536, 0.407972, 0.441620, 0.476327, 0.511917, 0.548191, 0.584925, 0.621878, 0.658789, 0.695381, 0.731368, 0.766450, 0.800326, 0.832695, 0.863256, 0.891719, 0.917807, 0.941260, 0.961839, 0.979332, 0.993555, 1.004358, 1.011625, 1.015279, 1.015279, 1.011626, 1.004359, 0.993556, 0.979333, 0.961840, 0.941261, 0.917809, 0.891720, 0.863257, 0.832697, 0.800328, 0.766452, 0.731370, 0.695384, 0.658791, 0.621880, 0.584927, 0.548193, 0.511919, 0.476329, 0.441622, 0.407974, 0.375538, 0.344443, 0.314792, 0.286665, 0.260121, 0.235198, 0.211910, 0.190259, 0.170227, 0.151783, 0.134884, 0.119477, 0.105502, 0.092892, 0.081578, 0.071486, 0.062544, 0.054680, 0.047825, 0.041913, 0.036883, 0.032679, 0.029254, 0.026565, 0.024578, 0.023268, 0.022617
0.024040, 0.024731, 0.026123, 0.028235, 0.031093, 0.034734, 0.039201, 0.044548, 0.050832, 0.058118, 0.066476, 0.075980, 0.086706, 0.098731, 0.112133, 0.126987, 0.143361, 0.161323, 0.180926, 0.202218, 0.225230, 0.249981, 0.276471, 0.304683, 0.334577, 0.366092, 0.399142, 0.433616, 0.469378, 0.506267, 0.544094, 0.582646, 0.621689, 0.660965, 0.700195, 0.739088, 0.777335, 0.814622, 0.850628, 0.885030, 0.917511, 0.947763, 0.975491, 1.000417, 1.022290, 1.040882, 1.055999, 1.067481, 1.075205, 1.079088, 1.079088, 1.075205, 1.067481, 1.056000, 1.040883, 1.022291, 1.000419, 0.975492, 0.947765, 0.917513, 0.885032, 0.850630, 0.814624, 0.777338, 0.739090, 0.700198, 0.660967, 0.621692, 0.582649, 0.544096, 0.506269, 0.469380, 0.433618, 0.399144, 0.366094, 0.334579, 0.304685, 0.276473, 0.249982, 0.225231, 0.202219, 0.180928, 0.161324, 0.143363, 0.126988, 0.112134, 0.098732, 0.086706, 0.075980, 0.066476, 0.058118, 0.050832, 0.044548, 0.039202, 0.034734, 0.031093, 0.028235, 0.026124, 0.024731, 0.024040
0.025445, 0.026176, 0.027650, 0.029885, 0.032910, 0.036763, 0.041492, 0.047151, 0.053802, 0.061513, 0.070360, 0.080419, 0.091771, 0.104499, 0.118684, 0.134404, 0.151736, 0.170746, 0.191495, 0.214030, 0.238386, 0.264582, 0.292619, 0.322479, 0.354119, 0.387474, 0.422454, 0.458941, 0.496792, 0.535835, 0.575870, 0.616675, 0.657997, 0.699566, 0.741088, 0.782251, 0.822732, 0.862196, 0.900304, 0.936715, 0.971093, 1.003111, 1.032458, 1.058840, 1.081990, 1.101667, 1.117667, 1.129819, 1.137994, 1.142104, 1.142104, 1.137994, 1.129820, 1.117668, 1.101668, 1.081991, 1.058841, 1.032459, 1.003113, 0.971095, 0.936717, 0.900306, 0.862199, 0.822734, 0.782253, 0.741090, 0.699569, 0.658000, 0.616677, 0.575873, 0.535837, 0.496794, 0.458943, 0.422456, 0.387476, 0.354121, 0.322481, 0.292621, 0.264584, 0.238387, 0.214031, 0.191496, 0.170747, 0.151737, 0.134406, 0.118685, 0.104500, 0.091772, 0.080419, 0.070360, 0.061514, 0.053802, 0.047151, 0.041492, 0.036764, 0.032910, 0.029885, 0.027650, 0.026176, 0.025445
0.026819, 0.027590, 0.029143, 0.031498, 0.034687, 0.038748, 0.043732, 0.049696, 0.056706, 0.064834, 0.074158, 0.084760, 0.096725, 0.110140, 0.125090, 0.141659, 0.159926, 0.179962, 0.201831, 0.225582, 0.251252, 0.278862, 0.308413, 0.339884, 0.373231, 0.408386, 0.445254, 0.483710, 0.523603, 0.564752, 0.606949, 0.649954, 0.693507, 0.737319, 0.781080, 0.824465, 0.867130, 0.908723, 0.948887, 0.987263, 1.023496, 1.057242, 1.088171, 1.115977, 1.140376, 1.161115, 1.177978, 1.190786, 1.199402, 1.203734, 1.203734, 1.199403, 1.190787, 1.177979, 1.161116, 1.140377, 1.115979, 1.088173, 1.057243, 1.023498, 0.987265, 0.948890, 0.908726, 0.867132, 0.824467, 0.781083, 0.737321, 0.693509, 0.649957, 0.606951, 0.564755, 0.523605, 0.483712, 0.445256, 0.408388, 0.373233, 0.339886, 0.308415, 0.278864, 0.251254, 0.225583, 0.201832, 0.179964, 0.159927, 0.141660, 0.125091, 0.110141, 0.096726, 0.084760, 0.074158, 0.064835, 0.056707, 0.049697, 0.043732, 0.038749, 0.034687, 0.031499, 0.029143, 0.027590, 0.026819
0.028148, 0.028958, 0.030588, 0.033060, 0.036406, 0.040669, 0.045900, 0.052160, 0.059517, 0.068048, 0.077833, 0.088961, 0.101519, 0.115598, 0.131289, 0.148679, 0.167851, 0.188880, 0.211832, 0.236760, 0.263703, 0.292681, 0.323695, 0.356725, 0.391725, 0.428621, 0.467315, 0.507676, 0.549546, 0.592734, 0.637020, 0.682157, 0.727867, 0.773849, 0.819778, 0.865312, 0.910090, 0.953744, 0.995897, 1.036174, 1.074201, 1.109619, 1.142081, 1.171264, 1.196871, 1.218638, 1.236336, 1.249778, 1.258821, 1.263367, 1.263367, 1.258822, 1.249779, 1.236337, 1.218639, 1.196873, 1.171266, 1.142083, 1.109621, 1.074204, 1.036176, 0.995900, 0.953747, 0.910093, 0.865314, 0.819781, 0.773851, 0.727869, 0.682159, 0.637023, 0.592736, 0.549548, 0.507679, 0.467317, 0.428624, 0.391727, 0.356727, 0.323697, 0.292683, 0.263704, 0.236762, 0.211834, 0.188882, 0.167852, 0.148680, 0.131290, 0.115599, 0.101519, 0.088961, 0.077834, 0.068048, 0.059517, 0.052160, 0.045900, 0.040669, 0.036407, 0.033060, 0.030588, 0.028958, 0.028148
0.029420, 0.030266, 0.031969, 0.034553, 0.038051, 0.042506, 0.047973, 0.054515, 0.062205, 0.071121, 0.081348, 0.092978, 0.106103, 0.120818, 0.137217, 0.155392, 0.175430, 0.197408, 0.221396, 0.247449, 0.275608, 0.305894, 0.338308, 0.372829, 0.409408, 0.447970, 0.488411, 0.530594, 0.574353, 0.619490, 0.665775, 0.712949, 0.760722, 0.808779, 0.856781, 0.904369, 0.951168, 0.996793, 1.040848, 1.082942, 1.122686, 1.159702, 1.193629, 1.224129, 1.250892, 1.273641, 1.292138, 1.306187, 1.315638, 1.320389, 1.320389, 1.315638, 1.306188, 1.292139, 1.273642, 1.250893, 1.224131, 1.193631, 1.159704, 1.122688, 1.082945, 1.040851, 0.996795, 0.951171, 0.904372, 0.856784, 0.808782, 0.760724, 0.712952, 0.665778, 0.619493, 0.574355, 0.530596, 0.488413, 0.447973, 0.409411, 0.372831, 0.338311, 0.305896, 0.275610, 0.247451, 0.221398, 0.197410, 0.175431, 0.155393, 0.137218, 0.120819, 0.106103, 0.092978, 0.081349, 0.071121, 0.062205, 0.054516, 0.047973, 0.042506, 0.038051, 0.034553, 0.031970, 0.030266, 0.029420
0.030619, 0.031500, 0.033273, 0.035962, 0.039602, 0.044239, 0.049929, 0.056738, 0.064741, 0.074020, 0.084664, 0.096768, 0.110428, 0.125742, 0.142810, 0.161726, 0.182580, 0.205454, 0.230420, 0.257535, 0.286841, 0.318361, 0.352096, 0.388023, 0.426093, 0.466226, 0.508314, 0.552216, 0.597758, 0.644734, 0.692905, 0.742000, 0.791719, 0.841734, 0.891692, 0.941219, 0.989925, 1.037407, 1.083258, 1.127066, 1.168429, 1.206954, 1.242263, 1.274005, 1.301858, 1.325534, 1.344785, 1.359406, 1.369242, 1.374187, 1.374187, 1.369242, 1.359406, 1.344786, 1.325536, 1.301860, 1.274007, 1.242265, 1.206956, 1.168432, 1.127069, 1.083260, 1.037410, 0.989928, 0.941222, 0.891695, 0.841737, 0.791722, 0.742003, 0.692908, 0.644737, 0.597761, 0.552218, 0.508317, 0.466229, 0.426095, 0.388026, 0.352098, 0.318363, 0.286842, 0.257536, 0.230421, 0.205456, 0.182581, 0.161727, 0.142811, 0.125743, 0.110428, 0.096769, 0.084665, 0.074021, 0.064741, 0.056738, 0.049929, 0.044239, 0.039603, 0.035962, 0.033273, 0.031500, 0.030619
