0.027827, 0.028661, 0.030341, 0.032890, 0.036344, 0.040749, 0.046163, 0.052653, 0.060295, 0.069172, 0.079378, 0.091006, 0.104159, 0.118939, 0.135446, 0.153783, 0.174043, 0.196314, 0.220674, 0.247187, 0.275902, 0.306848, 0.340033, 0.375442, 0.413031, 0.452727, 0.494427, 0.537995, 0.583263, 0.630025, 0.678045, 0.727054, 0.776749, 0.826801, 0.876854, 0.926529, 0.975429, 1.023146, 1.069264, 1.113364, 1.155032, 1.193865, 1.229480, 1.261513, 1.289634, 1.313547, 1.332997, 1.347773, 1.357715, 1.362713, 1.362713, 1.357715, 1.347774, 1.332998, 1.313549, 1.289636, 1.261515, 1.229482, 1.193867, 1.155034, 1.113366, 1.069267, 1.023149, 0.975432, 0.926531, 0.876857, 0.826804, 0.776752, 0.727057, 0.678048, 0.630028, 0.583265, 0.537998, 0.494430, 0.452730, 0.413033, 0.375445, 0.340036, 0.306850, 0.275904, 0.247189, 0.220676, 0.196316, 0.174044, 0.153784, 0.135448, 0.118940, 0.104160, 0.091007, 0.079378, 0.069173, 0.060295, 0.052653, 0.046164, 0.040750, 0.036344, 0.032890, 0.030341, 0.028661, 0.027827
0.028929, 0.029796, 0.031542, 0.034192, 0.037783, 0.042362, 0.047991, 0.054737, 0.062681, 0.071910, 0.082519, 0.094608, 0.108281, 0.123645, 0.140806, 0.159868, 0.180930, 0.204082, 0.229406, 0.256968, 0.286818, 0.318989, 0.353487, 0.390296, 0.429372, 0.470638, 0.513988, 0.559280, 0.606337, 0.654949, 0.704869, 0.755816, 0.807477, 0.859508, 0.911540, 0.963179, 1.014014, 1.063619, 1.111560, 1.157404, 1.200720, 1.241090, 1.278113, 1.311413, 1.340646, 1.365505, 1.385723, 1.401084, 1.411419, 1.416615, 1.416615, 1.411419, 1.401085, 1.385724, 1.365506, 1.340648, 1.311415, 1.278114, 1.241092, 1.200723, 1.157407, 1.111563, 1.063622, 1.014017, 0.963182, 0.911543, 0.859511, 0.807480, 0.755819, 0.704872, 0.654952, 0.606340, 0.559282, 0.513991, 0.470641, 0.429374, 0.390299, 0.353489, 0.318991, 0.286820, 0.256970, 0.229408, 0.204084, 0.180931, 0.159870, 0.140807, 0.123646, 0.108282, 0.094609, 0.082520, 0.071911, 0.062682, 0.054738, 0.047991, 0.042363, 0.037783, 0.034192, 0.031542, 0.029796, 0.028929
0.029946, 0.030843, 0.032651, 0.035394, 0.039111, 0.043851, 0.049677, 0.056661, 0.064884, 0.074437, 0.085418, 0.097932, 0.112085, 0.127989, 0.145753, 0.165484, 0.187286, 0.211251, 0.237464, 0.265994, 0.296893, 0.330193, 0.365903, 0.404004, 0.444452, 0.487167, 0.532039, 0.578921, 0.627631, 0.677950, 0.729622, 0.782358, 0.835833, 0.889691, 0.943550, 0.997002, 1.049621, 1.100967, 1.150592, 1.198045, 1.242882, 1.284669, 1.322992, 1.357461, 1.387720, 1.413452, 1.434380, 1.450281, 1.460977, 1.466357, 1.466357, 1.460978, 1.450281, 1.434381, 1.413453, 1.387722, 1.357463, 1.322994, 1.284671, 1.242884, 1.198048, 1.150595, 1.100970, 1.049624, 0.997005, 0.943553, 0.889694, 0.835836, 0.782361, 0.729625, 0.677953, 0.627634, 0.578924, 0.532042, 0.487170, 0.444455, 0.404007, 0.365905, 0.330195, 0.296895, 0.265996, 0.237466, 0.211253, 0.187287, 0.165486, 0.145754, 0.127990, 0.112086, 0.097933, 0.085419, 0.074437, 0.064884, 0.056661, 0.049677, 0.043851, 0.039111, 0.035394, 0.032651, 0.030843, 0.029946
0.030866, 0.031791, 0.033654, 0.036481, 0.040312, 0.045198, 0.051203, 0.058401, 0.066876, 0.076723, 0.088041, 0.100939, 0.115527, 0.131919, 0.150228, 0.170565, 0.193036, 0.217737, 0.244754, 0.274160, 0.306007, 0.340329, 0.377134, 0.416406, 0.458094, 0.502121, 0.548369, 0.596690, 0.646895, 0.698757, 0.752015, 0.806369, 0.861484, 0.916995, 0.972506, 1.027598, 1.081832, 1.134754, 1.185901, 1.234811, 1.281023, 1.324092, 1.363591, 1.399118, 1.430306, 1.456826, 1.478397, 1.494784, 1.505810, 1.511354, 1.511354, 1.505811, 1.494785, 1.478398, 1.456828, 1.430308, 1.399119, 1.363593, 1.324094, 1.281026, 1.234813, 1.185904, 1.134757, 1.081836, 1.027602, 0.972510, 0.916998, 0.861488, 0.806372, 0.752018, 0.698760, 0.646898, 0.596693, 0.548372, 0.502123, 0.458097, 0.416408, 0.377137, 0.340331, 0.306009, 0.274161, 0.244756, 0.217738, 0.193037, 0.170566, 0.150229, 0.131920, 0.115528, 0.100940, 0.088042, 0.076723, 0.066877, 0.058401, 0.051203, 0.045198, 0.040312, 0.036481, 0.033654, 0.031791, 0.030866
0.031678, 0.032627, 0.034539, 0.037441, 0.041372, 0.046387, 0.052550, 0.059937, 0.068635, 0.078740, 0.090356, 0.103593, 0.118564, 0.135387, 0.154178, 0.175050, 0.198111, 0.223461, 0.251188, 0.281367, 0.314051, 0.349275, 0.387047, 0.427351, 0.470135, 0.515318, 0.562782, 0.612372, 0.663896, 0.717121, 0.771778, 0.827560, 0.884123, 0.941093, 0.998062, 1.054602, 1.110260, 1.164572, 1.217063, 1.267257, 1.314684, 1.358884, 1.399421, 1.435881, 1.467888, 1.495106, 1.517243, 1.534061, 1.545377, 1.551066, 1.551066, 1.545377, 1.534062, 1.517244, 1.495107, 1.467890, 1.435883, 1.399423, 1.358887, 1.314686, 1.267260, 1.217066, 1.164575, 1.110263, 1.054605, 0.998066, 0.941096, 0.884127, 0.827564, 0.771782, 0.717124, 0.663899, 0.612375, 0.562785, 0.515321, 0.470138, 0.427353, 0.387050, 0.349277, 0.314053, 0.281369, 0.251190, 0.223463, 0.198112, 0.175051, 0.154179, 0.135388, 0.118565, 0.103594, 0.090357, 0.078741, 0.068636, 0.059937, 0.052550, 0.046387, 0.041373, 0.037441, 0.034539, 0.032627, 0.031678
0.032372, 0.033342, 0.035296, 0.038261, 0.042279, 0.047403, 0.053701, 0.061250, 0.070139, 0.080465, 0.092335, 0.105862, 0.121161, 0.138352, 0.157554, 0.178882, 0.202448, 0.228353, 0.256688, 0.287526, 0.320926, 0.356920, 0.395520, 0.436705, 0.480425, 0.526597, 0.575099, 0.625775, 0.678426, 0.732816, 0.788669, 0.845671, 0.903472, 0.961687, 1.019903, 1.077679, 1.134555, 1.190055, 1.243695, 1.294987, 1.343451, 1.388619, 1.430042, 1.467300, 1.500008, 1.527820, 1.550442, 1.567628, 1.579190, 1.585004, 1.585004, 1.579191, 1.567628, 1.550443, 1.527822, 1.500009, 1.467302, 1.430044, 1.388622, 1.343454, 1.294990, 1.243698, 1.190059, 1.134559, 1.077682, 1.019906, 0.961691, 0.903475, 0.845674, 0.788672, 0.732819, 0.678429, 0.625778, 0.575102, 0.526600, 0.480428, 0.436708, 0.395522, 0.356923, 0.320928, 0.287528, 0.256690, 0.228355, 0.202450, 0.178884, 0.157555, 0.138353, 0.121162, 0.105862, 0.092336, 0.080466, 0.070139, 0.061250, 0.053701, 0.047404, 0.042279, 0.038261, 0.035296, 0.033342, 0.032372
0.032940, 0.033927, 0.035915, 0.038932, 0.043020, 0.048234, 0.054642, 0.062323, 0.071368, 0.081875, 0.093953, 0.107716, 0.123283, 0.140776, 0.160314, 0.182016, 0.205994, 0.232353, 0.261183, 0.292562, 0.326546, 0.363170, 0.402445, 0.444351, 0.488837, 0.535816, 0.585168, 0.636730, 0.690302, 0.745644, 0.802475, 0.860474, 0.919286, 0.978520, 1.037754, 1.096542, 1.154413, 1.210885, 1.265463, 1.317653, 1.366965, 1.412923, 1.455070, 1.492980, 1.526260, 1.554560, 1.577577, 1.595063, 1.606828, 1.612743, 1.612743, 1.606828, 1.595064, 1.577578, 1.554561, 1.526261, 1.492983, 1.455073, 1.412925, 1.366968, 1.317656, 1.265466, 1.210888, 1.154417, 1.096545, 1.037758, 0.978524, 0.919290, 0.860478, 0.802478, 0.745648, 0.690306, 0.636733, 0.585171, 0.535819, 0.488840, 0.444354, 0.402448, 0.363173, 0.326548, 0.292564, 0.261185, 0.232355, 0.205996, 0.182017, 0.160315, 0.140777, 0.123284, 0.107717, 0.093954, 0.081876, 0.071368, 0.062324, 0.054643, 0.048235, 0.043020, 0.038932, 0.035915, 0.033927, 0.032940
0.033374, 0.034374, 0.036388, 0.039444, 0.043586, 0.048869, 0.055361, 0.063143, 0.072307, 0.082952, 0.095189, 0.109133, 0.124905, 0.142627, 0.162422, 0.184409, 0.208703, 0.235408, 0.264617, 0.296408, 0.330839, 0.367945, 0.407736, 0.450192, 0.495262, 0.542859, 0.592858, 0.645098, 0.699374, 0.755443, 0.813020, 0.871782, 0.931366, 0.991378, 1.051390, 1.110949, 1.169582, 1.226795, 1.282089, 1.334965, 1.384924, 1.431487, 1.474188, 1.512595, 1.546312, 1.574983, 1.598304, 1.616018, 1.627939, 1.633933, 1.633933, 1.627940, 1.616019, 1.598305, 1.574985, 1.546314, 1.512597, 1.474191, 1.431490, 1.384927, 1.334968, 1.282093, 1.226798, 1.169585, 1.110953, 1.051394, 0.991382, 0.931370, 0.871785, 0.813024, 0.755447, 0.699378, 0.645101, 0.592861, 0.542862, 0.495265, 0.450195, 0.407738, 0.367947, 0.330841, 0.296410, 0.264619, 0.235410, 0.208705, 0.184411, 0.162423, 0.142628, 0.124906, 0.109134, 0.095190, 0.082953, 0.072307, 0.063144, 0.055362, 0.048869, 0.043587, 0.039445, 0.036388, 0.034374, 0.033374
0.033668, 0.034677, 0.036709, 0.039792, 0.043971, 0.049300, 0.055849, 0.063700, 0.072944, 0.083683, 0.096027, 0.110094, 0.126005, 0.143883, 0.163852, 0.186033, 0.210540, 0.237480, 0.266946, 0.299016, 0.333749, 0.371181, 0.411322, 0.454152, 0.499618, 0.547633, 0.598072, 0.650771, 0.705524, 0.762086, 0.820169, 0.879447, 0.939555, 1.000094, 1.060633, 1.120718, 1.179866, 1.237582, 1.293362, 1.346701, 1.397100, 1.444071, 1.487150, 1.525895, 1.559908, 1.588831, 1.612354, 1.630226, 1.642250, 1.648296, 1.648296, 1.642251, 1.630227, 1.612356, 1.588833, 1.559910, 1.525898, 1.487153, 1.444074, 1.397103, 1.346704, 1.293365, 1.237586, 1.179869, 1.120722, 1.060637, 1.000098, 0.939559, 0.879451, 0.820172, 0.762089, 0.705528, 0.650774, 0.598075, 0.547636, 0.499621, 0.454154, 0.411325, 0.371184, 0.333752, 0.299018, 0.266948, 0.237482, 0.210542, 0.186034, 0.163853, 0.143884, 0.126006, 0.110095, 0.096028, 0.083683, 0.072944, 0.063700, 0.055850, 0.049300, 0.043971, 0.039792, 0.036709, 0.034677, 0.033668
0.033819, 0.034832, 0.036873, 0.039971, 0.044168, 0.049521, 0.056099, 0.063985, 0.073270, 0.084057, 0.096457, 0.110587, 0.126568, 0.144526, 0.164584, 0.186864, 0.211481, 0.238541, 0.268138, 0.300351, 0.335239, 0.372838, 0.413158, 0.456178, 0.501847, 0.550076, 0.600740, 0.653674, 0.708671, 0.765485, 0.823828, 0.883370, 0.943747, 1.004557, 1.065367, 1.125718, 1.185132, 1.243105, 1.299134, 1.352710, 1.403332, 1.450512, 1.493779, 1.532695, 1.566859, 1.595910, 1.619538, 1.637489, 1.649567, 1.655639, 1.655639, 1.649567, 1.637490, 1.619540, 1.595912, 1.566861, 1.532697, 1.493781, 1.450514, 1.403335, 1.352713, 1.299137, 1.243108, 1.185135, 1.125721, 1.065371, 1.004561, 0.943751, 0.883374, 0.823831, 0.765489, 0.708674, 0.653677, 0.600743, 0.550079, 0.501850, 0.456181, 0.413160, 0.372841, 0.335241, 0.300353, 0.268140, 0.238542, 0.211482, 0.186865, 0.164586, 0.144527, 0.126569, 0.110588, 0.096458, 0.084058, 0.073271, 0.063985, 0.056100, 0.049521, 0.044168, 0.039971, 0.036873, 0.034832, 0.033819
0.033825, 0.034838, 0.036879, 0.039977, 0.044175, 0.049529, 0.056108, 0.063995, 0.073282, 0.084070, 0.096472, 0.110604, 0.126588, 0.144548, 0.164609, 0.186892, 0.211512, 0.238576, 0.268177, 0.300395, 0.335288, 0.372893, 0.413218, 0.456244, 0.501919, 0.550155, 0.600826, 0.653767, 0.708773, 0.765594, 0.823945, 0.883497, 0.943885, 1.004705, 1.065522, 1.125882, 1.185300, 1.243280, 1.299316, 1.352899, 1.403528, 1.450712, 1.493985, 1.532906, 1.567074, 1.596129, 1.619760, 1.637713, 1.649792, 1.655865, 1.655865, 1.649793, 1.637714, 1.619761, 1.596130, 1.567076, 1.532908, 1.493987, 1.450715, 1.403531, 1.352903, 1.299319, 1.243283, 1.185304, 1.125885, 1.065526, 1.004708, 0.943888, 0.883501, 0.823949, 0.765598, 0.708776, 0.653770, 0.600829, 0.550158, 0.501922, 0.456247, 0.413220, 0.372895, 0.335290, 0.300397, 0.268179, 0.238578, 0.211514, 0.186894, 0.164611, 0.144549, 0.126589, 0.110605, 0.096473, 0.084071, 0.073282, 0.063996, 0.056109, 0.049529, 0.044175, 0.039977, 0.036879, 0.034838, 0.033825
0.033685, 0.034694, 0.036727, 0.039812, 0.043992, 0.049324, 0.055876, 0.063730, 0.072978, 0.083721, 0.096072, 0.110145, 0.126062, 0.143948, 0.163926, 0.186116, 0.210634, 0.237585, 0.267063, 0.299147, 0.333895, 0.371342, 0.411500, 0.454347, 0.499832, 0.547867, 0.598328, 0.651049, 0.705827, 0.762412, 0.820521, 0.879824, 0.939958, 1.000524, 1.061090, 1.121196, 1.180366, 1.238104, 1.293906, 1.347265, 1.397683, 1.444670, 1.487762, 1.526521, 1.560546, 1.589479, 1.613012, 1.630890, 1.642918, 1.648966, 1.648966, 1.642919, 1.630891, 1.613013, 1.589481, 1.560548, 1.526523, 1.487764, 1.444673, 1.397686, 1.347269, 1.293909, 1.238107, 1.180370, 1.121200, 1.061093, 1.000527, 0.939962, 0.879828, 0.820525, 0.762415, 0.705830, 0.651053, 0.598331, 0.547870, 0.499835, 0.454350, 0.411502, 0.371345, 0.333897, 0.299149, 0.267065, 0.237587, 0.210635, 0.186118, 0.163927, 0.143950, 0.126064, 0.110146, 0.096072, 0.083722, 0.072978, 0.063730, 0.055876, 0.049324, 0.043992, 0.039812, 0.036727, 0.034694, 0.033685
0.033401, 0.034402, 0.036417, 0.039476, 0.043621, 0.048908, 0.055405, 0.063192, 0.072362, 0.083015, 0.095261, 0.109216, 0.124999, 0.142734, 0.162543, 0.184546, 0.208856, 0.235580, 0.264809, 0.296621, 0.331076, 0.368207, 0.408025, 0.450511, 0.495612, 0.543242, 0.593277, 0.645552, 0.699868, 0.755974, 0.813591, 0.872392, 0.932017, 0.992070, 1.052123, 1.111722, 1.170392, 1.227641, 1.282970, 1.335879, 1.385869, 1.432459, 1.475186, 1.513617, 1.547354, 1.576043, 1.599376, 1.617103, 1.629030, 1.635026, 1.635026, 1.629030, 1.617104, 1.599377, 1.576044, 1.547356, 1.513619, 1.475188, 1.432461, 1.385872, 1.335882, 1.282973, 1.227644, 1.170395, 1.111725, 1.052126, 0.992074, 0.932021, 0.872396, 0.813594, 0.755978, 0.699871, 0.645556, 0.593280, 0.543245, 0.495615, 0.450514, 0.408028, 0.368209, 0.331078, 0.296623, 0.264811, 0.235581, 0.208858, 0.184547, 0.162544, 0.142735, 0.125000, 0.109217, 0.095262, 0.083016, 0.072363, 0.063193, 0.055405, 0.048908, 0.043622, 0.039477, 0.036418, 0.034402, 0.033401
0.032977, 0.033965, 0.035955, 0.038975, 0.043067, 0.048287, 0.054701, 0.062389, 0.071443, 0.081961, 0.094051, 0.107828, 0.123411, 0.140920, 0.160477, 0.182200, 0.206201, 0.232585, 0.261442, 0.292850, 0.326866, 0.363525, 0.402837, 0.444783, 0.489311, 0.536337, 0.585735, 0.637346, 0.690968, 0.746361, 0.803243, 0.861295, 0.920161, 0.979449, 1.038738, 1.097578, 1.155501, 1.212021, 1.266646, 1.318881, 1.368235, 1.414231, 1.456414, 1.494356, 1.527663, 1.555987, 1.579023, 1.596524, 1.608299, 1.614219, 1.614219, 1.608300, 1.596525, 1.579024, 1.555988, 1.527665, 1.494358, 1.456416, 1.414234, 1.368238, 1.318884, 1.266649, 1.212024, 1.155504, 1.097581, 1.038741, 0.979453, 0.920165, 0.861299, 0.803246, 0.746364, 0.690971, 0.637349, 0.585738, 0.536340, 0.489314, 0.444786, 0.402840, 0.363528, 0.326868, 0.292852, 0.261444, 0.232586, 0.206203, 0.182201, 0.160478, 0.140921, 0.123412, 0.107829, 0.094052, 0.081961, 0.071443, 0.062390, 0.054701, 0.048287, 0.043068, 0.038975, 0.035955, 0.033965, 0.032977
0.032418, 0.033389, 0.035345, 0.038314, 0.042337, 0.047468, 0.053773, 0.061331, 0.070231, 0.080570, 0.092456, 0.105999, 0.121317, 0.138529, 0.157754, 0.179108, 0.202702, 0.228638, 0.257006, 0.287880, 0.321319, 0.357356, 0.396001, 0.437235, 0.481008, 0.527235, 0.575794, 0.626528, 0.679239, 0.733691, 0.789607, 0.846673, 0.904539, 0.962820, 1.021101, 1.078942, 1.135880, 1.191441, 1.245138, 1.296485, 1.345001, 1.390216, 1.431682, 1.468979, 1.501721, 1.529563, 1.552208, 1.569412, 1.580987, 1.586806, 1.586807, 1.580987, 1.569413, 1.552210, 1.529565, 1.501723, 1.468981, 1.431685, 1.390219, 1.345003, 1.296488, 1.245141, 1.191444, 1.135884, 1.078945, 1.021105, 0.962824, 0.904543, 0.846677, 0.789611, 0.733694, 0.679243, 0.626531, 0.575798, 0.527238, 0.481011, 0.437238, 0.396003, 0.357358, 0.321321, 0.287882, 0.257007, 0.228640, 0.202704, 0.179110, 0.157755, 0.138530, 0.121318, 0.106000, 0.092456, 0.080571, 0.070232, 0.061332, 0.053774, 0.047468, 0.042337, 0.038314, 0.035345, 0.033389, 0.032418
0.031731, 0.032681, 0.034596, 0.037502, 0.041439, 0.046461, 0.052633, 0.060031, 0.068742, 0.078862, 0.090495, 0.103751, 0.118744, 0.135591, 0.154409, 0.175310, 0.198403, 0.223789, 0.251554, 0.281774, 0.314503, 0.349776, 0.387601, 0.427961, 0.470805, 0.516051, 0.563580, 0.613237, 0.664829, 0.718125, 0.772854, 0.828709, 0.885346, 0.942389, 0.999433, 1.056046, 1.111776, 1.166157, 1.218714, 1.268971, 1.316457, 1.360712, 1.401298, 1.437803, 1.469850, 1.497102, 1.519267, 1.536104, 1.547434, 1.553130, 1.553130, 1.547434, 1.536105, 1.519268, 1.497103, 1.469852, 1.437805, 1.401301, 1.360715, 1.316460, 1.268974, 1.218717, 1.166160, 1.111779, 1.056050, 0.999437, 0.942393, 0.885349, 0.828712, 0.772857, 0.718128, 0.664832, 0.613240, 0.563583, 0.516054, 0.470808, 0.427964, 0.387604, 0.349778, 0.314505, 0.281776, 0.251556, 0.223790, 0.198405, 0.175311, 0.154410, 0.135592, 0.118745, 0.103752, 0.090496, 0.078863, 0.068743, 0.060032, 0.052634, 0.046462, 0.041440, 0.037502, 0.034596, 0.032682, 0.031731
0.030924, 0.031851, 0.033717, 0.036549, 0.040386, 0.045280, 0.051295, 0.058505, 0.066994, 0.076857, 0.088194, 0.101113, 0.115725, 0.132143, 0.150482, 0.170851, 0.193357, 0.218097, 0.245156, 0.274606, 0.306503, 0.340878, 0.377741, 0.417075, 0.458829, 0.502923, 0.549242, 0.597635, 0.647914, 0.699854, 0.753190, 0.807623, 0.862819, 0.918410, 0.974002, 1.029173, 1.083486, 1.136482, 1.187701, 1.236679, 1.282956, 1.326084, 1.365638, 1.401214, 1.432445, 1.459002, 1.480602, 1.497012, 1.508053, 1.513604, 1.513604, 1.508054, 1.497013, 1.480604, 1.459004, 1.432447, 1.401216, 1.365640, 1.326087, 1.282959, 1.236682, 1.187705, 1.136485, 1.083489, 1.029177, 0.974005, 0.918413, 0.862822, 0.807626, 0.753193, 0.699857, 0.647917, 0.597638, 0.549245, 0.502926, 0.458831, 0.417077, 0.377744, 0.340880, 0.306505, 0.274608, 0.245158, 0.218098, 0.193358, 0.170852, 0.150483, 0.132144, 0.115726, 0.101114, 0.088195, 0.076858, 0.066995, 0.058505, 0.051295, 0.045281, 0.040386, 0.036549, 0.033717, 0.031851, 0.030924
0.030008, 0.030907, 0.032717, 0.035466, 0.039189, 0.043938, 0.049775, 0.056771, 0.065009, 0.074579, 0.085580, 0.098116, 0.112294, 0.128226, 0.146021, 0.165786, 0.187625, 0.211631, 0.237888, 0.266465, 0.297416, 0.330772, 0.366542, 0.404709, 0.445224, 0.488010, 0.532956, 0.579914, 0.628702, 0.679101, 0.730855, 0.783673, 0.837231, 0.891174, 0.945117, 0.998652, 1.051352, 1.102777, 1.152477, 1.200002, 1.244906, 1.286755, 1.325135, 1.359656, 1.389961, 1.415730, 1.436689, 1.452612, 1.463326, 1.468712, 1.468713, 1.463327, 1.452613, 1.436690, 1.415731, 1.389962, 1.359658, 1.325137, 1.286758, 1.244909, 1.200005, 1.152480, 1.102780, 1.051355, 0.998655, 0.945120, 0.891177, 0.837235, 0.783677, 0.730858, 0.679104, 0.628705, 0.579917, 0.532959, 0.488013, 0.445227, 0.404711, 0.366545, 0.330774, 0.297418, 0.266467, 0.237890, 0.211632, 0.187626, 0.165788, 0.146022, 0.128227, 0.112295, 0.098117, 0.085581, 0.074580, 0.065009, 0.056771, 0.049775, 0.043939, 0.039189, 0.035466, 0.032718, 0.030907, 0.030008
0.028993, 0.029861, 0.031611, 0.034266, 0.037863, 0.042452, 0.048091, 0.054850, 0.062809, 0.072056, 0.082685, 0.094796, 0.108495, 0.123887, 0.141080, 0.160176, 0.181276, 0.204469, 0.229837, 0.257448, 0.287351, 0.319578, 0.354138, 0.391012, 0.430156, 0.471493, 0.514917, 0.560285, 0.607421, 0.656114, 0.706116, 0.757146, 0.808891, 0.861007, 0.913123, 0.964846, 1.015762, 1.065446, 1.113463, 1.159379, 1.202762, 1.243195, 1.280275, 1.313627, 1.342905, 1.367803, 1.388052, 1.403436, 1.413787, 1.418991, 1.418991, 1.413787, 1.403437, 1.388053, 1.367804, 1.342907, 1.313629, 1.280277, 1.243197, 1.202765, 1.159382, 1.113466, 1.065449, 1.015765, 0.964849, 0.913127, 0.861010, 0.808894, 0.757149, 0.706119, 0.656117, 0.607424, 0.560288, 0.514920, 0.471496, 0.430158, 0.391015, 0.354140, 0.319580, 0.287353, 0.257449, 0.229839, 0.204471, 0.181277, 0.160177, 0.141081, 0.123888, 0.108496, 0.094797, 0.082685, 0.072056, 0.062810, 0.054851, 0.048091, 0.042452, 0.037864, 0.034266, 0.031611, 0.029861, 0.028993
0.027891, 0.028727, 0.030409, 0.032964, 0.036424, 0.040838, 0.046263, 0.052765, 0.060422, 0.069317, 0.079541, 0.091192, 0.104370, 0.119177, 0.135716, 0.154087, 0.174384, 0.196695, 0.221099, 0.247659, 0.276425, 0.307426, 0.340672, 0.376144, 0.413799, 0.453564, 0.495336, 0.538979, 0.584322, 0.631163, 0.679263, 0.728352, 0.778129, 0.828263, 0.878396, 0.928151, 0.977131, 1.024925, 1.071115, 1.115285, 1.157018, 1.195912, 1.231583, 1.263666, 1.291830, 1.315781, 1.335260, 1.350059, 1.360016, 1.365022, 1.365022, 1.360016, 1.350059, 1.335261, 1.315782, 1.291832, 1.263668, 1.231585, 1.195915, 1.157021, 1.115287, 1.071118, 1.024927, 0.977134, 0.928154, 0.878400, 0.828266, 0.778132, 0.728355, 0.679266, 0.631166, 0.584325, 0.538982, 0.495339, 0.453566, 0.413801, 0.376147, 0.340674, 0.307428, 0.276427, 0.247661, 0.221101, 0.196697, 0.174385, 0.154088, 0.135717, 0.119178, 0.104371, 0.091193, 0.079542, 0.069317, 0.060422, 0.052766, 0.046263, 0.040839, 0.036425, 0.032964, 0.030410, 0.028727, 0.027891
0.026715, 0.027515, 0.029127, 0.031573, 0.034888, 0.039116, 0.044312, 0.050540, 0.057873, 0.066393, 0.076186, 0.087346, 0.099968, 0.114150, 0.129991, 0.147587, 0.167028, 0.188398, 0.211772, 0.237212, 0.264764, 0.294457, 0.326300, 0.360275, 0.396341, 0.434428, 0.474437, 0.516238, 0.559668, 0.604532, 0.650603, 0.697620, 0.745296, 0.793314, 0.841332, 0.888987, 0.935900, 0.981677, 1.025918, 1.068224, 1.108196, 1.145449, 1.179613, 1.210342, 1.237318, 1.260258, 1.278915, 1.293089, 1.302626, 1.307421, 1.307421, 1.302626, 1.293090, 1.278916, 1.260259, 1.237320, 1.210344, 1.179615, 1.145451, 1.108198, 1.068226, 1.025921, 0.981679, 0.935903, 0.888990, 0.841335, 0.793317, 0.745299, 0.697623, 0.650606, 0.604535, 0.559671, 0.516241, 0.474440, 0.434430, 0.396343, 0.360277, 0.326302, 0.294459, 0.264766, 0.237213, 0.211773, 0.188399, 0.167029, 0.147588, 0.129992, 0.114151, 0.099969, 0.087347, 0.076187, 0.066394, 0.057874, 0.050540, 0.044312, 0.039116, 0.034889, 0.031574, 0.029127, 0.027515, 0.026715
0.025478, 0.026241, 0.027778, 0.030111, 0.033272, 0.037304, 0.042259, 0.048199, 0.055192, 0.063317, 0.072657, 0.083299, 0.095336, 0.108862, 0.123969, 0.140749, 0.159289, 0.179669, 0.201960, 0.226221, 0.252496, 0.280813, 0.311180, 0.343581, 0.377975, 0.414297, 0.452451, 0.492315, 0.533733, 0.576517, 0.620452, 0.665291, 0.710757, 0.756549, 0.802342, 0.847788, 0.892526, 0.936181, 0.978372, 1.018716, 1.056836, 1.092362, 1.124943, 1.154247, 1.179973, 1.201849, 1.219642, 1.233159, 1.242254, 1.246826, 1.246826, 1.242254, 1.233160, 1.219643, 1.201850, 1.179975, 1.154249, 1.124944, 1.092364, 1.056838, 1.018718, 0.978374, 0.936183, 0.892528, 0.847791, 0.802344, 0.756552, 0.710760, 0.665294, 0.620455, 0.576520, 0.533735, 0.492318, 0.452454, 0.414299, 0.377977, 0.343583, 0.311182, 0.280815, 0.252498, 0.226222, 0.201961, 0.179670, 0.159290, 0.140750, 0.123970, 0.108863, 0.095337, 0.083300, 0.072657, 0.063318, 0.055193, 0.048199, 0.042260, 0.037304, 0.033272, 0.030111, 0.027778, 0.026241, 0.025478
0.024192, 0.024917, 0.026376, 0.028592, 0.031593, 0.035422, 0.040127, 0.045767, 0.052407, 0.060122, 0.068990, 0.079096, 0.090525, 0.103368, 0.117713, 0.133646, 0.151250, 0.170601, 0.191767, 0.214804, 0.239753, 0.266641, 0.295474, 0.326240, 0.358897, 0.393385, 0.429614, 0.467466, 0.506792, 0.547417, 0.589134, 0.631709, 0.674880, 0.718361, 0.761841, 0.804993, 0.847472, 0.888923, 0.928984, 0.967292, 1.003487, 1.037220, 1.068156, 1.095981, 1.120408, 1.141179, 1.158074, 1.170909, 1.179544, 1.183886, 1.183886, 1.179544, 1.170909, 1.158075, 1.141181, 1.120409, 1.095983, 1.068157, 1.037221, 1.003489, 0.967294, 0.928987, 0.888926, 0.847475, 0.804996, 0.761844, 0.718363, 0.674883, 0.631712, 0.589137, 0.547419, 0.506795, 0.467468, 0.429617, 0.393388, 0.358899, 0.326242, 0.295476, 0.266642, 0.239754, 0.214805, 0.191768, 0.170603, 0.151251, 0.133647, 0.117714, 0.103369, 0.090526, 0.079096, 0.068991, 0.060123, 0.052408, 0.045767, 0.040127, 0.035422, 0.031594, 0.028592, 0.026376, 0.024917, 0.024192
0.022872, 0.023557, 0.024937, 0.027031, 0.029869, 0.033489, 0.037937, 0.043269, 0.049547, 0.056841, 0.065225, 0.074779, 0.085584, 0.097726, 0.111287, 0.126351, 0.142994, 0.161289, 0.181299, 0.203078, 0.226665, 0.252084, 0.279344, 0.308429, 0.339304, 0.371910, 0.406160, 0.441945, 0.479124, 0.517531, 0.556970, 0.597221, 0.638035, 0.679141, 0.720247, 0.761043, 0.801203, 0.840390, 0.878264, 0.914479, 0.948698, 0.980589, 1.009836, 1.036142, 1.059235, 1.078873, 1.094844, 1.106978, 1.115142, 1.119246, 1.119247, 1.115142, 1.106979, 1.094845, 1.078874, 1.059237, 1.036143, 1.009837, 0.980591, 0.948700, 0.914482, 0.878266, 0.840393, 0.801205, 0.761046, 0.720250, 0.679144, 0.638037, 0.597223, 0.556973, 0.517533, 0.479127, 0.441947, 0.406163, 0.371912, 0.339306, 0.308431, 0.279345, 0.252086, 0.226666, 0.203079, 0.181300, 0.161290, 0.142995, 0.126352, 0.111288, 0.097727, 0.085585, 0.074779, 0.065225, 0.056841, 0.049548, 0.043269, 0.037937, 0.033489, 0.029869, 0.027032, 0.024937, 0.023557, 0.022872
0.021530, 0.022175, 0.023474, 0.025445, 0.028117, 0.031524, 0.035711, 0.040730, 0.046640, 0.053505, 0.061397, 0.070390, 0.080562, 0.091991, 0.104756, 0.118935, 0.134602, 0.151823, 0.170659, 0.191159, 0.213361, 0.237289, 0.262948, 0.290326, 0.319389, 0.350080, 0.382320, 0.416004, 0.451001, 0.487153, 0.524277, 0.562165, 0.600583, 0.639276, 0.677969, 0.716369, 0.754172, 0.791059, 0.826709, 0.860798, 0.893008, 0.923026, 0.950556, 0.975318, 0.997056, 1.015540, 1.030574, 1.041996, 1.049681, 1.053544, 1.053544, 1.049681, 1.041997, 1.030575, 1.015541, 0.997057, 0.975320, 0.950558, 0.923028, 0.893010, 0.860800, 0.826711, 0.791062, 0.754175, 0.716372, 0.677971, 0.639279, 0.600585, 0.562167, 0.524280, 0.487155, 0.451003, 0.416006, 0.382322, 0.350082, 0.319391, 0.290327, 0.262949, 0.237290, 0.213363, 0.191160, 0.170660, 0.151824, 0.134603, 0.118936, 0.104757, 0.091991, 0.080562, 0.070391, 0.061398, 0.053506, 0.046640, 0.040730, 0.035711, 0.031524, 0.028117, 0.025445, 0.023474, 0.022175, 0.021530
0.020179, 0.020783, 0.022000, 0.023848, 0.026352, 0.029545, 0.033469, 0.038173, 0.043712, 0.050147, 0.057543, 0.065972, 0.075505, 0.086216, 0.098180, 0.111469, 0.126152, 0.142292, 0.159945, 0.179158, 0.199966, 0.222391, 0.246439, 0.272098, 0.299336, 0.328101, 0.358316, 0.389885, 0.422685, 0.456567, 0.491360, 0.526868, 0.562874, 0.599137, 0.635401, 0.671390, 0.706819, 0.741389, 0.774801, 0.806750, 0.836937, 0.865070, 0.890871, 0.914078, 0.934450, 0.951774, 0.965864, 0.976569, 0.983771, 0.987392, 0.987392, 0.983771, 0.976569, 0.965865, 0.951775, 0.934452, 0.914079, 0.890873, 0.865072, 0.836938, 0.806752, 0.774803, 0.741392, 0.706821, 0.671393, 0.635403, 0.599140, 0.562876, 0.526870, 0.491362, 0.456569, 0.422687, 0.389887, 0.358318, 0.328102, 0.299338, 0.272100, 0.246441, 0.222393, 0.199968, 0.179159, 0.159946, 0.142293, 0.126153, 0.111470, 0.098181, 0.086217, 0.075505, 0.065972, 0.057544, 0.050147, 0.043712, 0.038174, 0.033470, 0.029545, 0.026352, 0.023848, 0.022001, 0.020783, 0.020179
0.018830, 0.019394, 0.020530, 0.022254, 0.024590, 0.027570, 0.031232, 0.035622, 0.040790, 0.046795, 0.053697, 0.061562, 0.070457, 0.080453, 0.091617, 0.104017, 0.117718, 0.132779, 0.149252, 0.167181, 0.186598, 0.207524, 0.229963, 0.253906, 0.279324, 0.306165, 0.334361, 0.363819, 0.394425, 0.426041, 0.458508, 0.491642, 0.525240, 0.559079, 0.592918, 0.626501, 0.659560, 0.691819, 0.722996, 0.752809, 0.780977, 0.807230, 0.831305, 0.852960, 0.871970, 0.888136, 0.901284, 0.911272, 0.917993, 0.921372, 0.921372, 0.917993, 0.911273, 0.901284, 0.888137, 0.871972, 0.852962, 0.831307, 0.807231, 0.780979, 0.752811, 0.722998, 0.691821, 0.659562, 0.626503, 0.592920, 0.559081, 0.525242, 0.491644, 0.458510, 0.426043, 0.394427, 0.363821, 0.334362, 0.306167, 0.279325, 0.253908, 0.229965, 0.207525, 0.186599, 0.167182, 0.149253, 0.132780, 0.117719, 0.104018, 0.091618, 0.080453, 0.070458, 0.061562, 0.053697, 0.046795, 0.040790, 0.035622, 0.031232, 0.027570, 0.024591, 0.022254, 0.020530, 0.019394, 0.018830
0.017495, 0.018019, 0.019075, 0.020676, 0.022847, 0.025616, 0.029018, 0.033096, 0.037898, 0.043477, 0.049889, 0.057197, 0.065461, 0.074748, 0.085121, 0.096642, 0.109371, 0.123364, 0.138669, 0.155326, 0.173366, 0.192808, 0.213656, 0.235901, 0.259515, 0.284454, 0.310649, 0.338018, 0.366454, 0.395828, 0.425992, 0.456776, 0.487991, 0.519430, 0.550869, 0.582070, 0.612785, 0.642756, 0.671722, 0.699420, 0.725591, 0.749981, 0.772349, 0.792468, 0.810130, 0.825149, 0.837364, 0.846644, 0.852888, 0.856027, 0.856028, 0.852889, 0.846645, 0.837365, 0.825149, 0.810131, 0.792469, 0.772351, 0.749983, 0.725592, 0.699422, 0.671724, 0.642758, 0.612787, 0.582072, 0.550871, 0.519432, 0.487993, 0.456778, 0.425994, 0.395830, 0.366455, 0.338020, 0.310651, 0.284455, 0.259517, 0.235902, 0.213657, 0.192809, 0.173367, 0.155327, 0.138670, 0.123365, 0.109372, 0.096643, 0.085121, 0.074749, 0.065462, 0.057197, 0.049890, 0.043477, 0.037898, 0.033096, 0.029018, 0.025616, 0.022847, 0.020677, 0.019075, 0.018019, 0.017495
0.016184, 0.016669, 0.017645, 0.019127, 0.021135, 0.023696, 0.026843, 0.030616, 0.035058, 0.040218, 0.046150, 0.052910, 0.060555, 0.069146, 0.078741, 0.089398, 0.101174, 0.114118, 0.128275, 0.143684, 0.160371, 0.178356, 0.197641, 0.218219, 0.240062, 0.263131, 0.287364, 0.312681, 0.338985, 0.366157, 0.394060, 0.422536, 0.451411, 0.480494, 0.509576, 0.538438, 0.566850, 0.594574, 0.621368, 0.646990, 0.671199, 0.693761, 0.714452, 0.733063, 0.749400, 0.763293, 0.774593, 0.783177, 0.788953, 0.791857, 0.791857, 0.788953, 0.783178, 0.774593, 0.763294, 0.749401, 0.733064, 0.714453, 0.693762, 0.671201, 0.646992, 0.621370, 0.594576, 0.566851, 0.538440, 0.509577, 0.480495, 0.451413, 0.422538, 0.394062, 0.366159, 0.338987, 0.312683, 0.287365, 0.263133, 0.240064, 0.218220, 0.197643, 0.178357, 0.160373, 0.143685, 0.128276, 0.114119, 0.101175, 0.089399, 0.078741, 0.069146, 0.060556, 0.052910, 0.046151, 0.040219, 0.035058, 0.030616, 0.026843, 0.023696, 0.021135, 0.019127, 0.017645, 0.016669, 0.016184
0.014906, 0.015352, 0.016252, 0.017617, 0.019466, 0.021825, 0.024723, 0.028198, 0.032289, 0.037042, 0.042506, 0.048731, 0.055773, 0.063685, 0.072522, 0.082338, 0.093183, 0.105105, 0.118144, 0.132335, 0.147705, 0.164269, 0.182031, 0.200983, 0.221101, 0.242347, 0.264666, 0.287984, 0.312210, 0.337236, 0.362934, 0.389161, 0.415756, 0.442540, 0.469325, 0.495908, 0.522075, 0.547609, 0.572287, 0.595885, 0.618181, 0.638961, 0.658018, 0.675158, 0.690206, 0.703001, 0.713408, 0.721314, 0.726634, 0.729308, 0.729308, 0.726634, 0.721314, 0.713408, 0.703001, 0.690206, 0.675159, 0.658019, 0.638962, 0.618183, 0.595886, 0.572289, 0.547611, 0.522077, 0.495909, 0.469327, 0.442542, 0.415757, 0.389163, 0.362936, 0.337237, 0.312211, 0.287985, 0.264667, 0.242349, 0.221102, 0.200984, 0.182032, 0.164270, 0.147706, 0.132336, 0.118145, 0.105106, 0.093184, 0.082339, 0.072523, 0.063685, 0.055773, 0.048732, 0.042506, 0.037043, 0.032289, 0.028198, 0.024724, 0.021825, 0.019466, 0.017617, 0.016252, 0.015352, 0.014906
0.013669, 0.014079, 0.014903, 0.016155, 0.017851, 0.020014, 0.022672, 0.025858, 0.029610, 0.033968, 0.038978, 0.044687, 0.051144, 0.058400, 0.066504, 0.075505, 0.085450, 0.096382, 0.108339, 0.121353, 0.135447, 0.150635, 0.166923, 0.184302, 0.202750, 0.222233, 0.242699, 0.264082, 0.286297, 0.309246, 0.332811, 0.356861, 0.381248, 0.405810, 0.430371, 0.454747, 0.478743, 0.502157, 0.524787, 0.546426, 0.566872, 0.585926, 0.603401, 0.619119, 0.632917, 0.644650, 0.654193, 0.661443, 0.666321, 0.668774, 0.668774, 0.666322, 0.661444, 0.654194, 0.644651, 0.632918, 0.619120, 0.603402, 0.585928, 0.566873, 0.546427, 0.524788, 0.502159, 0.478744, 0.454748, 0.430373, 0.405811, 0.381250, 0.356863, 0.332813, 0.309247, 0.286298, 0.264083, 0.242700, 0.222234, 0.202752, 0.184303, 0.166924, 0.150636, 0.135447, 0.121353, 0.108340, 0.096383, 0.085451, 0.075505, 0.066504, 0.058400, 0.051145, 0.044688, 0.038979, 0.033969, 0.029610, 0.025858, 0.022672, 0.020014, 0.017851, 0.016155, 0.014903, 0.014079, 0.013669
0.012480, 0.012854, 0.013607, 0.014750, 0.016298, 0.018273, 0.020700, 0.023609, 0.027034, 0.031014, 0.035588, 0.040800, 0.046696, 0.053320, 0.060719, 0.068937, 0.078017, 0.087998, 0.098915, 0.110796, 0.123664, 0.137531, 0.152402, 0.168269, 0.185112, 0.202900, 0.221585, 0.241107, 0.261390, 0.282342, 0.303858, 0.325816, 0.348081, 0.370506, 0.392930, 0.415185, 0.437093, 0.458471, 0.479131, 0.498888, 0.517555, 0.534952, 0.550906, 0.565257, 0.577854, 0.588567, 0.597279, 0.603899, 0.608352, 0.610591, 0.610591, 0.608352, 0.603899, 0.597280, 0.588567, 0.577855, 0.565258, 0.550907, 0.534953, 0.517556, 0.498889, 0.479133, 0.458472, 0.437095, 0.415187, 0.392932, 0.370507, 0.348082, 0.325817, 0.303859, 0.282344, 0.261391, 0.241108, 0.221586, 0.202901, 0.185113, 0.168270, 0.152403, 0.137532, 0.123665, 0.110797, 0.098915, 0.087998, 0.078017, 0.068937, 0.060719, 0.053320, 0.046696, 0.040801, 0.035588, 0.031014, 0.027034, 0.023609, 0.020700, 0.018273, 0.016298, 0.014750, 0.013607, 0.012854, 0.012480
0.011345, 0.011685, 0.012369, 0.013408, 0.014816, 0.016611, 0.018817, 0.021461, 0.024575, 0.028192, 0.032351, 0.037089, 0.042448, 0.048469, 0.055195, 0.062666, 0.070920, 0.079993, 0.089916, 0.100717, 0.112414, 0.125020, 0.138538, 0.152961, 0.168272, 0.184441, 0.201426, 0.219172, 0.237609, 0.256655, 0.276214, 0.296174, 0.316413, 0.336798, 0.357182, 0.377412, 0.397327, 0.416760, 0.435540, 0.453499, 0.470468, 0.486282, 0.500785, 0.513830, 0.525281, 0.535019, 0.542939, 0.548956, 0.553004, 0.555039, 0.555040, 0.553004, 0.548956, 0.542939, 0.535019, 0.525282, 0.513830, 0.500786, 0.486283, 0.470469, 0.453500, 0.435542, 0.416761, 0.397328, 0.377414, 0.357183, 0.336799, 0.316415, 0.296175, 0.276215, 0.256656, 0.237610, 0.219173, 0.201427, 0.184442, 0.168273, 0.152962, 0.138539, 0.125021, 0.112415, 0.100718, 0.089917, 0.079993, 0.070920, 0.062666, 0.055196, 0.048470, 0.042448, 0.037089, 0.032351, 0.028193, 0.024575, 0.021462, 0.018817, 0.016611, 0.014816, 0.013408, 0.012369, 0.011685, 0.011345
0.010268, 0.010576, 0.011195, 0.012135, 0.013409, 0.015034, 0.017031, 0.019424, 0.022242, 0.025516, 0.029280, 0.033568, 0.038418, 0.043868, 0.049955, 0.056717, 0.064187, 0.072399, 0.081380, 0.091155, 0.101742, 0.113151, 0.125385, 0.138439, 0.152296, 0.166930, 0.182302, 0.198363, 0.215049, 0.232287, 0.249988, 0.268054, 0.286372, 0.304821, 0.323270, 0.341579, 0.359603, 0.377190, 0.394188, 0.410442, 0.425799, 0.440111, 0.453237, 0.465044, 0.475408, 0.484221, 0.491389, 0.496835, 0.500499, 0.502341, 0.502341, 0.500499, 0.496835, 0.491389, 0.484221, 0.475408, 0.465044, 0.453238, 0.440112, 0.425800, 0.410443, 0.394189, 0.377191, 0.359604, 0.341580, 0.323271, 0.304822, 0.286373, 0.268055, 0.249989, 0.232288, 0.215051, 0.198364, 0.182303, 0.166931, 0.152297, 0.138440, 0.125386, 0.113151, 0.101742, 0.091156, 0.081381, 0.072399, 0.064187, 0.056717, 0.049956, 0.043868, 0.038419, 0.033568, 0.029280, 0.025516, 0.022242, 0.019424, 0.017031, 0.015034, 0.013409, 0.012135, 0.011195, 0.010576, 0.010268
0.009253, 0.009530, 0.010088, 0.010935, 0.012083, 0.013547, 0.015347, 0.017503, 0.020043, 0.022993, 0.026384, 0.030249, 0.034619, 0.039530, 0.045016, 0.051108, 0.057840, 0.065239, 0.073333, 0.082141, 0.091681, 0.101961, 0.112986, 0.124749, 0.137235, 0.150422, 0.164274, 0.178746, 0.193782, 0.209315, 0.225266, 0.241544, 0.258051, 0.274676, 0.291300, 0.307799, 0.324040, 0.339888, 0.355205, 0.369851, 0.383689, 0.396586, 0.408414, 0.419053, 0.428392, 0.436333, 0.442792, 0.447699, 0.451001, 0.452661, 0.452661, 0.451001, 0.447700, 0.442793, 0.436334, 0.428392, 0.419053, 0.408415, 0.396587, 0.383690, 0.369852, 0.355206, 0.339889, 0.324041, 0.307800, 0.291301, 0.274677, 0.258052, 0.241545, 0.225267, 0.209316, 0.193783, 0.178747, 0.164275, 0.150423, 0.137236, 0.124749, 0.112987, 0.101962, 0.091681, 0.082142, 0.073333, 0.065240, 0.057840, 0.051109, 0.045016, 0.039531, 0.034620, 0.030249, 0.026385, 0.022993, 0.020043, 0.017504, 0.015347, 0.013548, 0.012083, 0.010936, 0.010088, 0.009530, 0.009253
0.008302, 0.008550, 0.009051, 0.009811, 0.010841, 0.012155, 0.013769, 0.015704, 0.017982, 0.020629, 0.023672, 0.027139, 0.031060, 0.035466, 0.040387, 0.045853, 0.051893, 0.058531, 0.065792, 0.073695, 0.082254, 0.091477, 0.101368, 0.111921, 0.123124, 0.134955, 0.147382, 0.160366, 0.173856, 0.187792, 0.202102, 0.216706, 0.231515, 0.246430, 0.261345, 0.276147, 0.290719, 0.304938, 0.318679, 0.331819, 0.344234, 0.355805, 0.366417, 0.375961, 0.384340, 0.391465, 0.397260, 0.401662, 0.404624, 0.406113, 0.406113, 0.404624, 0.401662, 0.397260, 0.391465, 0.384340, 0.375962, 0.366417, 0.355806, 0.344235, 0.331820, 0.318680, 0.304939, 0.290720, 0.276148, 0.261346, 0.246431, 0.231516, 0.216707, 0.202103, 0.187793, 0.173857, 0.160367, 0.147383, 0.134955, 0.123125, 0.111922, 0.101369, 0.091478, 0.082254, 0.073696, 0.065793, 0.058532, 0.051893, 0.045854, 0.040387, 0.035466, 0.031060, 0.027139, 0.023672, 0.020629, 0.017982, 0.015704, 0.013769, 0.012155, 0.010841, 0.009811, 0.009051, 0.008550, 0.008302
0.007416, 0.007638, 0.008085, 0.008764, 0.009684, 0.010857, 0.012299, 0.014028, 0.016063, 0.018427, 0.021145, 0.024242, 0.027745, 0.031680, 0.036076, 0.040959, 0.046354, 0.052284, 0.058770, 0.065829, 0.073474, 0.081713, 0.090548, 0.099975, 0.109982, 0.120549, 0.131650, 0.143248, 0.155298, 0.167746, 0.180528, 0.193574, 0.206802, 0.220124, 0.233447, 0.246669, 0.259685, 0.272386, 0.284660, 0.296398, 0.307488, 0.317824, 0.327302, 0.335828, 0.343312, 0.349676, 0.354853, 0.358785, 0.361431, 0.362761, 0.362761, 0.361431, 0.358786, 0.354853, 0.349677, 0.343313, 0.335829, 0.327303, 0.317824, 0.307489, 0.296399, 0.284661, 0.272387, 0.259685, 0.246670, 0.233448, 0.220125, 0.206802, 0.193574, 0.180529, 0.167747, 0.155299, 0.143249, 0.131651, 0.120550, 0.109982, 0.099975, 0.090549, 0.081714, 0.073475, 0.065829, 0.058770, 0.052284, 0.046354, 0.040959, 0.036077, 0.031681, 0.027745, 0.024242, 0.021145, 0.018427, 0.016063, 0.014028, 0.012299, 0.010857, 0.009684, 0.008764, 0.008085, 0.007638, 0.007416
0.006595, 0.006793, 0.007191, 0.007795, 0.008613, 0.009656, 0.010939, 0.012476, 0.014286, 0.016389, 0.018806, 0.021560, 0.024675, 0.028175, 0.032085, 0.036427, 0.041225, 0.046499, 0.052268, 0.058546, 0.065345, 0.072672, 0.080530, 0.088913, 0.097813, 0.107211, 0.117084, 0.127399, 0.138115, 0.149186, 0.160554, 0.172155, 0.183920, 0.195768, 0.207617, 0.219376, 0.230951, 0.242246, 0.253163, 0.263601, 0.273464, 0.282656, 0.291087, 0.298669, 0.305325, 0.310985, 0.315589, 0.319086, 0.321439, 0.322622, 0.322622, 0.321439, 0.319086, 0.315589, 0.310986, 0.305325, 0.298669, 0.291087, 0.282657, 0.273465, 0.263602, 0.253163, 0.242247, 0.230952, 0.219376, 0.207617, 0.195769, 0.183920, 0.172156, 0.160554, 0.149186, 0.138116, 0.127399, 0.117084, 0.107212, 0.097813, 0.088914, 0.080530, 0.072673, 0.065345, 0.058546, 0.052268, 0.046500, 0.041226, 0.036428, 0.032085, 0.028176, 0.024675, 0.021560, 0.018806, 0.016389, 0.014286, 0.012476, 0.010939, 0.009656, 0.008613, 0.007795, 0.007191, 0.006793, 0.006595
0.005840, 0.006015, 0.006367, 0.006902, 0.007626, 0.008550, 0.009686, 0.011047, 0.012650, 0.014512, 0.016652, 0.019091, 0.021849, 0.024949, 0.028411, 0.032256, 0.036504, 0.041174, 0.046282, 0.051841, 0.057861, 0.064350, 0.071307, 0.078731, 0.086611, 0.094933, 0.103675, 0.112808, 0.122298, 0.132100, 0.142166, 0.152439, 0.162856, 0.173347, 0.183839, 0.194251, 0.204500, 0.214502, 0.224168, 0.233411, 0.242144, 0.250283, 0.257748, 0.264461, 0.270355, 0.275368, 0.279444, 0.282541, 0.284625, 0.285672, 0.285672, 0.284625, 0.282541, 0.279444, 0.275368, 0.270356, 0.264462, 0.257748, 0.250284, 0.242145, 0.233412, 0.224169, 0.214503, 0.204501, 0.194251, 0.183839, 0.173348, 0.162856, 0.152440, 0.142167, 0.132101, 0.122298, 0.112809, 0.103675, 0.094933, 0.086611, 0.078731, 0.071308, 0.064350, 0.057862, 0.051841, 0.046282, 0.041174, 0.036504, 0.032256, 0.028411, 0.024949, 0.021850, 0.019091, 0.016652, 0.014512, 0.012650, 0.011047, 0.009686, 0.008551, 0.007626, 0.006902, 0.006367, 0.006015, 0.005840
0.005149, 0.005303, 0.005614, 0.006085, 0.006724, 0.007538, 0.008539, 0.009739, 0.011152, 0.012794, 0.014681, 0.016831, 0.019263, 0.021995, 0.025047, 0.028437, 0.032183, 0.036300, 0.040803, 0.045704, 0.051012, 0.056732, 0.062866, 0.069410, 0.076358, 0.083694, 0.091401, 0.099453, 0.107819, 0.116461, 0.125335, 0.134392, 0.143576, 0.152825, 0.162074, 0.171254, 0.180290, 0.189107, 0.197629, 0.205778, 0.213477, 0.220652, 0.227233, 0.233152, 0.238348, 0.242766, 0.246360, 0.249090, 0.250927, 0.251850, 0.251850, 0.250927, 0.249090, 0.246360, 0.242766, 0.238348, 0.233152, 0.227233, 0.220653, 0.213477, 0.205778, 0.197629, 0.189108, 0.180290, 0.171254, 0.162075, 0.152826, 0.143576, 0.134393, 0.125336, 0.116462, 0.107820, 0.099454, 0.091402, 0.083695, 0.076358, 0.069411, 0.062866, 0.056732, 0.051012, 0.045704, 0.040803, 0.036300, 0.032183, 0.028438, 0.025048, 0.021996, 0.019263, 0.016831, 0.014681, 0.012794, 0.011153, 0.009740, 0.008540, 0.007538, 0.006724, 0.006085, 0.005614, 0.005303, 0.005149
0.004520, 0.004655, 0.004928, 0.005341, 0.005902, 0.006617, 0.007496, 0.008549, 0.009790, 0.011230, 0.012887, 0.014774, 0.016909, 0.019307, 0.021986, 0.024962, 0.028249, 0.031863, 0.035816, 0.040118, 0.044777, 0.049798, 0.055182, 0.060927, 0.067025, 0.073465, 0.080230, 0.087298, 0.094641, 0.102227, 0.110017, 0.117966, 0.126027, 0.134146, 0.142265, 0.150322, 0.158254, 0.165993, 0.173474, 0.180626, 0.187384, 0.193683, 0.199459, 0.204654, 0.209215, 0.213094, 0.216248, 0.218644, 0.220257, 0.221067, 0.221067, 0.220257, 0.218645, 0.216248, 0.213094, 0.209216, 0.204655, 0.199459, 0.193683, 0.187385, 0.180627, 0.173474, 0.165994, 0.158254, 0.150323, 0.142265, 0.134147, 0.126028, 0.117967, 0.110017, 0.102227, 0.094642, 0.087298, 0.080231, 0.073466, 0.067025, 0.060927, 0.055183, 0.049798, 0.044777, 0.040118, 0.035816, 0.031864, 0.028250, 0.024962, 0.021986, 0.019307, 0.016909, 0.014774, 0.012887, 0.011231, 0.009790, 0.008549, 0.007496, 0.006617, 0.005902, 0.005341, 0.004928, 0.004655, 0.004520
0.003950, 0.004068, 0.004307, 0.004668, 0.005158, 0.005783, 0.006551, 0.007472, 0.008556, 0.009815, 0.011263, 0.012912, 0.014778, 0.016874, 0.019215, 0.021816, 0.024689, 0.027848, 0.031302, 0.035062, 0.039134, 0.043522, 0.048228, 0.053248, 0.058578, 0.064206, 0.070119, 0.076296, 0.082714, 0.089343, 0.096151, 0.103099, 0.110144, 0.117239, 0.124335, 0.131377, 0.138309, 0.145073, 0.151610, 0.157861, 0.163768, 0.169272, 0.174320, 0.178861, 0.182847, 0.186237, 0.188993, 0.191088, 0.192497, 0.193205, 0.193205, 0.192497, 0.191088, 0.188993, 0.186237, 0.182847, 0.178861, 0.174321, 0.169273, 0.163768, 0.157862, 0.151611, 0.145073, 0.138309, 0.131377, 0.124335, 0.117240, 0.110144, 0.103099, 0.096151, 0.089344, 0.082714, 0.076296, 0.070119, 0.064207, 0.058578, 0.053249, 0.048228, 0.043522, 0.039134, 0.035062, 0.031303, 0.027848, 0.024690, 0.021816, 0.019216, 0.016874, 0.014778, 0.012912, 0.011263, 0.009815, 0.008556, 0.007472, 0.006551, 0.005783, 0.005158, 0.004668, 0.004307, 0.004068, 0.003950
0.003437, 0.003540, 0.003748, 0.004062, 0.004489, 0.005033, 0.005701, 0.006502, 0.007445, 0.008541, 0.009801, 0.011236, 0.012860, 0.014684, 0.016721, 0.018984, 0.021485, 0.024233, 0.027239, 0.030511, 0.034054, 0.037873, 0.041968, 0.046337, 0.050975, 0.055872, 0.061017, 0.066393, 0.071977, 0.077746, 0.083670, 0.089716, 0.095847, 0.102021, 0.108196, 0.114324, 0.120356, 0.126242, 0.131931, 0.137370, 0.142510, 0.147300, 0.151693, 0.155644, 0.159113, 0.162062, 0.164461, 0.166284, 0.167510, 0.168126, 0.168126, 0.167510, 0.166284, 0.164461, 0.162062, 0.159113, 0.155644, 0.151693, 0.147300, 0.142510, 0.137371, 0.131931, 0.126242, 0.120356, 0.114324, 0.108196, 0.102022, 0.095847, 0.089717, 0.083671, 0.077747, 0.071978, 0.066393, 0.061018, 0.055873, 0.050975, 0.046337, 0.041968, 0.037873, 0.034055, 0.030511, 0.027240, 0.024233, 0.021485, 0.018985, 0.016721, 0.014684, 0.012860, 0.011236, 0.009801, 0.008541, 0.007445, 0.006502, 0.005701, 0.005033, 0.004489, 0.004062, 0.003748, 0.003540, 0.003437
0.002978, 0.003068, 0.003247, 0.003520, 0.003889, 0.004361, 0.004940, 0.005634, 0.006451, 0.007401, 0.008492, 0.009736, 0.011143, 0.012723, 0.014489, 0.016450, 0.018616, 0.020998, 0.023602, 0.026437, 0.029507, 0.032816, 0.036364, 0.040150, 0.044168, 0.048412, 0.052870, 0.057528, 0.062367, 0.067365, 0.072498, 0.077737, 0.083049, 0.088399, 0.093749, 0.099058, 0.104285, 0.109385, 0.114314, 0.119028, 0.123481, 0.127631, 0.131437, 0.134861, 0.137867, 0.140422, 0.142501, 0.144080, 0.145142, 0.145677, 0.145677, 0.145143, 0.144080, 0.142501, 0.140422, 0.137867, 0.134861, 0.131438, 0.127631, 0.123481, 0.119028, 0.114315, 0.109385, 0.104285, 0.099059, 0.093749, 0.088399, 0.083049, 0.077737, 0.072499, 0.067366, 0.062367, 0.057528, 0.052870, 0.048412, 0.044169, 0.040150, 0.036364, 0.032816, 0.029508, 0.026437, 0.023603, 0.020998, 0.018616, 0.016450, 0.014489, 0.012723, 0.011143, 0.009736, 0.008492, 0.007401, 0.006451, 0.005634, 0.004940, 0.004361, 0.003889, 0.003520, 0.003247, 0.003068, 0.002978
0.002570, 0.002647, 0.002802, 0.003037, 0.003356, 0.003763, 0.004262, 0.004861, 0.005566, 0.006386, 0.007327, 0.008400, 0.009614, 0.010978, 0.012501, 0.014193, 0.016062, 0.018117, 0.020365, 0.022811, 0.025460, 0.028314, 0.031376, 0.034642, 0.038109, 0.041771, 0.045617, 0.049636, 0.053811, 0.058124, 0.062553, 0.067073, 0.071656, 0.076272, 0.080888, 0.085469, 0.089979, 0.094379, 0.098632, 0.102699, 0.106541, 0.110122, 0.113406, 0.116360, 0.118953, 0.121158, 0.122952, 0.124314, 0.125231, 0.125692, 0.125692, 0.125231, 0.124314, 0.122952, 0.121158, 0.118953, 0.116360, 0.113406, 0.110122, 0.106541, 0.102699, 0.098632, 0.094379, 0.089979, 0.085469, 0.080888, 0.076272, 0.071656, 0.067073, 0.062553, 0.058124, 0.053811, 0.049636, 0.045617, 0.041771, 0.038109, 0.034642, 0.031376, 0.028315, 0.025460, 0.022811, 0.020365, 0.018117, 0.016063, 0.014193, 0.012501, 0.010978, 0.009614, 0.008401, 0.007327, 0.006386, 0.005566, 0.004861, 0.004262, 0.003763, 0.003356, 0.003037, 0.002802, 0.002647, 0.002570
0.002208, 0.002274, 0.002408, 0.002610, 0.002884, 0.003233, 0.003662, 0.004177, 0.004783, 0.005487, 0.006296, 0.007218, 0.008261, 0.009433, 0.010742, 0.012195, 0.013802, 0.015567, 0.017498, 0.019600, 0.021876, 0.024329, 0.026960, 0.029766, 0.032745, 0.035892, 0.039197, 0.042650, 0.046237, 0.049943, 0.053749, 0.057632, 0.061570, 0.065537, 0.069503, 0.073439, 0.077314, 0.081095, 0.084749, 0.088244, 0.091545, 0.094622, 0.097444, 0.099982, 0.102210, 0.104105, 0.105646, 0.106817, 0.107604, 0.108001, 0.108001, 0.107605, 0.106817, 0.105646, 0.104105, 0.102211, 0.099982, 0.097444, 0.094623, 0.091546, 0.088244, 0.084750, 0.081095, 0.077314, 0.073439, 0.069503, 0.065537, 0.061571, 0.057632, 0.053749, 0.049943, 0.046237, 0.042650, 0.039197, 0.035892, 0.032746, 0.029766, 0.026960, 0.024329, 0.021876, 0.019600, 0.017498, 0.015567, 0.013802, 0.012196, 0.010742, 0.009433, 0.008261, 0.007218, 0.006296, 0.005487, 0.004783, 0.004177, 0.003662, 0.003233, 0.002884, 0.002610, 0.002408, 0.002274, 0.002208
0.001890, 0.001946, 0.002060, 0.002233, 0.002468, 0.002767, 0.003134, 0.003575, 0.004093, 0.004696, 0.005388, 0.006178, 0.007070, 0.008073, 0.009193, 0.010437, 0.011812, 0.013323, 0.014976, 0.016774, 0.018722, 0.020821, 0.023073, 0.025475, 0.028024, 0.030717, 0.033545, 0.036500, 0.039571, 0.042742, 0.045999, 0.049323, 0.052693, 0.056087, 0.059482, 0.062851, 0.066167, 0.069403, 0.072530, 0.075521, 0.078346, 0.080979, 0.083394, 0.085567, 0.087473, 0.089095, 0.090414, 0.091416, 0.092090, 0.092429, 0.092429, 0.092090, 0.091416, 0.090414, 0.089095, 0.087474, 0.085567, 0.083395, 0.080980, 0.078346, 0.075521, 0.072530, 0.069403, 0.066167, 0.062851, 0.059482, 0.056088, 0.052693, 0.049323, 0.045999, 0.042742, 0.039571, 0.036501, 0.033545, 0.030717, 0.028024, 0.025475, 0.023073, 0.020822, 0.018722, 0.016774, 0.014976, 0.013323, 0.011812, 0.010437, 0.009193, 0.008073, 0.007070, 0.006178, 0.005388, 0.004696, 0.004093, 0.003575, 0.003134, 0.002767, 0.002468, 0.002233, 0.002060, 0.001946, 0.001890
0.001611, 0.001660, 0.001757, 0.001904, 0.002104, 0.002359, 0.002672, 0.003048, 0.003490, 0.004004, 0.004594, 0.005267, 0.006028, 0.006883, 0.007838, 0.008899, 0.010071, 0.011359, 0.012768, 0.014301, 0.015962, 0.017752, 0.019671, 0.021719, 0.023893, 0.026189, 0.028600, 0.031120, 0.033737, 0.036441, 0.039218, 0.042052, 0.044925, 0.047819, 0.050713, 0.053585, 0.056413, 0.059172, 0.061838, 0.064387, 0.066796, 0.069042, 0.071101, 0.072952, 0.074578, 0.075961, 0.077085, 0.077939, 0.078514, 0.078803, 0.078803, 0.078514, 0.077939, 0.077085, 0.075961, 0.074578, 0.072953, 0.071101, 0.069042, 0.066797, 0.064388, 0.061838, 0.059172, 0.056413, 0.053586, 0.050713, 0.047819, 0.044925, 0.042052, 0.039218, 0.036441, 0.033737, 0.031120, 0.028600, 0.026189, 0.023893, 0.021719, 0.019672, 0.017752, 0.015962, 0.014302, 0.012768, 0.011359, 0.010071, 0.008899, 0.007838, 0.006883, 0.006028, 0.005267, 0.004594, 0.004004, 0.003490, 0.003048, 0.002672, 0.002359, 0.002104, 0.001904, 0.001757, 0.001660, 0.001611
0.001369, 0.001410, 0.001493, 0.001618, 0.001788, 0.002004, 0.002271, 0.002590, 0.002965, 0.003402, 0.003903, 0.004475, 0.005122, 0.005848, 0.006659, 0.007561, 0.008556, 0.009651, 0.010848, 0.012151, 0.013562, 0.015083, 0.016714, 0.018454, 0.020300, 0.022251, 0.024300, 0.026440, 0.028664, 0.030962, 0.033321, 0.035729, 0.038170, 0.040629, 0.043088, 0.045528, 0.047930, 0.050274, 0.052540, 0.054706, 0.056753, 0.058660, 0.060410, 0.061983, 0.063364, 0.064539, 0.065494, 0.066220, 0.066708, 0.066954, 0.066954, 0.066708, 0.066220, 0.065494, 0.064539, 0.063365, 0.061983, 0.060410, 0.058660, 0.056753, 0.054706, 0.052540, 0.050275, 0.047931, 0.045528, 0.043088, 0.040629, 0.038170, 0.035729, 0.033321, 0.030962, 0.028665, 0.026441, 0.024300, 0.022251, 0.020301, 0.018454, 0.016714, 0.015083, 0.013562, 0.012151, 0.010848, 0.009651, 0.008556, 0.007561, 0.006659, 0.005848, 0.005122, 0.004475, 0.003903, 0.003402, 0.002965, 0.002590, 0.002271, 0.002004, 0.001788, 0.001618, 0.001493, 0.001410, 0.001369
0.001160, 0.001194, 0.001264, 0.001371, 0.001514, 0.001698, 0.001923, 0.002194, 0.002512, 0.002882, 0.003307, 0.003791, 0.004339, 0.004954, 0.005641, 0.006405, 0.007248, 0.008176, 0.009190, 0.010294, 0.011489, 0.012777, 0.014159, 0.015633, 0.017197, 0.018849, 0.020585, 0.022399, 0.024283, 0.026229, 0.028227, 0.030267, 0.032335, 0.034418, 0.036501, 0.038568, 0.040603, 0.042589, 0.044508, 0.046343, 0.048077, 0.049693, 0.051175, 0.052508, 0.053678, 0.054673, 0.055482, 0.056097, 0.056511, 0.056719, 0.056719, 0.056511, 0.056097, 0.055482, 0.054673, 0.053678, 0.052508, 0.051175, 0.049693, 0.048077, 0.046343, 0.044508, 0.042589, 0.040603, 0.038568, 0.036501, 0.034418, 0.032335, 0.030267, 0.028227, 0.026229, 0.024283, 0.022399, 0.020585, 0.018850, 0.017197, 0.015633, 0.014159, 0.012777, 0.011489, 0.010294, 0.009190, 0.008176, 0.007248, 0.006405, 0.005641, 0.004954, 0.004339, 0.003791, 0.003307, 0.002882, 0.002512, 0.002194, 0.001923, 0.001698, 0.001514, 0.001371, 0.001264, 0.001194, 0.001160
0.000980, 0.001010, 0.001069, 0.001159, 0.001280, 0.001435, 0.001626, 0.001854, 0.002123, 0.002436, 0.002795, 0.003204, 0.003667, 0.004188, 0.004769, 0.005414, 0.006127, 0.006911, 0.007768, 0.008701, 0.009711, 0.010800, 0.011968, 0.013214, 0.014536, 0.015933, 0.017400, 0.018933, 0.020525, 0.022171, 0.023860, 0.025584, 0.027332, 0.029093, 0.030853, 0.032601, 0.034321, 0.035999, 0.037622, 0.039173, 0.040638, 0.042004, 0.043257, 0.044384, 0.045373, 0.046214, 0.046898, 0.047417, 0.047767, 0.047943, 0.047943, 0.047767, 0.047418, 0.046898, 0.046214, 0.045373, 0.044384, 0.043257, 0.042004, 0.040638, 0.039173, 0.037622, 0.036000, 0.034321, 0.032601, 0.030854, 0.029093, 0.027332, 0.025584, 0.023860, 0.022171, 0.020526, 0.018933, 0.017400, 0.015933, 0.014536, 0.013214, 0.011968, 0.010800, 0.009711, 0.008701, 0.007768, 0.006911, 0.006127, 0.005414, 0.004769, 0.004188, 0.003667, 0.003204, 0.002795, 0.002436, 0.002123, 0.001854, 0.001626, 0.001435, 0.001280, 0.001159, 0.001069, 0.001010, 0.000980
0.000828, 0.000853, 0.000902, 0.000978, 0.001081, 0.001212, 0.001373, 0.001566, 0.001793, 0.002057, 0.002360, 0.002706, 0.003097, 0.003536, 0.004026, 0.004571, 0.005173, 0.005835, 0.006559, 0.007347, 0.008200, 0.009120, 0.010106, 0.011158, 0.012274, 0.013454, 0.014693, 0.015987, 0.017332, 0.018721, 0.020147, 0.021603, 0.023079, 0.024566, 0.026053, 0.027528, 0.028980, 0.030398, 0.031768, 0.033077, 0.034315, 0.035468, 0.036526, 0.037477, 0.038313, 0.039023, 0.039600, 0.040039, 0.040334, 0.040483, 0.040483, 0.040334, 0.040039, 0.039600, 0.039023, 0.038313, 0.037477, 0.036526, 0.035468, 0.034315, 0.033077, 0.031768, 0.030398, 0.028981, 0.027528, 0.026053, 0.024566, 0.023079, 0.021603, 0.020147, 0.018721, 0.017332, 0.015987, 0.014693, 0.013454, 0.012274, 0.011158, 0.010106, 0.009120, 0.008200, 0.007347, 0.006559, 0.005835, 0.005174, 0.004571, 0.004027, 0.003536, 0.003097, 0.002706, 0.002360, 0.002057, 0.001793, 0.001566, 0.001373, 0.001212, 0.001081, 0.000978, 0.000902, 0.000853, 0.000828
0.000699, 0.000720, 0.000763, 0.000827, 0.000913, 0.001024, 0.001160, 0.001323, 0.001515, 0.001738, 0.001994, 0.002286, 0.002617, 0.002988, 0.003402, 0.003863, 0.004371, 0.004931, 0.005542, 0.006208, 0.006929, 0.007706, 0.008539, 0.009428, 0.010371, 0.011368, 0.012415, 0.013508, 0.014644, 0.015818, 0.017024, 0.018254, 0.019501, 0.020757, 0.022013, 0.023260, 0.024487, 0.025685, 0.026842, 0.027949, 0.028995, 0.029969, 0.030863, 0.031667, 0.032373, 0.032973, 0.033461, 0.033832, 0.034081, 0.034207, 0.034207, 0.034081, 0.033832, 0.033461, 0.032973, 0.032373, 0.031667, 0.030863, 0.029969, 0.028995, 0.027949, 0.026842, 0.025685, 0.024487, 0.023260, 0.022013, 0.020757, 0.019501, 0.018254, 0.017024, 0.015818, 0.014645, 0.013508, 0.012415, 0.011368, 0.010371, 0.009428, 0.008539, 0.007706, 0.006929, 0.006208, 0.005542, 0.004931, 0.004371, 0.003863, 0.003402, 0.002988, 0.002617, 0.002286, 0.001994, 0.001738, 0.001515, 0.001323, 0.001160, 0.001024, 0.000913, 0.000827, 0.000763, 0.000720, 0.000699
0.000593, 0.000611, 0.000646, 0.000701, 0.000774, 0.000868, 0.000983, 0.001121, 0.001284, 0.001473, 0.001690, 0.001938, 0.002218, 0.002532, 0.002884, 0.003274, 0.003705, 0.004179, 0.004698, 0.005262, 0.005873, 0.006532, 0.007238, 0.007991, 0.008791, 0.009636, 0.010523, 0.011450, 0.012413, 0.013408, 0.014430, 0.015473, 0.016530, 0.017595, 0.018660, 0.019716, 0.020757, 0.021772, 0.022753, 0.023691, 0.024577, 0.025403, 0.026161, 0.026842, 0.027441, 0.027949, 0.028363, 0.028677, 0.028889, 0.028995, 0.028995, 0.028889, 0.028677, 0.028363, 0.027949, 0.027441, 0.026843, 0.026161, 0.025403, 0.024577, 0.023691, 0.022753, 0.021772, 0.020757, 0.019716, 0.018660, 0.017595, 0.016530, 0.015473, 0.014430, 0.013408, 0.012413, 0.011450, 0.010523, 0.009636, 0.008791, 0.007991, 0.007238, 0.006532, 0.005873, 0.005262, 0.004698, 0.004179, 0.003705, 0.003274, 0.002884, 0.002532, 0.002218, 0.001938, 0.001690, 0.001473, 0.001284, 0.001121, 0.000983, 0.000868, 0.000774, 0.000701, 0.000646, 0.000611, 0.000593
0.000506, 0.000521, 0.000552, 0.000598, 0.000661, 0.000741, 0.000839, 0.000957, 0.001096, 0.001257, 0.001442, 0.001654, 0.001893, 0.002161, 0.002461, 0.002794, 0.003162, 0.003566, 0.004009, 0.004490, 0.005012, 0.005574, 0.006176, 0.006819, 0.007502, 0.008223, 0.008980, 0.009771, 0.010593, 0.011442, 0.012314, 0.013204, 0.014106, 0.015015, 0.015923, 0.016825, 0.017713, 0.018579, 0.019417, 0.020217, 0.020974, 0.021679, 0.022325, 0.022907, 0.023417, 0.023851, 0.024204, 0.024473, 0.024653, 0.024744, 0.024744, 0.024653, 0.024473, 0.024204, 0.023851, 0.023417, 0.022907, 0.022325, 0.021679, 0.020974, 0.020217, 0.019417, 0.018579, 0.017713, 0.016825, 0.015923, 0.015015, 0.014106, 0.013204, 0.012314, 0.011442, 0.010593, 0.009771, 0.008980, 0.008223, 0.007502, 0.006819, 0.006176, 0.005574, 0.005012, 0.004490, 0.004009, 0.003566, 0.003162, 0.002794, 0.002461, 0.002161, 0.001893, 0.001654, 0.001442, 0.001257, 0.001096, 0.000957, 0.000839, 0.000741, 0.000661, 0.000598, 0.000552, 0.000521, 0.000506
0.000437, 0.000450, 0.000476, 0.000516, 0.000570, 0.000639, 0.000724, 0.000826, 0.000946, 0.001085, 0.001245, 0.001427, 0.001634, 0.001865, 0.002124, 0.002412, 0.002730, 0.003079, 0.003461, 0.003876, 0.004327, 0.004812, 0.005332, 0.005887, 0.006476, 0.007099, 0.007752, 0.008435, 0.009145, 0.009878, 0.010631, 0.011399, 0.012178, 0.012962, 0.013747, 0.014525, 0.015292, 0.016040, 0.016763, 0.017454, 0.018107, 0.018715, 0.019274, 0.019776, 0.020216, 0.020591, 0.020896, 0.021127, 0.021283, 0.021362, 0.021362, 0.021283, 0.021127, 0.020896, 0.020591, 0.020216, 0.019776, 0.019274, 0.018715, 0.018107, 0.017454, 0.016763, 0.016040, 0.015292, 0.014525, 0.013747, 0.012962, 0.012178, 0.011399, 0.010631, 0.009878, 0.009145, 0.008435, 0.007752, 0.007099, 0.006476, 0.005887, 0.005332, 0.004812, 0.004327, 0.003876, 0.003461, 0.003079, 0.002730, 0.002412, 0.002124, 0.001865, 0.001634, 0.001427, 0.001245, 0.001085, 0.000946, 0.000826, 0.000724, 0.000639, 0.000570, 0.000516, 0.000476, 0.000450, 0.000437
0.000384, 0.000395, 0.000418, 0.000453, 0.000501, 0.000562, 0.000636, 0.000726, 0.000831, 0.000953, 0.001094, 0.001254, 0.001436, 0.001639, 0.001867, 0.002119, 0.002399, 0.002705, 0.003041, 0.003406, 0.003802, 0.004228, 0.004686, 0.005173, 0.005691, 0.006238, 0.006813, 0.007413, 0.008037, 0.008681, 0.009342, 0.010017, 0.010702, 0.011391, 0.012081, 0.012765, 0.013439, 0.014096, 0.014731, 0.015339, 0.015913, 0.016448, 0.016938, 0.017379, 0.017767, 0.018096, 0.018364, 0.018567, 0.018704, 0.018773, 0.018773, 0.018704, 0.018567, 0.018364, 0.018096, 0.017767, 0.017379, 0.016938, 0.016448, 0.015913, 0.015339, 0.014731, 0.014096, 0.013439, 0.012765, 0.012081, 0.011391, 0.010702, 0.010017, 0.009342, 0.008681, 0.008037, 0.007413, 0.006813, 0.006238, 0.005691, 0.005174, 0.004686, 0.004228, 0.003802, 0.003406, 0.003041, 0.002705, 0.002399, 0.002119, 0.001867, 0.001639, 0.001436, 0.001254, 0.001094, 0.000953, 0.000831, 0.000726, 0.000636, 0.000562, 0.000501, 0.000453, 0.000418, 0.000395, 0.000384
0.000346, 0.000356, 0.000377, 0.000409, 0.000451, 0.000506, 0.000573, 0.000654, 0.000749, 0.000859, 0.000986, 0.001130, 0.001294, 0.001477, 0.001682, 0.001910, 0.002161, 0.002438, 0.002740, 0.003070, 0.003426, 0.003810, 0.004222, 0.004662, 0.005129, 0.005621, 0.006139, 0.006680, 0.007242, 0.007823, 0.008419, 0.009027, 0.009644, 0.010265, 0.010887, 0.011503, 0.012110, 0.012703, 0.013275, 0.013823, 0.014340, 0.014822, 0.015264, 0.015662, 0.016011, 0.016308, 0.016549, 0.016732, 0.016856, 0.016918, 0.016918, 0.016856, 0.016732, 0.016549, 0.016308, 0.016011, 0.015662, 0.015264, 0.014822, 0.014340, 0.013823, 0.013275, 0.012703, 0.012110, 0.011503, 0.010887, 0.010265, 0.009644, 0.009027, 0.008419, 0.007823, 0.007242, 0.006680, 0.006139, 0.005621, 0.005129, 0.004662, 0.004222, 0.003810, 0.003426, 0.003070, 0.002740, 0.002438, 0.002161, 0.001910, 0.001682, 0.001477, 0.001294, 0.001130, 0.000986, 0.000859, 0.000749, 0.000654, 0.000573, 0.000506, 0.000451, 0.000409, 0.000377, 0.000356, 0.000346
0.000322, 0.000331, 0.000351, 0.000380, 0.000420, 0.000471, 0.000534, 0.000609, 0.000697, 0.000800, 0.000918, 0.001052, 0.001204, 0.001375, 0.001566, 0.001778, 0.002012, 0.002269, 0.002551, 0.002857, 0.003189, 0.003547, 0.003931, 0.004340, 0.004774, 0.005233, 0.005715, 0.006219, 0.006742, 0.007282, 0.007837, 0.008404, 0.008978, 0.009557, 0.010135, 0.010709, 0.011274, 0.011826, 0.012359, 0.012869, 0.013350, 0.013799, 0.014211, 0.014581, 0.014906, 0.015182, 0.015407, 0.015578, 0.015693, 0.015750, 0.015750, 0.015693, 0.015578, 0.015407, 0.015182, 0.014906, 0.014581, 0.014211, 0.013799, 0.013350, 0.012869, 0.012359, 0.011826, 0.011274, 0.010709, 0.010135, 0.009557, 0.008978, 0.008404, 0.007837, 0.007282, 0.006742, 0.006219, 0.005715, 0.005233, 0.004774, 0.004340, 0.003931, 0.003547, 0.003189, 0.002857, 0.002551, 0.002269, 0.002012, 0.001778, 0.001566, 0.001375, 0.001204, 0.001052, 0.000918, 0.000800, 0.000697, 0.000609, 0.000534, 0.000471, 0.000420, 0.000380, 0.000351, 0.000331, 0.000322
0.000311, 0.000321, 0.000339, 0.000368, 0.000406, 0.000456, 0.000516, 0.000589, 0.000674, 0.000774, 0.000888, 0.001018, 0.001165, 0.001330, 0.001515, 0.001720, 0.001947, 0.002196, 0.002468, 0.002765, 0.003086, 0.003432, 0.003803, 0.004199, 0.004619, 0.005063, 0.005530, 0.006017, 0.006523, 0.007046, 0.007583, 0.008132, 0.008687, 0.009247, 0.009807, 0.010362, 0.010909, 0.011443, 0.011959, 0.012452, 0.012918, 0.013352, 0.013751, 0.014109, 0.014423, 0.014691, 0.014908, 0.015074, 0.015185, 0.015241, 0.015241, 0.015185, 0.015074, 0.014908, 0.014691, 0.014423, 0.014109, 0.013751, 0.013352, 0.012918, 0.012452, 0.011959, 0.011443, 0.010909, 0.010362, 0.009807, 0.009247, 0.008687, 0.008132, 0.007583, 0.007046, 0.006523, 0.006017, 0.005530, 0.005063, 0.004619, 0.004199, 0.003803, 0.003432, 0.003086, 0.002765, 0.002468, 0.002196, 0.001947, 0.001720, 0.001515, 0.001330, 0.001165, 0.001018, 0.000888, 0.000774, 0.000674, 0.000589, 0.000516, 0.000456, 0.000406, 0.000368, 0.000339, 0.000321, 0.000311
0.000314, 0.000323, 0.000342, 0.000371, 0.000410, 0.000460, 0.000521, 0.000594, 0.000680, 0.000780, 0.000895, 0.001027, 0.001175, 0.001342, 0.001528, 0.001735, 0.001963, 0.002215, 0.002489, 0.002788, 0.003112, 0.003462, 0.003836, 0.004235, 0.004660, 0.005107, 0.005578, 0.006069, 0.006580, 0.007108, 0.007649, 0.008202, 0.008763, 0.009328, 0.009892, 0.010453, 0.011005, 0.011543, 0.012063, 0.012561, 0.013031, 0.013469, 0.013871, 0.014232, 0.014550, 0.014820, 0.015039, 0.015206, 0.015318, 0.015374, 0.015374, 0.015318, 0.015206, 0.015039, 0.014820, 0.014550, 0.014232, 0.013871, 0.013469, 0.013031, 0.012561, 0.012063, 0.011543, 0.011005, 0.010453, 0.009893, 0.009328, 0.008763, 0.008202, 0.007649, 0.007108, 0.006580, 0.006069, 0.005578, 0.005107, 0.004660, 0.004235, 0.003836, 0.003462, 0.003112, 0.002789, 0.002489, 0.002215, 0.001963, 0.001735, 0.001528, 0.001342, 0.001175, 0.001027, 0.000895, 0.000780, 0.000680, 0.000594, 0.000521, 0.000460, 0.000410, 0.000371, 0.000342, 0.000323, 0.000314
0.000330, 0.000340, 0.000359, 0.000390, 0.000431, 0.000483, 0.000547, 0.000624, 0.000714, 0.000820, 0.000940, 0.001078, 0.001234, 0.001409, 0.001605, 0.001822, 0.002062, 0.002326, 0.002615, 0.002929, 0.003269, 0.003636, 0.004030, 0.004449, 0.004895, 0.005365, 0.005859, 0.006376, 0.006912, 0.007467, 0.008036, 0.008617, 0.009206, 0.009799, 0.010392, 0.010981, 0.011561, 0.012126, 0.012673, 0.013196, 0.013690, 0.014150, 0.014572, 0.014952, 0.015285, 0.015569, 0.015799, 0.015974, 0.016092, 0.016151, 0.016151, 0.016092, 0.015974, 0.015799, 0.015569, 0.015285, 0.014952, 0.014572, 0.014150, 0.013690, 0.013196, 0.012673, 0.012126, 0.011561, 0.010981, 0.010392, 0.009799, 0.009206, 0.008617, 0.008036, 0.007467, 0.006912, 0.006376, 0.005859, 0.005365, 0.004895, 0.004449, 0.004030, 0.003636, 0.003269, 0.002929, 0.002615, 0.002326, 0.002062, 0.001822, 0.001605, 0.001409, 0.001234, 0.001078, 0.000940, 0.000820, 0.000714, 0.000624, 0.000547, 0.000483, 0.000431, 0.000390, 0.000359, 0.000340, 0.000330
0.000359, 0.000370, 0.000391, 0.000424, 0.000469, 0.000526, 0.000595, 0.000679, 0.000778, 0.000892, 0.001024, 0.001174, 0.001344, 0.001534, 0.001747, 0.001984, 0.002246, 0.002533, 0.002847, 0.003189, 0.003560, 0.003959, 0.004388, 0.004845, 0.005330, 0.005842, 0.006380, 0.006943, 0.007527, 0.008131, 0.008750, 0.009383, 0.010024, 0.010671, 0.011317, 0.011958, 0.012589, 0.013205, 0.013800, 0.014370, 0.014907, 0.015409, 0.015868, 0.016282, 0.016645, 0.016954, 0.017205, 0.017396, 0.017524, 0.017588, 0.017588, 0.017524, 0.017396, 0.017205, 0.016954, 0.016645, 0.016282, 0.015869, 0.015409, 0.014907, 0.014370, 0.013800, 0.013205, 0.012589, 0.011958, 0.011317, 0.010671, 0.010024, 0.009383, 0.008750, 0.008131, 0.007527, 0.006943, 0.006380, 0.005842, 0.005330, 0.004845, 0.004388, 0.003959, 0.003560, 0.003189, 0.002847, 0.002533, 0.002246, 0.001984, 0.001747, 0.001534, 0.001344, 0.001174, 0.001024, 0.000892, 0.000778, 0.000679, 0.000595, 0.000526, 0.000469, 0.000424, 0.000391, 0.000370, 0.000359
0.000402, 0.000414, 0.000439, 0.000475, 0.000525, 0.000589, 0.000667, 0.000761, 0.000872, 0.001000, 0.001148, 0.001316, 0.001506, 0.001720, 0.001959, 0.002224, 0.002517, 0.002839, 0.003192, 0.003575, 0.003990, 0.004438, 0.004918, 0.005431, 0.005974, 0.006549, 0.007152, 0.007782, 0.008437, 0.009114, 0.009809, 0.010518, 0.011237, 0.011961, 0.012685, 0.013404, 0.014112, 0.014802, 0.015470, 0.016108, 0.016711, 0.017273, 0.017788, 0.018252, 0.018659, 0.019005, 0.019286, 0.019500, 0.019644, 0.019716, 0.019716, 0.019644, 0.019500, 0.019286, 0.019005, 0.018659, 0.018252, 0.017788, 0.017273, 0.016711, 0.016108, 0.015470, 0.014802, 0.014112, 0.013404, 0.012685, 0.011961, 0.011237, 0.010518, 0.009809, 0.009114, 0.008437, 0.007782, 0.007152, 0.006549, 0.005974, 0.005431, 0.004918, 0.004438, 0.003990, 0.003575, 0.003192, 0.002839, 0.002517, 0.002224, 0.001959, 0.001720, 0.001506, 0.001316, 0.001148, 0.001000, 0.000872, 0.000761, 0.000667, 0.000589, 0.000525, 0.000475, 0.000439, 0.000414, 0.000402
0.000461, 0.000474, 0.000502, 0.000544, 0.000602, 0.000675, 0.000764, 0.000872, 0.000998, 0.001145, 0.001314, 0.001507, 0.001725, 0.001970, 0.002243, 0.002547, 0.002883, 0.003251, 0.003655, 0.004094, 0.004570, 0.005083, 0.005633, 0.006219, 0.006842, 0.007500, 0.008191, 0.008913, 0.009663, 0.010438, 0.011234, 0.012046, 0.012869, 0.013699, 0.014528, 0.015351, 0.016162, 0.016953, 0.017717, 0.018448, 0.019138, 0.019782, 0.020372, 0.020903, 0.021369, 0.021766, 0.022088, 0.022333, 0.022498, 0.022581, 0.022581, 0.022498, 0.022333, 0.022088, 0.021766, 0.021369, 0.020903, 0.020372, 0.019782, 0.019139, 0.018448, 0.017717, 0.016953, 0.016162, 0.015352, 0.014528, 0.013699, 0.012869, 0.012046, 0.011234, 0.010438, 0.009663, 0.008913, 0.008191, 0.007500, 0.006842, 0.006219, 0.005633, 0.005083, 0.004570, 0.004094, 0.003655, 0.003252, 0.002883, 0.002547, 0.002243, 0.001970, 0.001725, 0.001507, 0.001314, 0.001145, 0.000998, 0.000872, 0.000764, 0.000675, 0.000602, 0.000544, 0.000502, 0.000474, 0.000461
0.000535, 0.000551, 0.000584, 0.000633, 0.000699, 0.000784, 0.000888, 0.001013, 0.001160, 0.001331, 0.001527, 0.001751, 0.002005, 0.002289, 0.002607, 0.002960, 0.003350, 0.003779, 0.004248, 0.004758, 0.005311, 0.005907, 0.006546, 0.007228, 0.007952, 0.008716, 0.009519, 0.010358, 0.011230, 0.012131, 0.013055, 0.013999, 0.014956, 0.015920, 0.016884, 0.017841, 0.018783, 0.019702, 0.020590, 0.021440, 0.022242, 0.022990, 0.023676, 0.024293, 0.024835, 0.025296, 0.025670, 0.025955, 0.026147, 0.026243, 0.026243, 0.026147, 0.025955, 0.025670, 0.025296, 0.024835, 0.024294, 0.023677, 0.022991, 0.022243, 0.021440, 0.020590, 0.019702, 0.018783, 0.017841, 0.016884, 0.015920, 0.014956, 0.013999, 0.013055, 0.012131, 0.011230, 0.010358, 0.009519, 0.008716, 0.007952, 0.007228, 0.006546, 0.005907, 0.005311, 0.004758, 0.004248, 0.003779, 0.003350, 0.002960, 0.002607, 0.002289, 0.002005, 0.001751, 0.001527, 0.001331, 0.001160, 0.001013, 0.000888, 0.000784, 0.000699, 0.000633, 0.000584, 0.000551, 0.000535
0.000628, 0.000647, 0.000684, 0.000742, 0.000820, 0.000919, 0.001042, 0.001188, 0.001361, 0.001561, 0.001791, 0.002054, 0.002351, 0.002685, 0.003057, 0.003471, 0.003929, 0.004432, 0.004982, 0.005581, 0.006229, 0.006928, 0.007677, 0.008477, 0.009326, 0.010223, 0.011164, 0.012148, 0.013171, 0.014227, 0.015312, 0.016419, 0.017541, 0.018672, 0.019803, 0.020925, 0.022029, 0.023107, 0.024149, 0.025145, 0.026087, 0.026964, 0.027769, 0.028492, 0.029128, 0.029668, 0.030107, 0.030441, 0.030666, 0.030779, 0.030779, 0.030666, 0.030441, 0.030107, 0.029668, 0.029128, 0.028492, 0.027769, 0.026964, 0.026087, 0.025146, 0.024149, 0.023107, 0.022029, 0.020925, 0.019803, 0.018672, 0.017541, 0.016419, 0.015312, 0.014227, 0.013171, 0.012148, 0.011164, 0.010223, 0.009326, 0.008477, 0.007677, 0.006928, 0.006229, 0.005581, 0.004982, 0.004432, 0.003929, 0.003471, 0.003057, 0.002685, 0.002351, 0.002054, 0.001791, 0.001561, 0.001361, 0.001188, 0.001042, 0.000919, 0.000820, 0.000742, 0.000684, 0.000647, 0.000628
0.000740, 0.000762, 0.000807, 0.000875, 0.000966, 0.001084, 0.001228, 0.001400, 0.001604, 0.001840, 0.002112, 0.002421, 0.002771, 0.003164, 0.003604, 0.004092, 0.004631, 0.005224, 0.005872, 0.006578, 0.007342, 0.008166, 0.009049, 0.009992, 0.010992, 0.012049, 0.013159, 0.014319, 0.015524, 0.016769, 0.018048, 0.019352, 0.020675, 0.022008, 0.023341, 0.024663, 0.025965, 0.027236, 0.028464, 0.029638, 0.030748, 0.031782, 0.032730, 0.033583, 0.034332, 0.034969, 0.035487, 0.035880, 0.036145, 0.036278, 0.036278, 0.036145, 0.035880, 0.035487, 0.034969, 0.034332, 0.033583, 0.032730, 0.031782, 0.030748, 0.029638, 0.028464, 0.027236, 0.025966, 0.024663, 0.023341, 0.022008, 0.020676, 0.019352, 0.018048, 0.016769, 0.015524, 0.014319, 0.013159, 0.012049, 0.010992, 0.009992, 0.009049, 0.008166, 0.007342, 0.006578, 0.005872, 0.005224, 0.004631, 0.004092, 0.003604, 0.003164, 0.002771, 0.002421, 0.002112, 0.001840, 0.001604, 0.001400, 0.001228, 0.001084, 0.000966, 0.000875, 0.000807, 0.000762, 0.000740
0.000874, 0.000900, 0.000953, 0.001033, 0.001141, 0.001280, 0.001450, 0.001654, 0.001894, 0.002173, 0.002494, 0.002859, 0.003273, 0.003737, 0.004256, 0.004832, 0.005469, 0.006169, 0.006935, 0.007768, 0.008671, 0.009644, 0.010687, 0.011800, 0.012982, 0.014230, 0.015541, 0.016911, 0.018334, 0.019804, 0.021314, 0.022855, 0.024418, 0.025992, 0.027566, 0.029128, 0.030665, 0.032166, 0.033616, 0.035003, 0.036313, 0.037534, 0.038654, 0.039662, 0.040546, 0.041298, 0.041910, 0.042375, 0.042687, 0.042844, 0.042844, 0.042687, 0.042375, 0.041910, 0.041298, 0.040546, 0.039662, 0.038654, 0.037535, 0.036313, 0.035003, 0.033616, 0.032166, 0.030665, 0.029128, 0.027566, 0.025992, 0.024418, 0.022855, 0.021314, 0.019804, 0.018334, 0.016911, 0.015541, 0.014230, 0.012982, 0.011800, 0.010687, 0.009644, 0.008671, 0.007768, 0.006935, 0.006169, 0.005469, 0.004832, 0.004256, 0.003737, 0.003273, 0.002859, 0.002494, 0.002173, 0.001894, 0.001654, 0.001450, 0.001280, 0.001141, 0.001033, 0.000953, 0.000900, 0.000874
0.001032, 0.001063, 0.001125, 0.001220, 0.001348, 0.001511, 0.001712, 0.001953, 0.002237, 0.002566, 0.002945, 0.003376, 0.003865, 0.004413, 0.005026, 0.005706, 0.006459, 0.007285, 0.008189, 0.009174, 0.010240, 0.011388, 0.012620, 0.013935, 0.015330, 0.016804, 0.018353, 0.019970, 0.021651, 0.023387, 0.025170, 0.026990, 0.028835, 0.030694, 0.032552, 0.034397, 0.036213, 0.037985, 0.039698, 0.041335, 0.042883, 0.044325, 0.045647, 0.046837, 0.047881, 0.048769, 0.049492, 0.050040, 0.050410, 0.050595, 0.050595, 0.050410, 0.050040, 0.049492, 0.048769, 0.047881, 0.046837, 0.045647, 0.044325, 0.042883, 0.041335, 0.039698, 0.037985, 0.036213, 0.034397, 0.032553, 0.030694, 0.028835, 0.026990, 0.025170, 0.023387, 0.021651, 0.019970, 0.018353, 0.016804, 0.015331, 0.013935, 0.012620, 0.011389, 0.010240, 0.009174, 0.008190, 0.007285, 0.006459, 0.005707, 0.005026, 0.004413, 0.003865, 0.003377, 0.002945, 0.002566, 0.002237, 0.001953, 0.001712, 0.001511, 0.001348, 0.001220, 0.001125, 0.001063, 0.001032
0.001217, 0.001253, 0.001327, 0.001438, 0.001589, 0.001782, 0.002019, 0.002303, 0.002637, 0.003026, 0.003473, 0.003981, 0.004557, 0.005204, 0.005926, 0.006729, 0.007616, 0.008590, 0.009657, 0.010817, 0.012074, 0.013429, 0.014882, 0.016432, 0.018077, 0.019815, 0.021641, 0.023548, 0.025530, 0.027577, 0.029680, 0.031826, 0.034001, 0.036193, 0.038385, 0.040560, 0.042701, 0.044790, 0.046810, 0.048741, 0.050565, 0.052266, 0.053825, 0.055228, 0.056459, 0.057507, 0.058358, 0.059005, 0.059441, 0.059660, 0.059660, 0.059441, 0.059005, 0.058358, 0.057507, 0.056460, 0.055228, 0.053825, 0.052266, 0.050565, 0.048741, 0.046810, 0.044790, 0.042701, 0.040560, 0.038385, 0.036193, 0.034002, 0.031826, 0.029680, 0.027577, 0.025530, 0.023548, 0.021641, 0.019815, 0.018077, 0.016432, 0.014882, 0.013429, 0.012074, 0.010817, 0.009657, 0.008591, 0.007616, 0.006729, 0.005926, 0.005204, 0.004557, 0.003981, 0.003473, 0.003026, 0.002638, 0.002303, 0.002019, 0.001782, 0.001590, 0.001438, 0.001327, 0.001253, 0.001217
0.001431, 0.001474, 0.001561, 0.001692, 0.001870, 0.002097, 0.002375, 0.002709, 0.003103, 0.003560, 0.004085, 0.004684, 0.005361, 0.006122, 0.006971, 0.007915, 0.008959, 0.010105, 0.011360, 0.012725, 0.014203, 0.015797, 0.017506, 0.019329, 0.021265, 0.023309, 0.025456, 0.027700, 0.030031, 0.032440, 0.034913, 0.037437, 0.039996, 0.042574, 0.045152, 0.047711, 0.050230, 0.052687, 0.055063, 0.057334, 0.059481, 0.061481, 0.063315, 0.064965, 0.066414, 0.067646, 0.068648, 0.069409, 0.069921, 0.070178, 0.070178, 0.069921, 0.069409, 0.068648, 0.067646, 0.066414, 0.064966, 0.063316, 0.061481, 0.059481, 0.057335, 0.055063, 0.052688, 0.050230, 0.047711, 0.045153, 0.042575, 0.039997, 0.037437, 0.034913, 0.032440, 0.030031, 0.027700, 0.025456, 0.023309, 0.021265, 0.019329, 0.017506, 0.015797, 0.014203, 0.012725, 0.011360, 0.010105, 0.008959, 0.007916, 0.006971, 0.006122, 0.005361, 0.004684, 0.004085, 0.003560, 0.003103, 0.002709, 0.002375, 0.002097, 0.001870, 0.001692, 0.001561, 0.001474, 0.001431
0.001679, 0.001729, 0.001831, 0.001984, 0.002193, 0.002459, 0.002786, 0.003177, 0.003639, 0.004175, 0.004791, 0.005493, 0.006287, 0.007179, 0.008176, 0.009283, 0.010506, 0.011851, 0.013322, 0.014923, 0.016657, 0.018526, 0.020530, 0.022668, 0.024938, 0.027336, 0.029854, 0.032486, 0.035220, 0.038044, 0.040944, 0.043904, 0.046906, 0.049929, 0.052953, 0.055953, 0.058907, 0.061790, 0.064575, 0.067239, 0.069756, 0.072102, 0.074253, 0.076188, 0.077887, 0.079332, 0.080507, 0.081399, 0.082000, 0.082302, 0.082302, 0.082000, 0.081399, 0.080507, 0.079332, 0.077887, 0.076189, 0.074254, 0.072102, 0.069756, 0.067239, 0.064575, 0.061790, 0.058907, 0.055953, 0.052953, 0.049930, 0.046906, 0.043905, 0.040944, 0.038044, 0.035220, 0.032486, 0.029854, 0.027336, 0.024938, 0.022668, 0.020530, 0.018526, 0.016657, 0.014923, 0.013322, 0.011851, 0.010506, 0.009283, 0.008176, 0.007179, 0.006287, 0.005493, 0.004791, 0.004175, 0.003639, 0.003177, 0.002786, 0.002459, 0.002193, 0.001984, 0.001831, 0.001729, 0.001679
0.001962, 0.002021, 0.002139, 0.002319, 0.002563, 0.002874, 0.003256, 0.003714, 0.004253, 0.004879, 0.005599, 0.006420, 0.007348, 0.008391, 0.009556, 0.010850, 0.012279, 0.013851, 0.015570, 0.017441, 0.019468, 0.021652, 0.023994, 0.026493, 0.029146, 0.031948, 0.034892, 0.037967, 0.041162, 0.044463, 0.047853, 0.051313, 0.054821, 0.058354, 0.061888, 0.065394, 0.068847, 0.072215, 0.075471, 0.078584, 0.081526, 0.084268, 0.086782, 0.089044, 0.091029, 0.092717, 0.094090, 0.095134, 0.095836, 0.096188, 0.096188, 0.095836, 0.095134, 0.094091, 0.092717, 0.091029, 0.089044, 0.086782, 0.084268, 0.081526, 0.078585, 0.075471, 0.072216, 0.068847, 0.065395, 0.061888, 0.058354, 0.054821, 0.051313, 0.047853, 0.044464, 0.041163, 0.037967, 0.034892, 0.031949, 0.029147, 0.026493, 0.023994, 0.021652, 0.019468, 0.017441, 0.015570, 0.013851, 0.012279, 0.010850, 0.009556, 0.008391, 0.007348, 0.006420, 0.005599, 0.004879, 0.004253, 0.003714, 0.003256, 0.002874, 0.002563, 0.002319, 0.002139, 0.002021, 0.001962
0.002285, 0.002353, 0.002491, 0.002701, 0.002984, 0.003346, 0.003791, 0.004324, 0.004952, 0.005681, 0.006520, 0.007475, 0.008556, 0.009770, 0.011127, 0.012634, 0.014298, 0.016129, 0.018130, 0.020309, 0.022669, 0.025212, 0.027939, 0.030849, 0.033939, 0.037201, 0.040629, 0.044210, 0.047930, 0.051774, 0.055721, 0.059749, 0.063834, 0.067948, 0.072063, 0.076146, 0.080166, 0.084089, 0.087880, 0.091505, 0.094930, 0.098122, 0.101050, 0.103683, 0.105995, 0.107961, 0.109560, 0.110775, 0.111592, 0.112003, 0.112003, 0.111592, 0.110775, 0.109560, 0.107961, 0.105995, 0.103684, 0.101050, 0.098123, 0.094930, 0.091505, 0.087880, 0.084089, 0.080166, 0.076146, 0.072063, 0.067949, 0.063834, 0.059750, 0.055721, 0.051774, 0.047931, 0.044210, 0.040629, 0.037202, 0.033939, 0.030850, 0.027940, 0.025212, 0.022669, 0.020309, 0.018130, 0.016129, 0.014299, 0.012634, 0.011127, 0.009771, 0.008556, 0.007475, 0.006520, 0.005682, 0.004952, 0.004324, 0.003791, 0.003346, 0.002984, 0.002701, 0.002491, 0.002353, 0.002285
0.002650, 0.002730, 0.002890, 0.003133, 0.003462, 0.003882, 0.004398, 0.005016, 0.005744, 0.006590, 0.007563, 0.008671, 0.009924, 0.011333, 0.012906, 0.014654, 0.016585, 0.018708, 0.021030, 0.023557, 0.026294, 0.029244, 0.032407, 0.035783, 0.039366, 0.043150, 0.047126, 0.051279, 0.055595, 0.060053, 0.064632, 0.069304, 0.074042, 0.078814, 0.083586, 0.088323, 0.092985, 0.097535, 0.101932, 0.106137, 0.110110, 0.113813, 0.117209, 0.120263, 0.122945, 0.125225, 0.127079, 0.128488, 0.129436, 0.129913, 0.129913, 0.129436, 0.128488, 0.127079, 0.125225, 0.122945, 0.120263, 0.117209, 0.113813, 0.110110, 0.106137, 0.101933, 0.097535, 0.092986, 0.088323, 0.083587, 0.078815, 0.074042, 0.069304, 0.064632, 0.060054, 0.055595, 0.051280, 0.047126, 0.043151, 0.039366, 0.035783, 0.032408, 0.029244, 0.026294, 0.023557, 0.021030, 0.018708, 0.016585, 0.014654, 0.012906, 0.011333, 0.009925, 0.008671, 0.007563, 0.006590, 0.005744, 0.005016, 0.004398, 0.003882, 0.003462, 0.003133, 0.002890, 0.002730, 0.002650
0.003062, 0.003154, 0.003339, 0.003619, 0.004000, 0.004485, 0.005081, 0.005795, 0.006636, 0.007614, 0.008737, 0.010018, 0.011466, 0.013093, 0.014911, 0.016930, 0.019161, 0.021613, 0.024296, 0.027216, 0.030378, 0.033786, 0.037440, 0.041340, 0.045480, 0.049852, 0.054444, 0.059243, 0.064229, 0.069379, 0.074668, 0.080067, 0.085540, 0.091054, 0.096567, 0.102039, 0.107425, 0.112681, 0.117761, 0.122619, 0.127209, 0.131487, 0.135410, 0.138939, 0.142036, 0.144671, 0.146813, 0.148441, 0.149536, 0.150086, 0.150086, 0.149536, 0.148441, 0.146813, 0.144671, 0.142037, 0.138939, 0.135410, 0.131487, 0.127209, 0.122619, 0.117762, 0.112682, 0.107425, 0.102039, 0.096567, 0.091054, 0.085541, 0.080067, 0.074669, 0.069380, 0.064229, 0.059243, 0.054445, 0.049852, 0.045480, 0.041340, 0.037441, 0.033786, 0.030378, 0.027216, 0.024296, 0.021614, 0.019161, 0.016930, 0.014911, 0.013093, 0.011466, 0.010018, 0.008737, 0.007614, 0.006636, 0.005795, 0.005081, 0.004485, 0.004000, 0.003619, 0.003339, 0.003154, 0.003062
0.003523, 0.003629, 0.003842, 0.004165, 0.004602, 0.005160, 0.005846, 0.006668, 0.007636, 0.008761, 0.010053, 0.011527, 0.013193, 0.015065, 0.017157, 0.019480, 0.022047, 0.024869, 0.027955, 0.031315, 0.034953, 0.038874, 0.043080, 0.047566, 0.052330, 0.057360, 0.062644, 0.068166, 0.073902, 0.079829, 0.085914, 0.092125, 0.098423, 0.104767, 0.111110, 0.117406, 0.123604, 0.129652, 0.135497, 0.141086, 0.146367, 0.151289, 0.155803, 0.159863, 0.163427, 0.166458, 0.168923, 0.170796, 0.172056, 0.172690, 0.172690, 0.172056, 0.170796, 0.168923, 0.166458, 0.163427, 0.159863, 0.155803, 0.151289, 0.146367, 0.141086, 0.135497, 0.129652, 0.123604, 0.117406, 0.111111, 0.104767, 0.098424, 0.092126, 0.085915, 0.079829, 0.073903, 0.068166, 0.062645, 0.057360, 0.052330, 0.047567, 0.043080, 0.038875, 0.034953, 0.031315, 0.027956, 0.024869, 0.022047, 0.019480, 0.017157, 0.015066, 0.013193, 0.011527, 0.010053, 0.008761, 0.007636, 0.006668, 0.005846, 0.005160, 0.004602, 0.004165, 0.003842, 0.003629, 0.003523
0.004037, 0.004158, 0.004402, 0.004772, 0.005274, 0.005913, 0.006699, 0.007641, 0.008750, 0.010039, 0.011520, 0.013208, 0.015118, 0.017263, 0.019660, 0.022322, 0.025264, 0.028497, 0.032034, 0.035883, 0.040053, 0.044546, 0.049365, 0.054506, 0.059964, 0.065728, 0.071784, 0.078110, 0.084684, 0.091474, 0.098448, 0.105565, 0.112782, 0.120050, 0.127319, 0.134534, 0.141635, 0.148565, 0.155263, 0.161667, 0.167719, 0.173359, 0.178531, 0.183183, 0.187268, 0.190740, 0.193565, 0.195711, 0.197155, 0.197881, 0.197881, 0.197155, 0.195711, 0.193565, 0.190741, 0.187268, 0.183184, 0.178531, 0.173359, 0.167719, 0.161668, 0.155263, 0.148566, 0.141636, 0.134534, 0.127320, 0.120051, 0.112782, 0.105565, 0.098448, 0.091475, 0.084684, 0.078111, 0.071784, 0.065729, 0.059964, 0.054506, 0.049365, 0.044546, 0.040053, 0.035884, 0.032034, 0.028497, 0.025264, 0.022322, 0.019660, 0.017264, 0.015118, 0.013209, 0.011520, 0.010039, 0.008750, 0.007641, 0.006699, 0.005913, 0.005274, 0.004772, 0.004402, 0.004158, 0.004037
0.004607, 0.004746, 0.005024, 0.005446, 0.006018, 0.006748, 0.007645, 0.008720, 0.009985, 0.011456, 0.013147, 0.015073, 0.017252, 0.019700, 0.022435, 0.025473, 0.028830, 0.032520, 0.036556, 0.040948, 0.045706, 0.050834, 0.056332, 0.062199, 0.068428, 0.075006, 0.081915, 0.089135, 0.096636, 0.104385, 0.112343, 0.120464, 0.128700, 0.136994, 0.145289, 0.153521, 0.161625, 0.169533, 0.177176, 0.184485, 0.191390, 0.197826, 0.203728, 0.209037, 0.213697, 0.217660, 0.220883, 0.223332, 0.224980, 0.225808, 0.225808, 0.224980, 0.223332, 0.220884, 0.217660, 0.213697, 0.209037, 0.203728, 0.197826, 0.191390, 0.184485, 0.177177, 0.169534, 0.161626, 0.153522, 0.145290, 0.136995, 0.128700, 0.120465, 0.112343, 0.104386, 0.096637, 0.089136, 0.081916, 0.075006, 0.068428, 0.062200, 0.056333, 0.050834, 0.045706, 0.040949, 0.036556, 0.032520, 0.028830, 0.025473, 0.022435, 0.019701, 0.017252, 0.015073, 0.013147, 0.011456, 0.009985, 0.008720, 0.007645, 0.006748, 0.006018, 0.005446, 0.005024, 0.004746, 0.004607
0.005236, 0.005393, 0.005709, 0.006189, 0.006839, 0.007668, 0.008687, 0.009909, 0.011348, 0.013019, 0.014940, 0.017129, 0.019605, 0.022388, 0.025496, 0.028948, 0.032762, 0.036956, 0.041542, 0.046534, 0.051941, 0.057767, 0.064016, 0.070683, 0.077761, 0.085236, 0.093088, 0.101293, 0.109817, 0.118623, 0.127666, 0.136895, 0.146253, 0.155679, 0.165105, 0.174460, 0.183669, 0.192656, 0.201341, 0.209646, 0.217493, 0.224806, 0.231513, 0.237546, 0.242842, 0.247346, 0.251009, 0.253792, 0.255664, 0.256605, 0.256605, 0.255664, 0.253792, 0.251009, 0.247346, 0.242843, 0.237547, 0.231514, 0.224807, 0.217493, 0.209646, 0.201341, 0.192656, 0.183670, 0.174461, 0.165106, 0.155680, 0.146254, 0.136895, 0.127666, 0.118623, 0.109817, 0.101293, 0.093089, 0.085237, 0.077762, 0.070684, 0.064016, 0.057768, 0.051941, 0.046534, 0.041542, 0.036956, 0.032763, 0.028948, 0.025496, 0.022388, 0.019605, 0.017129, 0.014940, 0.013019, 0.011348, 0.009909, 0.008688, 0.007668, 0.006839, 0.006189, 0.005709, 0.005393, 0.005236
0.005926, 0.006103, 0.006461, 0.007004, 0.007740, 0.008678, 0.009831, 0.011214, 0.012842, 0.014733, 0.016907, 0.019384, 0.022187, 0.025335, 0.028853, 0.032759, 0.037076, 0.041821, 0.047011, 0.052661, 0.058779, 0.065373, 0.072444, 0.079989, 0.087999, 0.096457, 0.105344, 0.114628, 0.124274, 0.134239, 0.144472, 0.154916, 0.165507, 0.176173, 0.186840, 0.197426, 0.207847, 0.218017, 0.227845, 0.237243, 0.246123, 0.254400, 0.261990, 0.268817, 0.274810, 0.279906, 0.284051, 0.287200, 0.289319, 0.290385, 0.290385, 0.289319, 0.287201, 0.284051, 0.279906, 0.274810, 0.268817, 0.261990, 0.254400, 0.246124, 0.237244, 0.227846, 0.218017, 0.207848, 0.197427, 0.186841, 0.176174, 0.165507, 0.154917, 0.144473, 0.134240, 0.124275, 0.114628, 0.105344, 0.096458, 0.087999, 0.079989, 0.072444, 0.065373, 0.058779, 0.052661, 0.047012, 0.041821, 0.037076, 0.032760, 0.028853, 0.025336, 0.022187, 0.019385, 0.016907, 0.014733, 0.012842, 0.011214, 0.009831, 0.008678, 0.007740, 0.007004, 0.006461, 0.006103, 0.005926
0.006678, 0.006878, 0.007281, 0.007893, 0.008722, 0.009780, 0.011079, 0.012637, 0.014472, 0.016603, 0.019053, 0.021845, 0.025003, 0.028551, 0.032515, 0.036917, 0.041782, 0.047129, 0.052978, 0.059344, 0.066239, 0.073669, 0.081638, 0.090141, 0.099167, 0.108699, 0.118713, 0.129175, 0.140045, 0.151275, 0.162807, 0.174576, 0.186510, 0.198530, 0.210550, 0.222480, 0.234223, 0.245683, 0.256758, 0.267350, 0.277357, 0.286683, 0.295236, 0.302929, 0.309683, 0.315426, 0.320097, 0.323646, 0.326034, 0.327234, 0.327234, 0.326034, 0.323646, 0.320097, 0.315426, 0.309683, 0.302930, 0.295237, 0.286683, 0.277357, 0.267350, 0.256759, 0.245684, 0.234224, 0.222480, 0.210551, 0.198530, 0.186511, 0.174577, 0.162808, 0.151276, 0.140046, 0.129176, 0.118713, 0.108700, 0.099167, 0.090141, 0.081639, 0.073670, 0.066239, 0.059344, 0.052978, 0.047129, 0.041782, 0.036917, 0.032515, 0.028551, 0.025003, 0.021845, 0.019053, 0.016603, 0.014472, 0.012637, 0.011079, 0.009780, 0.008722, 0.007893, 0.007281, 0.006878, 0.006678
0.007494, 0.007719, 0.008171, 0.008858, 0.009788, 0.010975, 0.012433, 0.014182, 0.016240, 0.018632, 0.021381, 0.024514, 0.028058, 0.032040, 0.036488, 0.041428, 0.046887, 0.052888, 0.059451, 0.066595, 0.074332, 0.082671, 0.091613, 0.101154, 0.111283, 0.121980, 0.133217, 0.144957, 0.157156, 0.169757, 0.182698, 0.195904, 0.209296, 0.222785, 0.236273, 0.249660, 0.262839, 0.275698, 0.288127, 0.300012, 0.311241, 0.321707, 0.331305, 0.339938, 0.347517, 0.353962, 0.359203, 0.363186, 0.365865, 0.367212, 0.367212, 0.365865, 0.363186, 0.359204, 0.353962, 0.347517, 0.339939, 0.331305, 0.321708, 0.311242, 0.300013, 0.288128, 0.275699, 0.262839, 0.249661, 0.236274, 0.222785, 0.209297, 0.195905, 0.182698, 0.169758, 0.157156, 0.144958, 0.133217, 0.121980, 0.111284, 0.101155, 0.091613, 0.082671, 0.074333, 0.066595, 0.059452, 0.052888, 0.046887, 0.041428, 0.036488, 0.032040, 0.028058, 0.024514, 0.021381, 0.018632, 0.016240, 0.014182, 0.012433, 0.010975, 0.009788, 0.008858, 0.008171, 0.007719, 0.007494
0.008374, 0.008625, 0.009131, 0.009898, 0.010938, 0.012264, 0.013894, 0.015848, 0.018148, 0.020821, 0.023893, 0.027394, 0.031354, 0.035804, 0.040774, 0.046295, 0.052395, 0.059100, 0.066435, 0.074418, 0.083064, 0.092382, 0.102374, 0.113036, 0.124354, 0.136308, 0.148864, 0.161984, 0.175615, 0.189696, 0.204156, 0.218914, 0.233879, 0.248952, 0.264025, 0.278984, 0.293710, 0.308080, 0.321968, 0.335249, 0.347797, 0.359492, 0.370218, 0.379865, 0.388333, 0.395535, 0.401392, 0.405842, 0.408836, 0.410342, 0.410342, 0.408836, 0.405843, 0.401393, 0.395535, 0.388334, 0.379865, 0.370218, 0.359493, 0.347798, 0.335250, 0.321969, 0.308081, 0.293711, 0.278985, 0.264026, 0.248953, 0.233880, 0.218915, 0.204157, 0.189697, 0.175615, 0.161985, 0.148865, 0.136308, 0.124355, 0.113037, 0.102375, 0.092382, 0.083064, 0.074418, 0.066435, 0.059101, 0.052395, 0.046295, 0.040774, 0.035804, 0.031354, 0.027394, 0.023893, 0.020821, 0.018148, 0.015848, 0.013894, 0.012264, 0.010938, 0.009898, 0.009131, 0.008625, 0.008374
0.009319, 0.009598, 0.010161, 0.011015, 0.012172, 0.013647, 0.015461, 0.017635, 0.020195, 0.023169, 0.026588, 0.030483, 0.034890, 0.039841, 0.045372, 0.051515, 0.058303, 0.065765, 0.073926, 0.082809, 0.092430, 0.102799, 0.113918, 0.125782, 0.138376, 0.151677, 0.165650, 0.180248, 0.195416, 0.211085, 0.227175, 0.243597, 0.260249, 0.277021, 0.293794, 0.310439, 0.326826, 0.342816, 0.358270, 0.373048, 0.387011, 0.400024, 0.411959, 0.422693, 0.432117, 0.440131, 0.446648, 0.451600, 0.454931, 0.456607, 0.456607, 0.454932, 0.451600, 0.446649, 0.440131, 0.432117, 0.422694, 0.411960, 0.400025, 0.387012, 0.373049, 0.358271, 0.342817, 0.326827, 0.310440, 0.293794, 0.277022, 0.260250, 0.243598, 0.227176, 0.211086, 0.195417, 0.180249, 0.165650, 0.151678, 0.138377, 0.125783, 0.113918, 0.102799, 0.092431, 0.082810, 0.073927, 0.065765, 0.058303, 0.051516, 0.045372, 0.039842, 0.034890, 0.030484, 0.026588, 0.023169, 0.020195, 0.017635, 0.015461, 0.013648, 0.012172, 0.011015, 0.010161, 0.009598, 0.009319
0.010326, 0.010636, 0.011259, 0.012205, 0.013487, 0.015123, 0.017132, 0.019541, 0.022378, 0.025673, 0.029461, 0.033778, 0.038661, 0.044147, 0.050276, 0.057083, 0.064604, 0.072872, 0.081916, 0.091759, 0.102419, 0.113908, 0.126229, 0.139375, 0.153330, 0.168068, 0.183550, 0.199726, 0.216533, 0.233895, 0.251724, 0.269921, 0.288372, 0.306956, 0.325541, 0.343985, 0.362143, 0.379860, 0.396984, 0.413359, 0.428831, 0.443250, 0.456474, 0.468369, 0.478810, 0.487690, 0.494911, 0.500398, 0.504090, 0.505946, 0.505946, 0.504090, 0.500398, 0.494912, 0.487690, 0.478811, 0.468369, 0.456475, 0.443251, 0.428832, 0.413360, 0.396985, 0.379861, 0.362144, 0.343986, 0.325542, 0.306957, 0.288373, 0.269922, 0.251725, 0.233896, 0.216534, 0.199727, 0.183551, 0.168069, 0.153331, 0.139376, 0.126230, 0.113909, 0.102420, 0.091759, 0.081916, 0.072873, 0.064605, 0.057083, 0.050276, 0.044148, 0.038661, 0.033779, 0.029462, 0.025673, 0.022378, 0.019541, 0.017132, 0.015123, 0.013488, 0.012205, 0.011259, 0.010636, 0.010326
0.011394, 0.011736, 0.012424, 0.013468, 0.014882, 0.016687, 0.018904, 0.021562, 0.024692, 0.028328, 0.032508, 0.037271, 0.042659, 0.048712, 0.055474, 0.062985, 0.071284, 0.080407, 0.090386, 0.101246, 0.113009, 0.125686, 0.139280, 0.153785, 0.169183, 0.185444, 0.202527, 0.220376, 0.238920, 0.258077, 0.277749, 0.297827, 0.318186, 0.338691, 0.359197, 0.379548, 0.399582, 0.419132, 0.438026, 0.456093, 0.473165, 0.489075, 0.503666, 0.516790, 0.528311, 0.538108, 0.546076, 0.552130, 0.556203, 0.558251, 0.558251, 0.556203, 0.552130, 0.546077, 0.538108, 0.528311, 0.516790, 0.503666, 0.489075, 0.473166, 0.456094, 0.438027, 0.419133, 0.399584, 0.379549, 0.359198, 0.338693, 0.318187, 0.297828, 0.277751, 0.258078, 0.238921, 0.220377, 0.202528, 0.185446, 0.169184, 0.153786, 0.139281, 0.125687, 0.113010, 0.101247, 0.090386, 0.080408, 0.071285, 0.062986, 0.055475, 0.048713, 0.042659, 0.037271, 0.032508, 0.028328, 0.024692, 0.021562, 0.018904, 0.016687, 0.014882, 0.013468, 0.012424, 0.011736, 0.011394
0.012520, 0.012895, 0.013651, 0.014798, 0.016352, 0.018335, 0.020771, 0.023691, 0.027130, 0.031125, 0.035718, 0.040952, 0.046871, 0.053523, 0.060952, 0.069205, 0.078323, 0.088347, 0.099310, 0.111243, 0.124167, 0.138095, 0.153031, 0.168968, 0.185886, 0.203753, 0.222523, 0.242133, 0.262508, 0.283556, 0.305171, 0.327230, 0.349599, 0.372129, 0.394659, 0.417019, 0.439031, 0.460510, 0.481269, 0.501120, 0.519876, 0.537357, 0.553388, 0.567808, 0.580466, 0.591231, 0.599986, 0.606637, 0.611112, 0.613362, 0.613362, 0.611112, 0.606637, 0.599986, 0.591231, 0.580467, 0.567809, 0.553389, 0.537358, 0.519878, 0.501121, 0.481271, 0.460511, 0.439032, 0.417020, 0.394660, 0.372130, 0.349601, 0.327232, 0.305172, 0.283557, 0.262509, 0.242134, 0.222524, 0.203755, 0.185887, 0.168969, 0.153032, 0.138096, 0.124168, 0.111244, 0.099311, 0.088347, 0.078324, 0.069205, 0.060953, 0.053523, 0.046871, 0.040952, 0.035718, 0.031126, 0.027130, 0.023692, 0.020771, 0.018335, 0.016352, 0.014798, 0.013651, 0.012895, 0.012520
0.013698, 0.014109, 0.014935, 0.016190, 0.017891, 0.020060, 0.022726, 0.025921, 0.029683, 0.034055, 0.039079, 0.044805, 0.051282, 0.058559, 0.066688, 0.075717, 0.085693, 0.096659, 0.108655, 0.121710, 0.135850, 0.151088, 0.167430, 0.184866, 0.203376, 0.222924, 0.243459, 0.264914, 0.287206, 0.310234, 0.333882, 0.358017, 0.382490, 0.407139, 0.431789, 0.456252, 0.480335, 0.503834, 0.526546, 0.548265, 0.568785, 0.587910, 0.605450, 0.621226, 0.635075, 0.646852, 0.656430, 0.663707, 0.668603, 0.671065, 0.671065, 0.668604, 0.663707, 0.656431, 0.646852, 0.635076, 0.621226, 0.605451, 0.587911, 0.568787, 0.548266, 0.526548, 0.503836, 0.480336, 0.456254, 0.431790, 0.407141, 0.382492, 0.358018, 0.333883, 0.310235, 0.287207, 0.264915, 0.243460, 0.222925, 0.203377, 0.184867, 0.167431, 0.151089, 0.135851, 0.121711, 0.108655, 0.096660, 0.085693, 0.075717, 0.066688, 0.058559, 0.051282, 0.044806, 0.039080, 0.034055, 0.029684, 0.025921, 0.022726, 0.020060, 0.017891, 0.016191, 0.014935, 0.014109, 0.013698
0.014924, 0.015371, 0.016272, 0.017639, 0.019492, 0.021855, 0.024759, 0.028240, 0.032339, 0.037102, 0.042576, 0.048814, 0.055870, 0.063798, 0.072654, 0.082491, 0.093359, 0.105307, 0.118375, 0.132599, 0.148003, 0.164604, 0.182407, 0.201403, 0.221569, 0.242865, 0.265237, 0.288612, 0.312897, 0.337986, 0.363749, 0.390042, 0.416705, 0.443558, 0.470413, 0.497064, 0.523300, 0.548902, 0.573645, 0.597306, 0.619662, 0.640498, 0.659606, 0.676793, 0.691881, 0.704711, 0.715146, 0.723074, 0.728408, 0.731090, 0.731090, 0.728408, 0.723074, 0.715147, 0.704711, 0.691882, 0.676794, 0.659607, 0.640499, 0.619663, 0.597308, 0.573647, 0.548904, 0.523302, 0.497066, 0.470414, 0.443560, 0.416706, 0.390044, 0.363750, 0.337987, 0.312899, 0.288613, 0.265239, 0.242867, 0.221570, 0.201405, 0.182409, 0.164605, 0.148004, 0.132599, 0.118376, 0.105308, 0.093360, 0.082491, 0.072655, 0.063799, 0.055870, 0.048814, 0.042576, 0.037102, 0.032340, 0.028241, 0.024759, 0.021855, 0.019492, 0.017639, 0.016272, 0.015371, 0.014924
0.016190, 0.016676, 0.017653, 0.019136, 0.021146, 0.023710, 0.026860, 0.030637, 0.035084, 0.040250, 0.046189, 0.052956, 0.060611, 0.069212, 0.078819, 0.089490, 0.101281, 0.114242, 0.128419, 0.143849, 0.160560, 0.178570, 0.197884, 0.218491, 0.240368, 0.263471, 0.287741, 0.313098, 0.339444, 0.366660, 0.394609, 0.423133, 0.452057, 0.481189, 0.510321, 0.539233, 0.567695, 0.595469, 0.622311, 0.647979, 0.672231, 0.694834, 0.715563, 0.734208, 0.750576, 0.764494, 0.775814, 0.784415, 0.790201, 0.793110, 0.793110, 0.790201, 0.784415, 0.775815, 0.764495, 0.750576, 0.734209, 0.715564, 0.694835, 0.672232, 0.647980, 0.622312, 0.595470, 0.567697, 0.539235, 0.510323, 0.481191, 0.452059, 0.423135, 0.394611, 0.366662, 0.339446, 0.313099, 0.287742, 0.263472, 0.240369, 0.218492, 0.197885, 0.178571, 0.160561, 0.143850, 0.128420, 0.114243, 0.101282, 0.089491, 0.078820, 0.069212, 0.060611, 0.052957, 0.046189, 0.040250, 0.035084, 0.030637, 0.026861, 0.023710, 0.021146, 0.019136, 0.017653, 0.016676, 0.016190
0.017490, 0.018014, 0.019070, 0.020672, 0.022844, 0.025613, 0.029016, 0.033096, 0.037900, 0.043481, 0.049896, 0.057206, 0.065475, 0.074766, 0.085145, 0.096672, 0.109409, 0.123410, 0.138725, 0.155392, 0.173445, 0.192900, 0.213763, 0.236024, 0.259656, 0.284613, 0.310830, 0.338222, 0.366682, 0.396082, 0.426273, 0.457086, 0.488330, 0.519799, 0.551268, 0.582501, 0.613246, 0.643247, 0.672243, 0.699970, 0.726169, 0.750585, 0.772977, 0.793117, 0.810798, 0.825833, 0.838062, 0.847352, 0.853603, 0.856746, 0.856746, 0.853603, 0.847353, 0.838063, 0.825834, 0.810799, 0.793118, 0.772978, 0.750586, 0.726170, 0.699972, 0.672245, 0.643249, 0.613248, 0.582502, 0.551270, 0.519801, 0.488332, 0.457087, 0.426275, 0.396084, 0.366683, 0.338223, 0.310832, 0.284614, 0.259657, 0.236026, 0.213764, 0.192901, 0.173446, 0.155393, 0.138726, 0.123411, 0.109410, 0.096673, 0.085145, 0.074767, 0.065476, 0.057207, 0.049896, 0.043481, 0.037900, 0.033096, 0.029017, 0.025613, 0.022844, 0.020673, 0.019070, 0.018014, 0.017490
0.018814, 0.019378, 0.020514, 0.022237, 0.024573, 0.027552, 0.031212, 0.035601, 0.040768, 0.046771, 0.053672, 0.061536, 0.070430, 0.080424, 0.091588, 0.103987, 0.117688, 0.132749, 0.149221, 0.167150, 0.186568, 0.207495, 0.229937, 0.253882, 0.279302, 0.306147, 0.334348, 0.363812, 0.394425, 0.426049, 0.458524, 0.491668, 0.525276, 0.559126, 0.592975, 0.626570, 0.659641, 0.691912, 0.723101, 0.752926, 0.781106, 0.807369, 0.831455, 0.853119, 0.872137, 0.888310, 0.901464, 0.911456, 0.918180, 0.921560, 0.921560, 0.918181, 0.911456, 0.901464, 0.888311, 0.872138, 0.853120, 0.831456, 0.807371, 0.781108, 0.752928, 0.723103, 0.691914, 0.659643, 0.626572, 0.592977, 0.559128, 0.525278, 0.491670, 0.458526, 0.426051, 0.394427, 0.363814, 0.334350, 0.306149, 0.279304, 0.253884, 0.229939, 0.207497, 0.186570, 0.167151, 0.149222, 0.132750, 0.117689, 0.103988, 0.091588, 0.080425, 0.070431, 0.061536, 0.053672, 0.046772, 0.040768, 0.035601, 0.031213, 0.027552, 0.024573, 0.022237, 0.020514, 0.019378, 0.018814
0.020152, 0.020756, 0.021973, 0.023819, 0.026320, 0.029511, 0.033432, 0.038133, 0.043667, 0.050097, 0.057489, 0.065911, 0.075438, 0.086143, 0.098100, 0.111381, 0.126056, 0.142187, 0.159831, 0.179034, 0.199833, 0.222248, 0.246285, 0.271933, 0.299159, 0.327913, 0.358118, 0.389676, 0.422466, 0.456338, 0.491121, 0.526620, 0.562618, 0.598874, 0.635130, 0.671112, 0.706534, 0.741099, 0.774505, 0.806450, 0.836633, 0.864762, 0.890560, 0.913764, 0.934134, 0.951456, 0.965545, 0.976248, 0.983450, 0.987070, 0.987070, 0.983450, 0.976249, 0.965545, 0.951457, 0.934135, 0.913765, 0.890562, 0.864764, 0.836634, 0.806451, 0.774507, 0.741101, 0.706536, 0.671115, 0.635132, 0.598876, 0.562620, 0.526622, 0.491123, 0.456340, 0.422468, 0.389679, 0.358120, 0.327914, 0.299161, 0.271934, 0.246287, 0.222249, 0.199834, 0.179036, 0.159832, 0.142188, 0.126057, 0.111382, 0.098101, 0.086144, 0.075439, 0.065912, 0.057489, 0.050098, 0.043668, 0.038133, 0.033433, 0.029511, 0.026321, 0.023819, 0.021973, 0.020756, 0.020152
0.021494, 0.022138, 0.023435, 0.025404, 0.028072, 0.031476, 0.035658, 0.040671, 0.046574, 0.053432, 0.061315, 0.070298, 0.080459, 0.091876, 0.104629, 0.118794, 0.134445, 0.151649, 0.170467, 0.190949, 0.213131, 0.237038, 0.262674, 0.290028, 0.319067, 0.349733, 0.381948, 0.415606, 0.450577, 0.486703, 0.523801, 0.561662, 0.600054, 0.638722, 0.677390, 0.715766, 0.753545, 0.790410, 0.826038, 0.860107, 0.892298, 0.922300, 0.949814, 0.974561, 0.996287, 1.014761, 1.029787, 1.041202, 1.048883, 1.052744, 1.052744, 1.048883, 1.041203, 1.029787, 1.014762, 0.996288, 0.974563, 0.949815, 0.922301, 0.892300, 0.860109, 0.826040, 0.790412, 0.753547, 0.715769, 0.677392, 0.638724, 0.600056, 0.561664, 0.523803, 0.486705, 0.450579, 0.415609, 0.381950, 0.349735, 0.319069, 0.290030, 0.262675, 0.237039, 0.213133, 0.190950, 0.170469, 0.151650, 0.134446, 0.118795, 0.104630, 0.091877, 0.080460, 0.070299, 0.061316, 0.053432, 0.046574, 0.040671, 0.035658, 0.031476, 0.028073, 0.025405, 0.023435, 0.022138, 0.021494
0.022827, 0.023511, 0.024889, 0.026980, 0.029814, 0.033428, 0.037870, 0.043194, 0.049463, 0.056746, 0.065118, 0.074658, 0.085449, 0.097574, 0.111118, 0.126161, 0.142782, 0.161054, 0.181039, 0.202790, 0.226348, 0.251737, 0.278963, 0.308013, 0.338852, 0.371419, 0.405632, 0.441377, 0.478515, 0.516881, 0.556279, 0.596487, 0.637259, 0.678324, 0.719390, 0.760145, 0.800266, 0.839416, 0.877253, 0.913434, 0.947621, 0.979482, 1.008701, 1.034983, 1.058056, 1.077675, 1.093632, 1.105755, 1.113912, 1.118013, 1.118013, 1.113912, 1.105756, 1.093633, 1.077676, 1.058057, 1.034985, 1.008703, 0.979484, 0.947623, 0.913437, 0.877255, 0.839418, 0.800268, 0.760148, 0.719392, 0.678327, 0.637262, 0.596490, 0.556281, 0.516883, 0.478518, 0.441379, 0.405634, 0.371421, 0.338853, 0.308015, 0.278964, 0.251738, 0.226350, 0.202792, 0.181040, 0.161055, 0.142783, 0.126162, 0.111118, 0.097575, 0.085450, 0.074659, 0.065119, 0.056746, 0.049463, 0.043194, 0.037870, 0.033428, 0.029814, 0.026980, 0.024889, 0.023511, 0.022827
0.024140, 0.024864, 0.026321, 0.028532, 0.031529, 0.035350, 0.040047, 0.045678, 0.052307, 0.060009, 0.068862, 0.078951, 0.090362, 0.103185, 0.117506, 0.133414, 0.150991, 0.170313, 0.191447, 0.214449, 0.239361, 0.266209, 0.295000, 0.325720, 0.358332, 0.392771, 0.428950, 0.466750, 0.506023, 0.546594, 0.588256, 0.630775, 0.673891, 0.717316, 0.760742, 0.803840, 0.846266, 0.887666, 0.927678, 0.965939, 1.002090, 1.035782, 1.066681, 1.094473, 1.118872, 1.139619, 1.156493, 1.169313, 1.177938, 1.182275, 1.182275, 1.177939, 1.169313, 1.156494, 1.139619, 1.118873, 1.094475, 1.066683, 1.035784, 1.002092, 0.965941, 0.927680, 0.887668, 0.846269, 0.803842, 0.760745, 0.717319, 0.673894, 0.630778, 0.588258, 0.546596, 0.506025, 0.466752, 0.428952, 0.392774, 0.358334, 0.325722, 0.295002, 0.266211, 0.239363, 0.214450, 0.191448, 0.170314, 0.150992, 0.133415, 0.117507, 0.103185, 0.090363, 0.078952, 0.068863, 0.060009, 0.052307, 0.045678, 0.040048, 0.035351, 0.031529, 0.028532, 0.026321, 0.024864, 0.024140
0.025420, 0.026182, 0.027716, 0.030045, 0.033200, 0.037224, 0.042170, 0.048099, 0.055079, 0.063189, 0.072512, 0.083135, 0.095151, 0.108653, 0.123733, 0.140484, 0.158992, 0.179338, 0.201591, 0.225812, 0.252044, 0.280314, 0.310631, 0.342978, 0.377317, 0.413582, 0.451677, 0.491479, 0.532833, 0.575552, 0.619421, 0.664193, 0.709593, 0.755318, 0.801044, 0.846425, 0.891099, 0.934691, 0.976822, 1.017110, 1.055176, 1.090652, 1.123188, 1.152453, 1.178143, 1.199989, 1.217758, 1.231256, 1.240339, 1.244905, 1.244905, 1.240339, 1.231257, 1.217759, 1.199991, 1.178145, 1.152454, 1.123190, 1.090654, 1.055178, 1.017112, 0.976825, 0.934694, 0.891101, 0.846428, 0.801047, 0.755321, 0.709596, 0.664196, 0.619424, 0.575555, 0.532835, 0.491481, 0.451679, 0.413584, 0.377320, 0.342980, 0.310633, 0.280316, 0.252046, 0.225814, 0.201593, 0.179339, 0.158993, 0.140485, 0.123734, 0.108653, 0.095152, 0.083136, 0.072513, 0.063190, 0.055080, 0.048099, 0.042170, 0.037225, 0.033200, 0.030045, 0.027716, 0.026182, 0.025420
0.026653, 0.027452, 0.029061, 0.031502, 0.034811, 0.039030, 0.044216, 0.050432, 0.057751, 0.066255, 0.076030, 0.087168, 0.099766, 0.113923, 0.129734, 0.147298, 0.166704, 0.188036, 0.211369, 0.236764, 0.264268, 0.293909, 0.325695, 0.359611, 0.395615, 0.433638, 0.473580, 0.515312, 0.558671, 0.603462, 0.649458, 0.696400, 0.744001, 0.791943, 0.839886, 0.887467, 0.934306, 0.980012, 1.024186, 1.066426, 1.106338, 1.143534, 1.177647, 1.208331, 1.235267, 1.258171, 1.276801, 1.290955, 1.300478, 1.305265, 1.305265, 1.300478, 1.290955, 1.276802, 1.258173, 1.235268, 1.208333, 1.177649, 1.143537, 1.106340, 1.066429, 1.024188, 0.980015, 0.934309, 0.887469, 0.839889, 0.791946, 0.744004, 0.696403, 0.649461, 0.603464, 0.558673, 0.515314, 0.473583, 0.433640, 0.395618, 0.359613, 0.325697, 0.293911, 0.264269, 0.236765, 0.211370, 0.188037, 0.166705, 0.147299, 0.129735, 0.113924, 0.099767, 0.087169, 0.076030, 0.066255, 0.057752, 0.050432, 0.044216, 0.039031, 0.034811, 0.031503, 0.029061, 0.027452, 0.026653
