0.000000, 0.000000, 0.000000, 0.000000, 0.000000, 0.000000, 0.000000, 0.000001, 0.000001, 0.000001, 0.000002, 0.000002, 0.000003, 0.000004, 0.000005, 0.000006, 0.000008, 0.000010, 0.000012, 0.000016, 0.000019, 0.000024, 0.000029, 0.000035, 0.000043, 0.000051, 0.000061, 0.000072, 0.000084, 0.000098, 0.000113, 0.000129, 0.000147, 0.000166, 0.000186, 0.000208, 0.000230, 0.000252, 0.000275, 0.000298, 0.000320, 0.000341, 0.000362, 0.000380, 0.000397, 0.000412, 0.000424, 0.000433, 0.000439, 0.000442, 0.000442, 0.000439, 0.000433, 0.000424, 0.000412, 0.000397, 0.000380, 0.000362, 0.000341, 0.000320, 0.000298, 0.000275, 0.000252, 0.000230, 0.000208, 0.000186, 0.000166, 0.000147, 0.000129, 0.000113, 0.000098, 0.000084, 0.000072, 0.000061, 0.000051, 0.000043, 0.000035, 0.000029, 0.000024, 0.000019, 0.000016, 0.000012, 0.000010, 0.000008, 0.000006, 0.000005, 0.000004, 0.000003, 0.000002, 0.000002, 0.000001, 0.000001, 0.000001, 0.000000, 0.000000, 0.000000, 0.000000, 0.000000, 0.000000, 0.000000
0.000000, 0.000000, 0.000000, 0.000000, 0.000000, 0.000001, 0.000001, 0.000001, 0.000001, 0.000002, 0.000002, 0.000003, 0.000004, 0.000005, 0.000007, 0.000009, 0.000011, 0.000014, 0.000018, 0.000022, 0.000027, 0.000034, 0.000041, 0.000050, 0.000061, 0.000073, 0.000086, 0.000102, 0.000119, 0.000139, 0.000160, 0.000184, 0.000209, 0.000236, 0.000265, 0.000296, 0.000327, 0.000359, 0.000391, 0.000424, 0.000455, 0.000486, 0.000515, 0.000541, 0.000565, 0.000586, 0.000603, 0.000616, 0.000625, 0.000630, 0.000630, 0.000625, 0.000616, 0.000603, 0.000586, 0.000565, 0.000541, 0.000515, 0.000486, 0.000455, 0.000424, 0.000391, 0.000359, 0.000327, 0.000296, 0.000265, 0.000236, 0.000209, 0.000184, 0.000160, 0.000139, 0.000119, 0.000102, 0.000086, 0.000073, 0.000061, 0.000050, 0.000041, 0.000034, 0.000027, 0.000022, 0.000018, 0.000014, 0.000011, 0.000009, 0.000007, 0.000005, 0.000004, 0.000003, 0.000002, 0.000002, 0.000001, 0.000001, 0.000001, 0.000001, 0.000000, 0.000000, 0.000000, 0.000000, 0.000000
0.000000, 0.000000, 0.000000, 0.000000, 0.000001, 0.000001, 0.000001, 0.000001, 0.000002, 0.000002, 0.000003, 0.000004, 0.000006, 0.000007, 0.000010, 0.000012, 0.000016, 0.000020, 0.000025, 0.000031, 0.000039, 0.000048, 0.000059, 0.000071, 0.000086, 0.000103, 0.000122, 0.000144, 0.000169, 0.000196, 0.000226, 0.000260, 0.000296, 0.000334, 0.000375, 0.000418, 0.000462, 0.000507, 0.000553, 0.000599, 0.000643, 0.000686, 0.000727, 0.000765, 0.000798, 0.000828, 0.000852, 0.000871, 0.000883, 0.000890, 0.000890, 0.000883, 0.000871, 0.000852, 0.000828, 0.000798, 0.000765, 0.000727, 0.000686, 0.000643, 0.000599, 0.000553, 0.000507, 0.000462, 0.000418, 0.000375, 0.000334, 0.000296, 0.000260, 0.000226, 0.000196, 0.000169, 0.000144, 0.000122, 0.000103, 0.000086, 0.000071, 0.000059, 0.000048, 0.000039, 0.000031, 0.000025, 0.000020, 0.000016, 0.000012, 0.000010, 0.000007, 0.000006, 0.000004, 0.000003, 0.000002, 0.000002, 0.000001, 0.000001, 0.000001, 0.000001, 0.000000, 0.000000, 0.000000, 0.000000
0.000000, 0.000000, 0.000000, 0.000001, 0.000001, 0.000001, 0.000001, 0.000002, 0.000003, 0.000003, 0.000005, 0.000006, 0.000008, 0.000010, 0.000013, 0.000017, 0.000022, 0.000028, 0.000035, 0.000044, 0.000054, 0.000067, 0.000082, 0.000100, 0.000120, 0.000144, 0.000171, 0.000202, 0.000236, 0.000275, 0.000318, 0.000364, 0.000415, 0.000469, 0.000526, 0.000586, 0.000648, 0.000712, 0.000776, 0.000840, 0.000902, 0.000963, 0.001020, 0.001073, 0.001120, 0.001161, 0.001195, 0.001221, 0.001239, 0.001248, 0.001248, 0.001239, 0.001221, 0.001195, 0.001161, 0.001120, 0.001073, 0.001020, 0.000963, 0.000902, 0.000840, 0.000776, 0.000712, 0.000648, 0.000586, 0.000526, 0.000469, 0.000415, 0.000364, 0.000318, 0.000275, 0.000236, 0.000202, 0.000171, 0.000144, 0.000120, 0.000100, 0.000082, 0.000067, 0.000054, 0.000044, 0.000035, 0.000028, 0.000022, 0.000017, 0.000013, 0.000010, 0.000008, 0.000006, 0.000005, 0.000003, 0.000003, 0.000002, 0.000001, 0.000001, 0.000001, 0.000001, 0.000000, 0.000000, 0.000000
0.000000, 0.000000, 0.000001, 0.000001, 0.000001, 0.000001, 0.000002, 0.000003, 0.000004, 0.000005, 0.000006, 0.000008, 0.000011, 0.000014, 0.000019, 0.000024, 0.000031, 0.000039, 0.000049, 0.000061, 0.000076, 0.000093, 0.000114, 0.000139, 0.000167, 0.000200, 0.000238, 0.000281, 0.000329, 0.000383, 0.000442, 0.000507, 0.000578, 0.000653, 0.000732, 0.000816, 0.000902, 0.000991, 0.001080, 0.001169, 0.001257, 0.001341, 0.001420, 0.001494, 0.001560, 0.001617, 0.001664, 0.001701, 0.001725, 0.001738, 0.001738, 0.001725, 0.001701, 0.001664, 0.001617, 0.001560, 0.001494, 0.001420, 0.001341, 0.001257, 0.001169, 0.001080, 0.000991, 0.000902, 0.000816, 0.000732, 0.000653, 0.000578, 0.000507, 0.000442, 0.000383, 0.000329, 0.000281, 0.000238, 0.000200, 0.000167, 0.000139, 0.000114, 0.000093, 0.000076, 0.000061, 0.000049, 0.000039, 0.000031, 0.000024, 0.000019, 0.000014, 0.000011, 0.000008, 0.000006, 0.000005, 0.000004, 0.000003, 0.000002, 0.000001, 0.000001, 0.000001, 0.000001, 0.000000, 0.000000
0.000000, 0.000001, 0.000001, 0.000001, 0.000001, 0.000002, 0.000003, 0.000004, 0.000005, 0.000007, 0.000009, 0.000012, 0.000015, 0.000020, 0.000026, 0.000033, 0.000042, 0.000054, 0.000068, 0.000084, 0.000105, 0.000129, 0.000158, 0.000192, 0.000231, 0.000277, 0.000329, 0.000389, 0.000455, 0.000530, 0.000612, 0.000701, 0.000798, 0.000902, 0.001013, 0.001128, 0.001248, 0.001370, 0.001494, 0.001617, 0.001738, 0.001854, 0.001964, 0.002065, 0.002157, 0.002236, 0.002301, 0.002351, 0.002385, 0.002403, 0.002403, 0.002385, 0.002351, 0.002301, 0.002236, 0.002157, 0.002065, 0.001964, 0.001854, 0.001738, 0.001617, 0.001494, 0.001370, 0.001248, 0.001128, 0.001013, 0.000902, 0.000798, 0.000701, 0.000612, 0.000530, 0.000455, 0.000389, 0.000329, 0.000277, 0.000231, 0.000192, 0.000158, 0.000129, 0.000105, 0.000084, 0.000068, 0.000054, 0.000042, 0.000033, 0.000026, 0.000020, 0.000015, 0.000012, 0.000009, 0.000007, 0.000005, 0.000004, 0.000003, 0.000002, 0.000001, 0.000001, 0.000001, 0.000001, 0.000000
0.000000, 0.000001, 0.000001, 0.000001, 0.000002, 0.000003, 0.000004, 0.000005, 0.000007, 0.000009, 0.000012, 0.000016, 0.000021, 0.000027, 0.000035, 0.000045, 0.000058, 0.000074, 0.000093, 0.000116, 0.000144, 0.000177, 0.000217, 0.000263, 0.000318, 0.000380, 0.000452, 0.000534, 0.000625, 0.000727, 0.000840, 0.000963, 0.001096, 0.001239, 0.001390, 0.001549, 0.001713, 0.001881, 0.002051, 0.002220, 0.002385, 0.002545, 0.002696, 0.002835, 0.002961, 0.003069, 0.003159, 0.003228, 0.003275, 0.003298, 0.003298, 0.003275, 0.003228, 0.003159, 0.003069, 0.002961, 0.002835, 0.002696, 0.002545, 0.002385, 0.002220, 0.002051, 0.001881, 0.001713, 0.001549, 0.001390, 0.001239, 0.001096, 0.000963, 0.000840, 0.000727, 0.000625, 0.000534, 0.000452, 0.000380, 0.000318, 0.000263, 0.000217, 0.000177, 0.000144, 0.000116, 0.000093, 0.000074, 0.000058, 0.000045, 0.000035, 0.000027, 0.000021, 0.000016, 0.000012, 0.000009, 0.000007, 0.000005, 0.000004, 0.000003, 0.000002, 0.000001, 0.000001, 0.000001, 0.000000
0.000001, 0.000001, 0.000001, 0.000002, 0.000003, 0.000004, 0.000005, 0.000007, 0.000009, 0.000012, 0.000016, 0.000022, 0.000028, 0.000037, 0.000048, 0.000062, 0.000079, 0.000100, 0.000126, 0.000158, 0.000196, 0.000242, 0.000296, 0.000359, 0.000433, 0.000518, 0.000616, 0.000727, 0.000852, 0.000991, 0.001144, 0.001312, 0.001494, 0.001688, 0.001895, 0.002111, 0.002334, 0.002563, 0.002795, 0.003025, 0.003251, 0.003469, 0.003674, 0.003864, 0.004035, 0.004183, 0.004305, 0.004399, 0.004463, 0.004495, 0.004495, 0.004463, 0.004399, 0.004305, 0.004183, 0.004035, 0.003864, 0.003674, 0.003469, 0.003251, 0.003025, 0.002795, 0.002563, 0.002334, 0.002111, 0.001895, 0.001688, 0.001494, 0.001312, 0.001145, 0.000991, 0.000852, 0.000727, 0.000616, 0.000518, 0.000433, 0.000359, 0.000296, 0.000242, 0.000196, 0.000158, 0.000126, 0.000100, 0.000079, 0.000062, 0.000048, 0.000037, 0.000028, 0.000022, 0.000016, 0.000012, 0.000009, 0.000007, 0.000005, 0.000004, 0.000003, 0.000002, 0.000001, 0.000001, 0.000001
0.000001, 0.000001, 0.000002, 0.000003, 0.000004, 0.000005, 0.000007, 0.000009, 0.000012, 0.000017, 0.000022, 0.000029, 0.000039, 0.000050, 0.000065, 0.000084, 0.000107, 0.000136, 0.000171, 0.000214, 0.000265, 0.000327, 0.000400, 0.000486, 0.000586, 0.000701, 0.000834, 0.000984, 0.001153, 0.001341, 0.001549, 0.001776, 0.002021, 0.002285, 0.002563, 0.002856, 0.003159, 0.003469, 0.003782, 0.004093, 0.004399, 0.004693, 0.004972, 0.005229, 0.005460, 0.005660, 0.005825, 0.005952, 0.006039, 0.006082, 0.006082, 0.006039, 0.005952, 0.005825, 0.005660, 0.005460, 0.005229, 0.004972, 0.004693, 0.004399, 0.004093, 0.003782, 0.003469, 0.003159, 0.002856, 0.002563, 0.002285, 0.002021, 0.001776, 0.001549, 0.001341, 0.001153, 0.000984, 0.000834, 0.000701, 0.000586, 0.000486, 0.000400, 0.000327, 0.000265, 0.000214, 0.000171, 0.000136, 0.000107, 0.000084, 0.000065, 0.000050, 0.000039, 0.000029, 0.000022, 0.000017, 0.000012, 0.000009, 0.000007, 0.000005, 0.000004, 0.000003, 0.000002, 0.000001, 0.000001
0.000001, 0.000002, 0.000002, 0.000003, 0.000005, 0.000007, 0.000009, 0.000012, 0.000017, 0.000022, 0.000030, 0.000039, 0.000052, 0.000068, 0.000088, 0.000113, 0.000144, 0.000182, 0.000230, 0.000287, 0.000356, 0.000439, 0.000537, 0.000653, 0.000787, 0.000942, 0.001120, 0.001322, 0.001549, 0.001801, 0.002080, 0.002385, 0.002715, 0.003069, 0.003444, 0.003837, 0.004243, 0.004660, 0.005080, 0.005499, 0.005910, 0.006305, 0.006679, 0.007024, 0.007334, 0.007603, 0.007825, 0.007996, 0.008112, 0.008171, 0.008171, 0.008112, 0.007996, 0.007825, 0.007603, 0.007334, 0.007024, 0.006679, 0.006305, 0.005910, 0.005499, 0.005080, 0.004660, 0.004243, 0.003837, 0.003444, 0.003069, 0.002715, 0.002385, 0.002080, 0.001801, 0.001549, 0.001322, 0.001120, 0.000942, 0.000787, 0.000653, 0.000537, 0.000439, 0.000356, 0.000287, 0.000230, 0.000182, 0.000144, 0.000113, 0.000088, 0.000068, 0.000052, 0.000039, 0.000030, 0.000022, 0.000017, 0.000012, 0.000009, 0.000007, 0.000005, 0.000003, 0.000002, 0.000002, 0.000001
0.000002, 0.000002, 0.000003, 0.000005, 0.000006, 0.000009, 0.000012, 0.000016, 0.000022, 0.000030, 0.000040, 0.000053, 0.000069, 0.000090, 0.000117, 0.000150, 0.000192, 0.000243, 0.000306, 0.000383, 0.000475, 0.000586, 0.000717, 0.000871, 0.001050, 0.001257, 0.001494, 0.001763, 0.002065, 0.002403, 0.002775, 0.003182, 0.003622, 0.004093, 0.004593, 0.005117, 0.005660, 0.006215, 0.006776, 0.007334, 0.007882, 0.008410, 0.008908, 0.009369, 0.009782, 0.010141, 0.010437, 0.010665, 0.010820, 0.010898, 0.010898, 0.010820, 0.010665, 0.010437, 0.010141, 0.009782, 0.009369, 0.008908, 0.008410, 0.007882, 0.007334, 0.006776, 0.006215, 0.005660, 0.005117, 0.004593, 0.004093, 0.003622, 0.003182, 0.002775, 0.002403, 0.002065, 0.001763, 0.001494, 0.001257, 0.001050, 0.000871, 0.000717, 0.000586, 0.000475, 0.000383, 0.000306, 0.000243, 0.000192, 0.000150, 0.000117, 0.000090, 0.000069, 0.000053, 0.000040, 0.000030, 0.000022, 0.000016, 0.000012, 0.000009, 0.000006, 0.000005, 0.000003, 0.000002, 0.000002
0.000002, 0.000003, 0.000004, 0.000006, 0.000008, 0.000012, 0.000016, 0.000022, 0.000029, 0.000039, 0.000053, 0.000070, 0.000091, 0.000119, 0.000155, 0.000199, 0.000254, 0.000322, 0.000406, 0.000507, 0.000630, 0.000776, 0.000949, 0.001153, 0.001390, 0.001664, 0.001978, 0.002334, 0.002735, 0.003182, 0.003674, 0.004213, 0.004796, 0.005420, 0.006082, 0.006776, 0.007494, 0.008230, 0.008972, 0.009712, 0.010437, 0.011136, 0.011796, 0.012406, 0.012953, 0.013428, 0.013821, 0.014122, 0.014327, 0.014431, 0.014431, 0.014327, 0.014122, 0.013821, 0.013428, 0.012953, 0.012406, 0.011796, 0.011136, 0.010437, 0.009712, 0.008973, 0.008230, 0.007494, 0.006776, 0.006082, 0.005420, 0.004796, 0.004213, 0.003674, 0.003182, 0.002735, 0.002334, 0.001978, 0.001664, 0.001390, 0.001153, 0.000949, 0.000776, 0.000630, 0.000507, 0.000406, 0.000322, 0.000254, 0.000199, 0.000155, 0.000119, 0.000091, 0.000070, 0.000053, 0.000039, 0.000029, 0.000022, 0.000016, 0.000012, 0.000008, 0.000006, 0.000004, 0.000003, 0.000002
0.000003, 0.000004, 0.000006, 0.000008, 0.000011, 0.000015, 0.000021, 0.000028, 0.000039, 0.000052, 0.000069, 0.000091, 0.000120, 0.000157, 0.000203, 0.000262, 0.000334, 0.000424, 0.000534, 0.000667, 0.000828, 0.001020, 0.001248, 0.001516, 0.001828, 0.002188, 0.002601, 0.003069, 0.003596, 0.004183, 0.004831, 0.005539, 0.006305, 0.007126, 0.007996, 0.008908, 0.009853, 0.010820, 0.011796, 0.012768, 0.013721, 0.014640, 0.015508, 0.016310, 0.017030, 0.017654, 0.018170, 0.018567, 0.018836, 0.018972, 0.018972, 0.018836, 0.018567, 0.018170, 0.017654, 0.017030, 0.016310, 0.015508, 0.014640, 0.013722, 0.012768, 0.011796, 0.010820, 0.009853, 0.008908, 0.007996, 0.007126, 0.006305, 0.005539, 0.004831, 0.004183, 0.003596, 0.003069, 0.002601, 0.002188, 0.001828, 0.001516, 0.001248, 0.001020, 0.000828, 0.000667, 0.000534, 0.000424, 0.000334, 0.000262, 0.000203, 0.000157, 0.000120, 0.000091, 0.000069, 0.000052, 0.000039, 0.000028, 0.000021, 0.000015, 0.000011, 0.000008, 0.000006, 0.000004, 0.000003
0.000004, 0.000005, 0.000007, 0.000010, 0.000014, 0.000020, 0.000027, 0.000037, 0.000050, 0.000068, 0.000090, 0.000119, 0.000157, 0.000205, 0.000265, 0.000341, 0.000436, 0.000553, 0.000696, 0.000871, 0.001080, 0.001331, 0.001629, 0.001978, 0.002385, 0.002856, 0.003395, 0.004006, 0.004693, 0.005460, 0.006305, 0.007229, 0.008230, 0.009301, 0.010437, 0.011627, 0.012861, 0.014122, 0.015397, 0.016666, 0.017910, 0.019109, 0.020242, 0.021288, 0.022228, 0.023043, 0.023716, 0.024234, 0.024586, 0.024763, 0.024763, 0.024586, 0.024234, 0.023716, 0.023043, 0.022228, 0.021288, 0.020242, 0.019109, 0.017910, 0.016666, 0.015397, 0.014122, 0.012861, 0.011627, 0.010437, 0.009301, 0.008230, 0.007229, 0.006305, 0.005460, 0.004693, 0.004006, 0.003395, 0.002856, 0.002385, 0.001978, 0.001629, 0.001331, 0.001080, 0.000871, 0.000696, 0.000553, 0.000436, 0.000341, 0.000265, 0.000205, 0.000157, 0.000119, 0.000090, 0.000068, 0.000050, 0.000037, 0.000027, 0.000020, 0.000014, 0.000010, 0.000007, 0.000005, 0.000004
0.000005, 0.000007, 0.000010, 0.000013, 0.000019, 0.000026, 0.000035, 0.000048, 0.000065, 0.000088, 0.000117, 0.000155, 0.000203, 0.000265, 0.000344, 0.000442, 0.000565, 0.000717, 0.000902, 0.001128, 0.001400, 0.001725, 0.002111, 0.002563, 0.003091, 0.003701, 0.004399, 0.005191, 0.006082, 0.007075, 0.008171, 0.009369, 0.010665, 0.012054, 0.013525, 0.015068, 0.016666, 0.018301, 0.019953, 0.021597, 0.023210, 0.024763, 0.026232, 0.027587, 0.028805, 0.029861, 0.030734, 0.031405, 0.031860, 0.032091, 0.032091, 0.031860, 0.031405, 0.030734, 0.029861, 0.028805, 0.027588, 0.026232, 0.024763, 0.023210, 0.021597, 0.019953, 0.018301, 0.016666, 0.015068, 0.013525, 0.012054, 0.010665, 0.009369, 0.008171, 0.007075, 0.006082, 0.005191, 0.004399, 0.003701, 0.003091, 0.002563, 0.002111, 0.001725, 0.001400, 0.001128, 0.000902, 0.000717, 0.000565, 0.000442, 0.000344, 0.000265, 0.000203, 0.000155, 0.000117, 0.000088, 0.000065, 0.000048, 0.000035, 0.000026, 0.000019, 0.000013, 0.000010, 0.000007, 0.000005
0.000006, 0.000009, 0.000012, 0.000017, 0.000024, 0.000033, 0.000045, 0.000062, 0.000084, 0.000113, 0.000150, 0.000199, 0.000262, 0.000341, 0.000442, 0.000569, 0.000727, 0.000922, 0.001161, 0.001451, 0.001801, 0.002220, 0.002715, 0.003298, 0.003977, 0.004761, 0.005660, 0.006679, 0.007825, 0.009103, 0.010512, 0.012054, 0.013721, 0.015508, 0.017402, 0.019386, 0.021442, 0.023546, 0.025671, 0.027787, 0.029861, 0.031860, 0.033749, 0.035494, 0.037061, 0.038419, 0.039542, 0.040405, 0.040991, 0.041288, 0.041288, 0.040991, 0.040405, 0.039542, 0.038419, 0.037061, 0.035494, 0.033750, 0.031860, 0.029861, 0.027787, 0.025671, 0.023546, 0.021442, 0.019386, 0.017402, 0.015508, 0.013722, 0.012054, 0.010513, 0.009103, 0.007825, 0.006679, 0.005660, 0.004762, 0.003977, 0.003298, 0.002715, 0.002220, 0.001801, 0.001451, 0.001161, 0.000922, 0.000727, 0.000569, 0.000442, 0.000341, 0.000262, 0.000199, 0.000150, 0.000113, 0.000084, 0.000062, 0.000045, 0.000033, 0.000024, 0.000017, 0.000012, 0.000009, 0.000006
0.000008, 0.000011, 0.000016, 0.000022, 0.000031, 0.000042, 0.000058, 0.000079, 0.000107, 0.000144, 0.000192, 0.000254, 0.000334, 0.000436, 0.000565, 0.000727, 0.000929, 0.001178, 0.001483, 0.001854, 0.002301, 0.002835, 0.003469, 0.004213, 0.005080, 0.006082, 0.007229, 0.008531, 0.009996, 0.011627, 0.013428, 0.015397, 0.017527, 0.019809, 0.022228, 0.024763, 0.027390, 0.030077, 0.032791, 0.035494, 0.038144, 0.040697, 0.043110, 0.045339, 0.047340, 0.049076, 0.050510, 0.051612, 0.052361, 0.052739, 0.052739, 0.052361, 0.051613, 0.050510, 0.049076, 0.047340, 0.045339, 0.043110, 0.040697, 0.038144, 0.035494, 0.032791, 0.030077, 0.027390, 0.024763, 0.022228, 0.019810, 0.017527, 0.015397, 0.013428, 0.011627, 0.009996, 0.008532, 0.007229, 0.006082, 0.005080, 0.004213, 0.003469, 0.002835, 0.002301, 0.001854, 0.001483, 0.001178, 0.000929, 0.000727, 0.000565, 0.000436, 0.000334, 0.000254, 0.000192, 0.000144, 0.000107, 0.000079, 0.000058, 0.000042, 0.000031, 0.000022, 0.000016, 0.000011, 0.000008
0.000010, 0.000014, 0.000020, 0.000028, 0.000039, 0.000054, 0.000074, 0.000100, 0.000136, 0.000182, 0.000243, 0.000322, 0.000424, 0.000553, 0.000717, 0.000922, 0.001178, 0.001494, 0.001881, 0.002351, 0.002918, 0.003596, 0.004399, 0.005343, 0.006443, 0.007713, 0.009168, 0.010820, 0.012677, 0.014746, 0.017030, 0.019526, 0.022228, 0.025122, 0.028190, 0.031405, 0.034735, 0.038144, 0.041586, 0.045013, 0.048374, 0.051612, 0.054673, 0.057499, 0.060037, 0.062238, 0.064056, 0.065455, 0.066404, 0.066884, 0.066884, 0.066404, 0.065455, 0.064056, 0.062238, 0.060037, 0.057499, 0.054673, 0.051613, 0.048374, 0.045014, 0.041586, 0.038144, 0.034736, 0.031405, 0.028190, 0.025123, 0.022228, 0.019526, 0.017030, 0.014746, 0.012677, 0.010820, 0.009168, 0.007713, 0.006443, 0.005343, 0.004399, 0.003596, 0.002918, 0.002351, 0.001881, 0.001494, 0.001178, 0.000922, 0.000717, 0.000553, 0.000424, 0.000322, 0.000243, 0.000182, 0.000136, 0.000100, 0.000074, 0.000054, 0.000039, 0.000028, 0.000020, 0.000014, 0.000010
0.000012, 0.000018, 0.000025, 0.000035, 0.000049, 0.000068, 0.000093, 0.000126, 0.000171, 0.000230, 0.000306, 0.000406, 0.000534, 0.000696, 0.000902, 0.001161, 0.001483, 0.001881, 0.002368, 0.002961, 0.003674, 0.004527, 0.005539, 0.006727, 0.008112, 0.009712, 0.011544, 0.013623, 0.015961, 0.018567, 0.021442, 0.024586, 0.027988, 0.031632, 0.035494, 0.039542, 0.043736, 0.048027, 0.052361, 0.056677, 0.060908, 0.064985, 0.068838, 0.072397, 0.075593, 0.078364, 0.080654, 0.082415, 0.083610, 0.084214, 0.084214, 0.083610, 0.082415, 0.080654, 0.078364, 0.075593, 0.072397, 0.068839, 0.064986, 0.060908, 0.056677, 0.052361, 0.048027, 0.043736, 0.039542, 0.035494, 0.031632, 0.027988, 0.024586, 0.021442, 0.018567, 0.015961, 0.013623, 0.011544, 0.009712, 0.008112, 0.006727, 0.005539, 0.004528, 0.003674, 0.002961, 0.002368, 0.001881, 0.001483, 0.001161, 0.000902, 0.000696, 0.000534, 0.000406, 0.000306, 0.000230, 0.000171, 0.000126, 0.000093, 0.000068, 0.000049, 0.000035, 0.000025, 0.000018, 0.000012
0.000016, 0.000022, 0.000031, 0.000044, 0.000061, 0.000084, 0.000116, 0.000158, 0.000214, 0.000287, 0.000383, 0.000507, 0.000667, 0.000871, 0.001128, 0.001451, 0.001854, 0.002351, 0.002961, 0.003701, 0.004593, 0.005660, 0.006924, 0.008409, 0.010141, 0.012141, 0.014431, 0.017030, 0.019953, 0.023209, 0.026804, 0.030734, 0.034986, 0.039542, 0.044370, 0.049430, 0.054672, 0.060037, 0.065455, 0.070850, 0.076139, 0.081236, 0.086053, 0.090501, 0.094496, 0.097960, 0.100823, 0.103024, 0.104518, 0.105274, 0.105274, 0.104518, 0.103024, 0.100823, 0.097961, 0.094497, 0.090501, 0.086053, 0.081237, 0.076139, 0.070850, 0.065455, 0.060037, 0.054673, 0.049430, 0.044370, 0.039542, 0.034987, 0.030734, 0.026804, 0.023210, 0.019953, 0.017030, 0.014431, 0.012141, 0.010141, 0.008410, 0.006924, 0.005660, 0.004593, 0.003701, 0.002961, 0.002351, 0.001854, 0.001451, 0.001128, 0.000871, 0.000667, 0.000507, 0.000383, 0.000287, 0.000214, 0.000158, 0.000116, 0.000084, 0.000061, 0.000044, 0.000031, 0.000022, 0.000016
0.000019, 0.000027, 0.000039, 0.000054, 0.000076, 0.000105, 0.000144, 0.000196, 0.000265, 0.000356, 0.000475, 0.000630, 0.000828, 0.001080, 0.001400, 0.001801, 0.002301, 0.002918, 0.003674, 0.004593, 0.005701, 0.007024, 0.008593, 0.010437, 0.012586, 0.015068, 0.017910, 0.021136, 0.024763, 0.028805, 0.033267, 0.038144, 0.043422, 0.049076, 0.055068, 0.061348, 0.067854, 0.074512, 0.081236, 0.087932, 0.094496, 0.100823, 0.106800, 0.112321, 0.117280, 0.121579, 0.125131, 0.127863, 0.129718, 0.130655, 0.130655, 0.129718, 0.127864, 0.125131, 0.121579, 0.117280, 0.112321, 0.106801, 0.100823, 0.094497, 0.087932, 0.081237, 0.074512, 0.067855, 0.061348, 0.055068, 0.049076, 0.043422, 0.038144, 0.033267, 0.028806, 0.024763, 0.021136, 0.017910, 0.015068, 0.012586, 0.010437, 0.008593, 0.007024, 0.005701, 0.004593, 0.003674, 0.002918, 0.002301, 0.001801, 0.001400, 0.001080, 0.000828, 0.000630, 0.000475, 0.000356, 0.000265, 0.000196, 0.000144, 0.000105, 0.000076, 0.000054, 0.000039, 0.000027, 0.000019
0.000024, 0.000034, 0.000048, 0.000067, 0.000093, 0.000129, 0.000177, 0.000242, 0.000327, 0.000439, 0.000586, 0.000776, 0.001020, 0.001331, 0.001725, 0.002220, 0.002835, 0.003596, 0.004527, 0.005660, 0.007024, 0.008655, 0.010588, 0.012860, 0.015508, 0.018567, 0.022069, 0.026043, 0.030513, 0.035494, 0.040991, 0.047001, 0.053504, 0.060471, 0.067854, 0.075593, 0.083610, 0.091814, 0.100099, 0.108349, 0.116438, 0.124233, 0.131599, 0.138402, 0.144512, 0.149809, 0.154186, 0.157553, 0.159838, 0.160993, 0.160993, 0.159838, 0.157553, 0.154187, 0.149809, 0.144512, 0.138402, 0.131600, 0.124234, 0.116439, 0.108350, 0.100100, 0.091814, 0.083610, 0.075593, 0.067855, 0.060471, 0.053505, 0.047001, 0.040992, 0.035494, 0.030513, 0.026044, 0.022069, 0.018567, 0.015508, 0.012861, 0.010589, 0.008655, 0.007024, 0.005660, 0.004528, 0.003596, 0.002835, 0.002220, 0.001725, 0.001331, 0.001020, 0.000776, 0.000586, 0.000439, 0.000327, 0.000242, 0.000177, 0.000129, 0.000093, 0.000067, 0.000048, 0.000034, 0.000024
0.000029, 0.000041, 0.000059, 0.000082, 0.000114, 0.000158, 0.000217, 0.000296, 0.000400, 0.000537, 0.000717, 0.000949, 0.001248, 0.001629, 0.002111, 0.002715, 0.003469, 0.004399, 0.005539, 0.006924, 0.008593, 0.010588, 0.012953, 0.015733, 0.018972, 0.022713, 0.026998, 0.031860, 0.037329, 0.043422, 0.050147, 0.057499, 0.065455, 0.073977, 0.083010, 0.092477, 0.102285, 0.112321, 0.122457, 0.132550, 0.142446, 0.151982, 0.160993, 0.169315, 0.176790, 0.183270, 0.188625, 0.192744, 0.195540, 0.196953, 0.196953, 0.195540, 0.192744, 0.188626, 0.183271, 0.176790, 0.169316, 0.160994, 0.151983, 0.142446, 0.132551, 0.122458, 0.112322, 0.102285, 0.092478, 0.083010, 0.073978, 0.065455, 0.057499, 0.050147, 0.043422, 0.037329, 0.031861, 0.026998, 0.022714, 0.018972, 0.015733, 0.012954, 0.010589, 0.008593, 0.006924, 0.005539, 0.004399, 0.003469, 0.002715, 0.002111, 0.001629, 0.001248, 0.000949, 0.000717, 0.000537, 0.000400, 0.000296, 0.000217, 0.000158, 0.000114, 0.000082, 0.000059, 0.000041, 0.000029
0.000035, 0.000050, 0.000071, 0.000100, 0.000139, 0.000192, 0.000263, 0.000359, 0.000486, 0.000653, 0.000871, 0.001153, 0.001516, 0.001978, 0.002563, 0.003298, 0.004213, 0.005343, 0.006727, 0.008409, 0.010437, 0.012860, 0.015733, 0.019109, 0.023043, 0.027587, 0.032791, 0.038697, 0.045339, 0.052739, 0.060908, 0.069837, 0.079500, 0.089852, 0.100822, 0.112321, 0.124233, 0.136423, 0.148734, 0.160993, 0.173012, 0.184594, 0.195539, 0.205647, 0.214726, 0.222597, 0.229101, 0.234103, 0.237499, 0.239215, 0.239215, 0.237499, 0.234104, 0.229101, 0.222597, 0.214726, 0.205648, 0.195540, 0.184595, 0.173013, 0.160994, 0.148735, 0.136424, 0.124234, 0.112322, 0.100823, 0.089852, 0.079501, 0.069837, 0.060908, 0.052740, 0.045339, 0.038697, 0.032792, 0.027588, 0.023043, 0.019109, 0.015733, 0.012861, 0.010437, 0.008410, 0.006727, 0.005343, 0.004213, 0.003298, 0.002564, 0.001978, 0.001516, 0.001153, 0.000871, 0.000653, 0.000486, 0.000359, 0.000263, 0.000192, 0.000139, 0.000100, 0.000071, 0.000050, 0.000035
0.000043, 0.000061, 0.000086, 0.000120, 0.000167, 0.000231, 0.000318, 0.000433, 0.000586, 0.000787, 0.001050, 0.001390, 0.001828, 0.002385, 0.003091, 0.003977, 0.005080, 0.006443, 0.008112, 0.010141, 0.012586, 0.015508, 0.018972, 0.023043, 0.027787, 0.033267, 0.039542, 0.046663, 0.054672, 0.063597, 0.073447, 0.084214, 0.095867, 0.108349, 0.121578, 0.135444, 0.149809, 0.164508, 0.179354, 0.194136, 0.208630, 0.222597, 0.235795, 0.247983, 0.258931, 0.268423, 0.276266, 0.282298, 0.286392, 0.288462, 0.288462, 0.286393, 0.282298, 0.276266, 0.268423, 0.258932, 0.247984, 0.235795, 0.222598, 0.208631, 0.194137, 0.179355, 0.164509, 0.149810, 0.135445, 0.121579, 0.108350, 0.095868, 0.084215, 0.073447, 0.063597, 0.054673, 0.046664, 0.039542, 0.033267, 0.027787, 0.023043, 0.018972, 0.015508, 0.012586, 0.010141, 0.008112, 0.006443, 0.005080, 0.003977, 0.003091, 0.002385, 0.001828, 0.001390, 0.001050, 0.000787, 0.000586, 0.000433, 0.000318, 0.000231, 0.000167, 0.000120, 0.000086, 0.000061, 0.000043
0.000051, 0.000073, 0.000103, 0.000144, 0.000200, 0.000277, 0.000380, 0.000518, 0.000701, 0.000942, 0.001257, 0.001664, 0.002188, 0.002856, 0.003701, 0.004761, 0.006082, 0.007713, 0.009712, 0.012141, 0.015068, 0.018567, 0.022713, 0.027587, 0.033267, 0.039828, 0.047340, 0.055866, 0.065455, 0.076139, 0.087932, 0.100822, 0.114773, 0.129718, 0.145556, 0.162156, 0.179354, 0.196952, 0.214726, 0.232423, 0.249775, 0.266497, 0.282297, 0.296890, 0.309997, 0.321360, 0.330750, 0.337972, 0.342874, 0.345352, 0.345352, 0.342874, 0.337972, 0.330750, 0.321361, 0.309997, 0.296891, 0.282298, 0.266498, 0.249776, 0.232424, 0.214727, 0.196953, 0.179355, 0.162157, 0.145557, 0.129719, 0.114774, 0.100823, 0.087932, 0.076140, 0.065455, 0.055867, 0.047341, 0.039828, 0.033267, 0.027588, 0.022714, 0.018567, 0.015068, 0.012141, 0.009712, 0.007714, 0.006082, 0.004762, 0.003701, 0.002856, 0.002188, 0.001664, 0.001257, 0.000942, 0.000701, 0.000518, 0.000380, 0.000277, 0.000200, 0.000144, 0.000103, 0.000073, 0.000051
0.000061, 0.000086, 0.000122, 0.000171, 0.000238, 0.000329, 0.000452, 0.000616, 0.000834, 0.001120, 0.001494, 0.001978, 0.002601, 0.003395, 0.004399, 0.005660, 0.007229, 0.009168, 0.011544, 0.014431, 0.017910, 0.022069, 0.026998, 0.032791, 0.039542, 0.047340, 0.056270, 0.066404, 0.077801, 0.090501, 0.104518, 0.119840, 0.136423, 0.154186, 0.173012, 0.192743, 0.213185, 0.234103, 0.255229, 0.276265, 0.296890, 0.316765, 0.335547, 0.352892, 0.368471, 0.381978, 0.393139, 0.401723, 0.407550, 0.410495, 0.410495, 0.407550, 0.401723, 0.393139, 0.381979, 0.368472, 0.352893, 0.335548, 0.316767, 0.296891, 0.276266, 0.255230, 0.234104, 0.213186, 0.192745, 0.173013, 0.154187, 0.136424, 0.119841, 0.104519, 0.090502, 0.077802, 0.066405, 0.056270, 0.047341, 0.039542, 0.032792, 0.026998, 0.022069, 0.017910, 0.014431, 0.011544, 0.009169, 0.007230, 0.005660, 0.004399, 0.003395, 0.002601, 0.001978, 0.001494, 0.001120, 0.000834, 0.000616, 0.000452, 0.000329, 0.000238, 0.000171, 0.000122, 0.000086, 0.000061
0.000072, 0.000102, 0.000144, 0.000202, 0.000281, 0.000389, 0.000534, 0.000727, 0.000984, 0.001322, 0.001763, 0.002334, 0.003069, 0.004006, 0.005191, 0.006679, 0.008531, 0.010820, 0.013623, 0.017030, 0.021136, 0.026043, 0.031860, 0.038697, 0.046663, 0.055866, 0.066404, 0.078364, 0.091813, 0.106800, 0.123342, 0.141424, 0.160993, 0.181955, 0.204171, 0.227457, 0.251580, 0.276265, 0.301196, 0.326021, 0.350360, 0.373815, 0.395979, 0.416448, 0.434833, 0.450772, 0.463943, 0.474074, 0.480950, 0.484425, 0.484425, 0.480950, 0.474074, 0.463944, 0.450773, 0.434834, 0.416449, 0.395980, 0.373817, 0.350361, 0.326022, 0.301197, 0.276266, 0.251581, 0.227458, 0.204173, 0.181956, 0.160994, 0.141425, 0.123343, 0.106801, 0.091814, 0.078364, 0.066405, 0.055867, 0.046664, 0.038697, 0.031861, 0.026044, 0.021136, 0.017030, 0.013623, 0.010820, 0.008532, 0.006679, 0.005191, 0.004006, 0.003069, 0.002334, 0.001763, 0.001322, 0.000984, 0.000727, 0.000534, 0.000389, 0.000281, 0.000202, 0.000144, 0.000102, 0.000072
0.000084, 0.000119, 0.000169, 0.000236, 0.000329, 0.000455, 0.000625, 0.000852, 0.001153, 0.001549, 0.002065, 0.002735, 0.003596, 0.004693, 0.006082, 0.007825, 0.009996, 0.012677, 0.015961, 0.019953, 0.024763, 0.030513, 0.037329, 0.045339, 0.054672, 0.065455, 0.077801, 0.091813, 0.107572, 0.125131, 0.144512, 0.165697, 0.188625, 0.213185, 0.239214, 0.266496, 0.294760, 0.323682, 0.352892, 0.381977, 0.410494, 0.437975, 0.463943, 0.487925, 0.509465, 0.528140, 0.543572, 0.555441, 0.563498, 0.567569, 0.567570, 0.563498, 0.555442, 0.543573, 0.528142, 0.509467, 0.487926, 0.463945, 0.437976, 0.410496, 0.381979, 0.352893, 0.323683, 0.294761, 0.266498, 0.239216, 0.213186, 0.188626, 0.165698, 0.144513, 0.125132, 0.107573, 0.091814, 0.077802, 0.065455, 0.054673, 0.045339, 0.037329, 0.030514, 0.024764, 0.019953, 0.015961, 0.012677, 0.009996, 0.007825, 0.006082, 0.004693, 0.003596, 0.002735, 0.002066, 0.001549, 0.001153, 0.000852, 0.000625, 0.000455, 0.000329, 0.000236, 0.000169, 0.000119, 0.000084
0.000098, 0.000139, 0.000196, 0.000275, 0.000383, 0.000530, 0.000727, 0.000991, 0.001341, 0.001801, 0.002403, 0.003182, 0.004183, 0.005460, 0.007075, 0.009103, 0.011627, 0.014746, 0.018567, 0.023209, 0.028805, 0.035494, 0.043422, 0.052739, 0.063597, 0.076139, 0.090501, 0.106800, 0.125131, 0.145556, 0.168100, 0.192743, 0.219414, 0.247983, 0.278261, 0.309996, 0.342873, 0.376516, 0.410494, 0.444327, 0.477499, 0.509465, 0.539672, 0.567569, 0.592625, 0.614349, 0.632299, 0.646106, 0.655477, 0.660213, 0.660214, 0.655477, 0.646106, 0.632300, 0.614350, 0.592627, 0.567570, 0.539674, 0.509467, 0.477501, 0.444329, 0.410496, 0.376518, 0.342875, 0.309998, 0.278263, 0.247985, 0.219416, 0.192745, 0.168101, 0.145557, 0.125132, 0.106801, 0.090502, 0.076140, 0.063597, 0.052740, 0.043422, 0.035494, 0.028806, 0.023210, 0.018567, 0.014746, 0.011628, 0.009103, 0.007075, 0.005460, 0.004183, 0.003182, 0.002403, 0.001801, 0.001341, 0.000991, 0.000727, 0.000530, 0.000383, 0.000275, 0.000196, 0.000139, 0.000098
0.000113, 0.000160, 0.000226, 0.000318, 0.000442, 0.000612, 0.000840, 0.001144, 0.001549, 0.002080, 0.002775, 0.003674, 0.004831, 0.006305, 0.008171, 0.010512, 0.013428, 0.017030, 0.021442, 0.026804, 0.033267, 0.040991, 0.050147, 0.060908, 0.073447, 0.087932, 0.104518, 0.123342, 0.144512, 0.168100, 0.194136, 0.222596, 0.253398, 0.286391, 0.321359, 0.358010, 0.395979, 0.434832, 0.474073, 0.513146, 0.551456, 0.588373, 0.623259, 0.655476, 0.684413, 0.709501, 0.730232, 0.746177, 0.757000, 0.762470, 0.762470, 0.757000, 0.746178, 0.730233, 0.709503, 0.684415, 0.655478, 0.623261, 0.588376, 0.551458, 0.513149, 0.474075, 0.434835, 0.395981, 0.358012, 0.321362, 0.286394, 0.253399, 0.222598, 0.194138, 0.168102, 0.144513, 0.123343, 0.104519, 0.087933, 0.073447, 0.060908, 0.050148, 0.040992, 0.033267, 0.026805, 0.021442, 0.017030, 0.013428, 0.010513, 0.008171, 0.006305, 0.004831, 0.003674, 0.002775, 0.002080, 0.001549, 0.001145, 0.000840, 0.000612, 0.000442, 0.000318, 0.000226, 0.000160, 0.000113
0.000129, 0.000184, 0.000260, 0.000364, 0.000507, 0.000701, 0.000963, 0.001312, 0.001776, 0.002385, 0.003182, 0.004213, 0.005539, 0.007229, 0.009369, 0.012054, 0.015397, 0.019526, 0.024586, 0.030734, 0.038144, 0.047001, 0.057499, 0.069837, 0.084214, 0.100822, 0.119840, 0.141424, 0.165697, 0.192743, 0.222596, 0.255229, 0.290545, 0.328376, 0.368470, 0.410494, 0.454029, 0.498578, 0.543571, 0.588373, 0.632298, 0.674628, 0.714628, 0.751568, 0.784748, 0.813514, 0.837284, 0.855566, 0.867975, 0.874247, 0.874248, 0.867976, 0.855567, 0.837285, 0.813515, 0.784750, 0.751571, 0.714630, 0.674631, 0.632301, 0.588376, 0.543574, 0.498581, 0.454032, 0.410496, 0.368473, 0.328379, 0.290548, 0.255231, 0.222598, 0.192745, 0.165698, 0.141425, 0.119841, 0.100823, 0.084215, 0.069837, 0.057499, 0.047001, 0.038144, 0.030734, 0.024586, 0.019527, 0.015397, 0.012054, 0.009369, 0.007230, 0.005539, 0.004213, 0.003182, 0.002385, 0.001776, 0.001312, 0.000963, 0.000701, 0.000507, 0.000364, 0.000260, 0.000184, 0.000129
0.000147, 0.000209, 0.000296, 0.000415, 0.000578, 0.000798, 0.001096, 0.001494, 0.002021, 0.002715, 0.003622, 0.004796, 0.006305, 0.008230, 0.010665, 0.013721, 0.017527, 0.022228, 0.027988, 0.034986, 0.043422, 0.053504, 0.065455, 0.079500, 0.095867, 0.114773, 0.136423, 0.160993, 0.188625, 0.219414, 0.253398, 0.290545, 0.330749, 0.373815, 0.419457, 0.467295, 0.516854, 0.567568, 0.618787, 0.669788, 0.719792, 0.767978, 0.813513, 0.855565, 0.893336, 0.926082, 0.953141, 0.973953, 0.988080, 0.995220, 0.995220, 0.988080, 0.973954, 0.953143, 0.926084, 0.893338, 0.855568, 0.813516, 0.767981, 0.719795, 0.669791, 0.618790, 0.567571, 0.516857, 0.467298, 0.419460, 0.373817, 0.330752, 0.290548, 0.253400, 0.219416, 0.188626, 0.160994, 0.136424, 0.114775, 0.095868, 0.079501, 0.065456, 0.053505, 0.043422, 0.034987, 0.027988, 0.022228, 0.017528, 0.013722, 0.010665, 0.008230, 0.006305, 0.004796, 0.003622, 0.002716, 0.002021, 0.001494, 0.001096, 0.000799, 0.000578, 0.000415, 0.000296, 0.000209, 0.000147
0.000166, 0.000236, 0.000334, 0.000469, 0.000653, 0.000902, 0.001239, 0.001688, 0.002285, 0.003069, 0.004093, 0.005420, 0.007126, 0.009301, 0.012054, 0.015508, 0.019809, 0.025122, 0.031632, 0.039542, 0.049076, 0.060471, 0.073977, 0.089852, 0.108349, 0.129718, 0.154186, 0.181955, 0.213185, 0.247983, 0.286391, 0.328376, 0.373815, 0.422488, 0.474073, 0.528140, 0.584152, 0.641469, 0.699357, 0.756999, 0.813513, 0.867974, 0.919438, 0.966965, 1.009654, 1.046664, 1.077246, 1.100768, 1.116734, 1.124804, 1.124804, 1.116735, 1.100769, 1.077248, 1.046666, 1.009656, 0.966968, 0.919441, 0.867978, 0.813516, 0.757002, 0.699361, 0.641473, 0.584155, 0.528143, 0.474076, 0.422491, 0.373817, 0.328379, 0.286394, 0.247985, 0.213187, 0.181957, 0.154188, 0.129719, 0.108350, 0.089853, 0.073978, 0.060472, 0.049076, 0.039542, 0.031632, 0.025123, 0.019810, 0.015508, 0.012054, 0.009302, 0.007126, 0.005420, 0.004093, 0.003069, 0.002285, 0.001688, 0.001239, 0.000902, 0.000653, 0.000469, 0.000334, 0.000236, 0.000166
0.000186, 0.000265, 0.000375, 0.000526, 0.000732, 0.001013, 0.001390, 0.001895, 0.002563, 0.003444, 0.004593, 0.006082, 0.007996, 0.010437, 0.013525, 0.017402, 0.022228, 0.028190, 0.035494, 0.044370, 0.055068, 0.067854, 0.083010, 0.100822, 0.121578, 0.145556, 0.173012, 0.204171, 0.239214, 0.278261, 0.321359, 0.368470, 0.419457, 0.474073, 0.531956, 0.592624, 0.655476, 0.719791, 0.784747, 0.849427, 0.912841, 0.973952, 1.031699, 1.085030, 1.132931, 1.174459, 1.208776, 1.235170, 1.253085, 1.262140, 1.262140, 1.253086, 1.235171, 1.208778, 1.174462, 1.132933, 1.085033, 1.031703, 0.973956, 0.912845, 0.849431, 0.784751, 0.719795, 0.655480, 0.592628, 0.531960, 0.474076, 0.419460, 0.368473, 0.321362, 0.278264, 0.239217, 0.204173, 0.173014, 0.145557, 0.121580, 0.100823, 0.083011, 0.067855, 0.055068, 0.044370, 0.035494, 0.028190, 0.022228, 0.017402, 0.013525, 0.010437, 0.007996, 0.006082, 0.004593, 0.003444, 0.002564, 0.001895, 0.001390, 0.001013, 0.000732, 0.000526, 0.000375, 0.000265, 0.000186
0.000208, 0.000296, 0.000418, 0.000586, 0.000816, 0.001128, 0.001549, 0.002111, 0.002856, 0.003837, 0.005117, 0.006776, 0.008908, 0.011627, 0.015068, 0.019386, 0.024763, 0.031405, 0.039542, 0.049430, 0.061348, 0.075593, 0.092477, 0.112321, 0.135444, 0.162156, 0.192743, 0.227457, 0.266496, 0.309996, 0.358010, 0.410494, 0.467295, 0.528140, 0.592624, 0.660212, 0.730231, 0.801882, 0.874246, 0.946302, 1.016949, 1.085030, 1.149362, 1.208775, 1.262139, 1.308404, 1.346634, 1.376038, 1.395997, 1.406085, 1.406085, 1.395998, 1.376040, 1.346636, 1.308407, 1.262142, 1.208779, 1.149366, 1.085034, 1.016953, 0.946307, 0.874250, 0.801886, 0.730236, 0.660216, 0.592628, 0.528144, 0.467299, 0.410497, 0.358013, 0.309999, 0.266499, 0.227459, 0.192745, 0.162158, 0.135446, 0.112322, 0.092478, 0.075594, 0.061349, 0.049431, 0.039542, 0.031405, 0.024764, 0.019386, 0.015068, 0.011628, 0.008908, 0.006776, 0.005117, 0.003837, 0.002856, 0.002111, 0.001549, 0.001128, 0.000816, 0.000586, 0.000418, 0.000296, 0.000208
0.000230, 0.000327, 0.000462, 0.000648, 0.000902, 0.001248, 0.001713, 0.002334, 0.003159, 0.004243, 0.005660, 0.007494, 0.009853, 0.012861, 0.016666, 0.021442, 0.027390, 0.034735, 0.043736, 0.054672, 0.067854, 0.083610, 0.102285, 0.124233, 0.149809, 0.179354, 0.213185, 0.251580, 0.294760, 0.342873, 0.395979, 0.454029, 0.516854, 0.584152, 0.655476, 0.730231, 0.807676, 0.886926, 0.966965, 1.046663, 1.124802, 1.200103, 1.271259, 1.336973, 1.395996, 1.447168, 1.489452, 1.521975, 1.544050, 1.555208, 1.555208, 1.544051, 1.521977, 1.489455, 1.447170, 1.395999, 1.336977, 1.271263, 1.200108, 1.124807, 1.046668, 0.966970, 0.886931, 0.807681, 0.730236, 0.655480, 0.584156, 0.516858, 0.454032, 0.395982, 0.342876, 0.294763, 0.251582, 0.213187, 0.179356, 0.149811, 0.124235, 0.102286, 0.083611, 0.067855, 0.054673, 0.043736, 0.034736, 0.027390, 0.021443, 0.016666, 0.012861, 0.009853, 0.007495, 0.005660, 0.004243, 0.003159, 0.002334, 0.001713, 0.001248, 0.000902, 0.000648, 0.000462, 0.000327, 0.000230
0.000252, 0.000359, 0.000507, 0.000712, 0.000991, 0.001370, 0.001881, 0.002563, 0.003469, 0.004660, 0.006215, 0.008230, 0.010820, 0.014122, 0.018301, 0.023546, 0.030077, 0.038144, 0.048027, 0.060037, 0.074512, 0.091814, 0.112321, 0.136423, 0.164508, 0.196952, 0.234103, 0.276265, 0.323682, 0.376516, 0.434832, 0.498578, 0.567568, 0.641469, 0.719791, 0.801882, 0.886926, 0.973952, 1.061844, 1.149362, 1.235168, 1.317858, 1.395996, 1.468157, 1.532972, 1.589165, 1.635598, 1.671312, 1.695553, 1.707806, 1.707806, 1.695554, 1.671314, 1.635601, 1.589168, 1.532976, 1.468161, 1.396000, 1.317863, 1.235174, 1.149368, 1.061849, 0.973957, 0.886932, 0.801887, 0.719796, 0.641474, 0.567573, 0.498582, 0.434836, 0.376519, 0.323685, 0.276268, 0.234105, 0.196954, 0.164510, 0.136425, 0.112322, 0.091815, 0.074513, 0.060038, 0.048028, 0.038144, 0.030077, 0.023546, 0.018301, 0.014123, 0.010820, 0.008230, 0.006215, 0.004660, 0.003469, 0.002564, 0.001881, 0.001370, 0.000991, 0.000712, 0.000507, 0.000359, 0.000252
0.000275, 0.000391, 0.000553, 0.000776, 0.001080, 0.001494, 0.002051, 0.002795, 0.003782, 0.005080, 0.006776, 0.008972, 0.011796, 0.015397, 0.019953, 0.025671, 0.032791, 0.041586, 0.052361, 0.065455, 0.081236, 0.100099, 0.122457, 0.148734, 0.179354, 0.214726, 0.255229, 0.301196, 0.352892, 0.410494, 0.474073, 0.543571, 0.618787, 0.699357, 0.784747, 0.874246, 0.966965, 1.061844, 1.157667, 1.253084, 1.346633, 1.436785, 1.521974, 1.600648, 1.671311, 1.732575, 1.783199, 1.822135, 1.848565, 1.861923, 1.861923, 1.848566, 1.822138, 1.783202, 1.732579, 1.671315, 1.600652, 1.521979, 1.436790, 1.346639, 1.253089, 1.157673, 1.061850, 0.966971, 0.874252, 0.784753, 0.699362, 0.618792, 0.543576, 0.474077, 0.410498, 0.352895, 0.301199, 0.255232, 0.214728, 0.179356, 0.148736, 0.122459, 0.100100, 0.081237, 0.065456, 0.052362, 0.041586, 0.032792, 0.025671, 0.019953, 0.015397, 0.011796, 0.008973, 0.006776, 0.005080, 0.003782, 0.002795, 0.002051, 0.001494, 0.001080, 0.000776, 0.000553, 0.000391, 0.000275
0.000298, 0.000424, 0.000599, 0.000840, 0.001169, 0.001617, 0.002220, 0.003025, 0.004093, 0.005499, 0.007334, 0.009712, 0.012768, 0.016666, 0.021597, 0.027787, 0.035494, 0.045013, 0.056677, 0.070850, 0.087932, 0.108349, 0.132550, 0.160993, 0.194136, 0.232423, 0.276265, 0.326021, 0.381977, 0.444327, 0.513146, 0.588373, 0.669788, 0.756999, 0.849427, 0.946302, 1.046663, 1.149362, 1.253084, 1.356364, 1.457624, 1.555206, 1.647417, 1.732575, 1.809062, 1.875376, 1.930172, 1.972318, 2.000925, 2.015384, 2.015385, 2.000926, 1.972320, 1.930175, 1.875379, 1.809067, 1.732580, 1.647422, 1.555212, 1.457630, 1.356370, 1.253090, 1.149369, 1.046669, 0.946308, 0.849433, 0.757004, 0.669793, 0.588378, 0.513151, 0.444331, 0.381981, 0.326024, 0.276268, 0.232426, 0.194139, 0.160995, 0.132552, 0.108351, 0.087933, 0.070851, 0.056677, 0.045014, 0.035494, 0.027787, 0.021597, 0.016666, 0.012768, 0.009712, 0.007334, 0.005499, 0.004093, 0.003025, 0.002220, 0.001617, 0.001170, 0.000840, 0.000599, 0.000424, 0.000298
