0.022202, 0.022910, 0.024337, 0.026507, 0.029450, 0.033213, 0.037848, 0.043419, 0.049998, 0.057666, 0.066509, 0.076620, 0.088096, 0.101037, 0.115544, 0.131713, 0.149641, 0.169418, 0.191122, 0.214823, 0.240576, 0.268418, 0.298366, 0.330415, 0.364535, 0.400668, 0.438726, 0.478591, 0.520112, 0.563105, 0.607354, 0.652609, 0.698592, 0.744993, 0.791479, 0.837691, 0.883256, 0.927785, 0.970879, 1.012139, 1.051169, 1.087582, 1.121007, 1.151097, 1.177530, 1.200022, 1.218324, 1.232233, 1.241595, 1.246302, 1.246303, 1.241596, 1.232234, 1.218325, 1.200023, 1.177532, 1.151098, 1.121009, 1.087584, 1.051171, 1.012141, 0.970881, 0.927787, 0.883259, 0.837694, 0.791481, 0.744996, 0.698594, 0.652612, 0.607356, 0.563108, 0.520115, 0.478594, 0.438729, 0.400670, 0.364537, 0.330417, 0.298368, 0.268419, 0.240578, 0.214825, 0.191123, 0.169419, 0.149643, 0.131714, 0.115544, 0.101038, 0.088097, 0.076620, 0.066509, 0.057666, 0.049998, 0.043419, 0.037848, 0.033213, 0.029451, 0.026507, 0.024338, 0.022910, 0.022202
0.023343, 0.024087, 0.025588, 0.027869, 0.030964, 0.034920, 0.039793, 0.045650, 0.052567, 0.060628, 0.069926, 0.080556, 0.092622, 0.106228, 0.121479, 0.138479, 0.157329, 0.178121, 0.200940, 0.225859, 0.252934, 0.282206, 0.313692, 0.347387, 0.383259, 0.421248, 0.461261, 0.503173, 0.546826, 0.592027, 0.638548, 0.686127, 0.734471, 0.783255, 0.832128, 0.880714, 0.928619, 0.975434, 1.020741, 1.064120, 1.105154, 1.143437, 1.178579, 1.210213, 1.238004, 1.261650, 1.280892, 1.295516, 1.305358, 1.310307, 1.310308, 1.305358, 1.295517, 1.280893, 1.261652, 1.238005, 1.210215, 1.178581, 1.143439, 1.105156, 1.064122, 1.020743, 0.975436, 0.928622, 0.880717, 0.832131, 0.783258, 0.734474, 0.686130, 0.638551, 0.592030, 0.546829, 0.503176, 0.461263, 0.421250, 0.383262, 0.347389, 0.313694, 0.282208, 0.252936, 0.225860, 0.200941, 0.178122, 0.157330, 0.138480, 0.121480, 0.106229, 0.092623, 0.080557, 0.069926, 0.060629, 0.052568, 0.045650, 0.039793, 0.034920, 0.030964, 0.027869, 0.025588, 0.024087, 0.023343
0.024435, 0.025215, 0.026786, 0.029173, 0.032413, 0.036554, 0.041655, 0.047786, 0.055027, 0.063465, 0.073197, 0.084325, 0.096956, 0.111198, 0.127162, 0.144957, 0.164688, 0.186453, 0.210339, 0.236423, 0.264765, 0.295406, 0.328364, 0.363635, 0.401185, 0.440950, 0.482834, 0.526706, 0.572401, 0.619715, 0.668411, 0.718216, 0.768820, 0.819885, 0.871043, 0.921901, 0.972046, 1.021049, 1.068475, 1.113882, 1.156835, 1.196908, 1.233693, 1.266806, 1.295896, 1.320648, 1.340790, 1.356098, 1.366400, 1.371581, 1.371581, 1.366400, 1.356099, 1.340791, 1.320650, 1.295898, 1.266808, 1.233695, 1.196911, 1.156838, 1.113885, 1.068478, 1.021052, 0.972049, 0.921904, 0.871046, 0.819888, 0.768823, 0.718219, 0.668414, 0.619718, 0.572404, 0.526709, 0.482837, 0.440953, 0.401188, 0.363638, 0.328366, 0.295408, 0.264767, 0.236425, 0.210341, 0.186454, 0.164689, 0.144958, 0.127163, 0.111199, 0.096956, 0.084326, 0.073198, 0.063466, 0.055027, 0.047786, 0.041655, 0.036554, 0.032413, 0.029173, 0.026786, 0.025215, 0.024435
0.025467, 0.026279, 0.027917, 0.030405, 0.033781, 0.038097, 0.043413, 0.049803, 0.057349, 0.066144, 0.076287, 0.087884, 0.101048, 0.115891, 0.132529, 0.151075, 0.171638, 0.194321, 0.219216, 0.246400, 0.275938, 0.307871, 0.342220, 0.378979, 0.418113, 0.459556, 0.503207, 0.548929, 0.596552, 0.645862, 0.696613, 0.748518, 0.801257, 0.854475, 0.907792, 0.960795, 1.013054, 1.064125, 1.113551, 1.160874, 1.205638, 1.247401, 1.285738, 1.320248, 1.350566, 1.376361, 1.397353, 1.413306, 1.424043, 1.429442, 1.429442, 1.424043, 1.413307, 1.397354, 1.376363, 1.350567, 1.320250, 1.285740, 1.247404, 1.205641, 1.160876, 1.113554, 1.064128, 1.013057, 0.960798, 0.907795, 0.854479, 0.801260, 0.748521, 0.696616, 0.645865, 0.596555, 0.548932, 0.503209, 0.459558, 0.418116, 0.378982, 0.342222, 0.307873, 0.275940, 0.246402, 0.219217, 0.194323, 0.171640, 0.151076, 0.132530, 0.115892, 0.101048, 0.087885, 0.076288, 0.066145, 0.057350, 0.049804, 0.043414, 0.038097, 0.033782, 0.030405, 0.027917, 0.026279, 0.025467
0.026426, 0.027269, 0.028968, 0.031550, 0.035053, 0.039532, 0.045048, 0.051678, 0.059509, 0.068634, 0.079159, 0.091193, 0.104851, 0.120253, 0.137517, 0.156761, 0.178099, 0.201635, 0.227467, 0.255674, 0.286323, 0.319458, 0.355100, 0.393242, 0.433849, 0.476851, 0.522144, 0.569587, 0.619001, 0.670167, 0.722827, 0.776684, 0.831407, 0.886629, 0.941950, 0.996947, 1.051173, 1.104165, 1.155451, 1.204553, 1.251002, 1.294337, 1.334116, 1.369924, 1.401382, 1.428148, 1.449929, 1.466483, 1.477624, 1.483226, 1.483226, 1.477624, 1.466484, 1.449930, 1.428150, 1.401383, 1.369926, 1.334118, 1.294339, 1.251005, 1.204556, 1.155454, 1.104168, 1.051177, 0.996951, 0.941954, 0.886632, 0.831411, 0.776688, 0.722830, 0.670170, 0.619004, 0.569590, 0.522147, 0.476853, 0.433851, 0.393245, 0.355102, 0.319460, 0.286325, 0.255676, 0.227468, 0.201637, 0.178100, 0.156763, 0.137518, 0.120254, 0.104852, 0.091194, 0.079160, 0.068635, 0.059509, 0.051679, 0.045048, 0.039532, 0.035054, 0.031550, 0.028968, 0.027269, 0.026426
0.027301, 0.028172, 0.029927, 0.032594, 0.036214, 0.040841, 0.046540, 0.053389, 0.061479, 0.070907, 0.081779, 0.094212, 0.108322, 0.124233, 0.142069, 0.161950, 0.183993, 0.208309, 0.234995, 0.264136, 0.295799, 0.330030, 0.366851, 0.406255, 0.448205, 0.492629, 0.539421, 0.588434, 0.639482, 0.692341, 0.746743, 0.802382, 0.858915, 0.915963, 0.973114, 1.029930, 1.085950, 1.140695, 1.193677, 1.244404, 1.292389, 1.337157, 1.378251, 1.415245, 1.447743, 1.475394, 1.497896, 1.514997, 1.526506, 1.532294, 1.532294, 1.526507, 1.514998, 1.497897, 1.475396, 1.447744, 1.415247, 1.378254, 1.337159, 1.292392, 1.244407, 1.193680, 1.140698, 1.085953, 1.029934, 0.973118, 0.915967, 0.858919, 0.802386, 0.746746, 0.692344, 0.639485, 0.588437, 0.539424, 0.492632, 0.448208, 0.406258, 0.366853, 0.330032, 0.295801, 0.264138, 0.234996, 0.208310, 0.183995, 0.161951, 0.142070, 0.124234, 0.108323, 0.094212, 0.081780, 0.070907, 0.061479, 0.053390, 0.046540, 0.040841, 0.036214, 0.032595, 0.029927, 0.028172, 0.027301
0.028082, 0.028978, 0.030783, 0.033526, 0.037249, 0.042008, 0.047870, 0.054915, 0.063236, 0.072933, 0.084116, 0.096904, 0.111417, 0.127783, 0.146128, 0.166577, 0.189250, 0.214260, 0.241708, 0.271681, 0.304249, 0.339457, 0.377330, 0.417859, 0.461007, 0.506700, 0.554828, 0.605240, 0.657746, 0.712114, 0.768069, 0.825297, 0.883444, 0.942121, 1.000904, 1.059342, 1.116961, 1.173269, 1.227764, 1.279939, 1.329294, 1.375340, 1.417608, 1.455657, 1.489083, 1.517524, 1.540668, 1.558257, 1.570095, 1.576048, 1.576048, 1.570095, 1.558258, 1.540669, 1.517525, 1.489085, 1.455660, 1.417610, 1.375343, 1.329296, 1.279942, 1.227767, 1.173272, 1.116964, 1.059345, 1.000907, 0.942124, 0.883448, 0.825301, 0.768072, 0.712117, 0.657749, 0.605243, 0.554831, 0.506703, 0.461010, 0.417862, 0.377332, 0.339460, 0.304251, 0.271683, 0.241710, 0.214262, 0.189252, 0.166578, 0.146129, 0.127784, 0.111418, 0.096904, 0.084117, 0.072934, 0.063236, 0.054916, 0.047870, 0.042008, 0.037250, 0.033526, 0.030783, 0.028978, 0.028082
0.028758, 0.029675, 0.031524, 0.034333, 0.038146, 0.043019, 0.049022, 0.056237, 0.064758, 0.074688, 0.086141, 0.099235, 0.114098, 0.130857, 0.149644, 0.170585, 0.193803, 0.219415, 0.247523, 0.278217, 0.311567, 0.347623, 0.386406, 0.427910, 0.472095, 0.518887, 0.568171, 0.619796, 0.673564, 0.729239, 0.786540, 0.845144, 0.904689, 0.964776, 1.024972, 1.084815, 1.143819, 1.201481, 1.257285, 1.310716, 1.361257, 1.408410, 1.451694, 1.490658, 1.524887, 1.554011, 1.577711, 1.595723, 1.607846, 1.613941, 1.613941, 1.607846, 1.595724, 1.577712, 1.554013, 1.524889, 1.490660, 1.451696, 1.408413, 1.361260, 1.310719, 1.257289, 1.201484, 1.143823, 1.084818, 1.024976, 0.964779, 0.904693, 0.845147, 0.786543, 0.729243, 0.673568, 0.619799, 0.568174, 0.518890, 0.472098, 0.427912, 0.386408, 0.347625, 0.311570, 0.278219, 0.247525, 0.219416, 0.193805, 0.170586, 0.149645, 0.130859, 0.114099, 0.099236, 0.086141, 0.074689, 0.064759, 0.056238, 0.049023, 0.043020, 0.038146, 0.034334, 0.031524, 0.029675, 0.028758
0.029321, 0.030256, 0.032141, 0.035006, 0.038893, 0.043861, 0.049982, 0.057338, 0.066025, 0.076150, 0.087826, 0.101177, 0.116331, 0.133418, 0.152572, 0.173922, 0.197595, 0.223707, 0.252365, 0.283659, 0.317662, 0.354422, 0.393964, 0.436279, 0.481328, 0.529034, 0.579283, 0.631916, 0.686736, 0.743499, 0.801920, 0.861669, 0.922378, 0.983640, 1.045012, 1.106024, 1.166182, 1.224971, 1.281867, 1.336342, 1.387871, 1.435946, 1.480075, 1.519801, 1.554699, 1.584392, 1.608555, 1.626919, 1.639279, 1.645493, 1.645494, 1.639279, 1.626920, 1.608556, 1.584394, 1.554701, 1.519803, 1.480078, 1.435948, 1.387874, 1.336345, 1.281870, 1.224974, 1.166186, 1.106028, 1.045016, 0.983643, 0.922382, 0.861673, 0.801924, 0.743503, 0.686740, 0.631920, 0.579286, 0.529037, 0.481331, 0.436282, 0.393966, 0.354425, 0.317664, 0.283661, 0.252367, 0.223709, 0.197596, 0.173924, 0.152573, 0.133419, 0.116332, 0.101178, 0.087827, 0.076151, 0.066026, 0.057339, 0.049982, 0.043862, 0.038893, 0.035006, 0.032142, 0.030256, 0.029321
0.029764, 0.030713, 0.032627, 0.035534, 0.039480, 0.044524, 0.050737, 0.058204, 0.067022, 0.077299, 0.089152, 0.102704, 0.118086, 0.135431, 0.154874, 0.176546, 0.200576, 0.227082, 0.256171, 0.287938, 0.322453, 0.359767, 0.399905, 0.442858, 0.488586, 0.537011, 0.588017, 0.641444, 0.697090, 0.754709, 0.814010, 0.874659, 0.936283, 0.998468, 1.060764, 1.122697, 1.183761, 1.243436, 1.301189, 1.356484, 1.408792, 1.457590, 1.502384, 1.542708, 1.578132, 1.608273, 1.632800, 1.651441, 1.663987, 1.670294, 1.670294, 1.663987, 1.651441, 1.632801, 1.608274, 1.578134, 1.542710, 1.502387, 1.457593, 1.408795, 1.356487, 1.301193, 1.243440, 1.183765, 1.122701, 1.060768, 0.998471, 0.936287, 0.874663, 0.814013, 0.754712, 0.697094, 0.641447, 0.588020, 0.537014, 0.488589, 0.442861, 0.399907, 0.359770, 0.322455, 0.287940, 0.256173, 0.227083, 0.200577, 0.176548, 0.154875, 0.135432, 0.118087, 0.102705, 0.089153, 0.077300, 0.067023, 0.058204, 0.050737, 0.044524, 0.039481, 0.035535, 0.032627, 0.030713, 0.029764
0.030081, 0.031040, 0.032974, 0.035912, 0.039900, 0.044997, 0.051276, 0.058823, 0.067735, 0.078121, 0.090099, 0.103796, 0.119341, 0.136870, 0.156519, 0.178422, 0.202707, 0.229494, 0.258893, 0.290996, 0.325877, 0.363588, 0.404151, 0.447560, 0.493773, 0.542712, 0.594259, 0.648253, 0.704490, 0.762720, 0.822650, 0.883943, 0.946221, 1.009065, 1.072023, 1.134614, 1.196325, 1.256633, 1.314999, 1.370882, 1.423743, 1.473058, 1.518330, 1.559081, 1.594882, 1.625341, 1.650127, 1.668967, 1.681645, 1.688021, 1.688022, 1.681645, 1.668968, 1.650129, 1.625342, 1.594884, 1.559083, 1.518332, 1.473061, 1.423746, 1.370885, 1.315003, 1.256637, 1.196329, 1.134617, 1.072026, 1.009068, 0.946225, 0.883947, 0.822654, 0.762723, 0.704493, 0.648257, 0.594263, 0.542716, 0.493776, 0.447563, 0.404154, 0.363590, 0.325880, 0.290998, 0.258894, 0.229496, 0.202708, 0.178423, 0.156521, 0.136872, 0.119342, 0.103796, 0.090100, 0.078122, 0.067735, 0.058823, 0.051277, 0.044998, 0.039901, 0.035913, 0.032974, 0.031040, 0.030081
0.030267, 0.031233, 0.033178, 0.036135, 0.040148, 0.045276, 0.051594, 0.059187, 0.068154, 0.078604, 0.090656, 0.104437, 0.120079, 0.137716, 0.157487, 0.179524, 0.203959, 0.230912, 0.260492, 0.292793, 0.327890, 0.365833, 0.406646, 0.450323, 0.496821, 0.546062, 0.597926, 0.652253, 0.708837, 0.767426, 0.827726, 0.889397, 0.952059, 1.015291, 1.078640, 1.141615, 1.203707, 1.264389, 1.323117, 1.379342, 1.432528, 1.482147, 1.527695, 1.568697, 1.604717, 1.635365, 1.660305, 1.679258, 1.692015, 1.698429, 1.698429, 1.692015, 1.679259, 1.660306, 1.635367, 1.604719, 1.568700, 1.527698, 1.482150, 1.432531, 1.379346, 1.323120, 1.264392, 1.203711, 1.141619, 1.078644, 1.015295, 0.952063, 0.889401, 0.827730, 0.767429, 0.708840, 0.652257, 0.597930, 0.546065, 0.496824, 0.450326, 0.406649, 0.365835, 0.327892, 0.292795, 0.260493, 0.230913, 0.203961, 0.179526, 0.157488, 0.137718, 0.120080, 0.104438, 0.090657, 0.078605, 0.068154, 0.059187, 0.051594, 0.045276, 0.040148, 0.036135, 0.033178, 0.031233, 0.030267
0.030321, 0.031288, 0.033237, 0.036199, 0.040218, 0.045356, 0.051684, 0.059291, 0.068274, 0.078742, 0.090815, 0.104620, 0.120289, 0.137958, 0.157763, 0.179839, 0.204316, 0.231315, 0.260947, 0.293304, 0.328462, 0.366471, 0.407356, 0.451108, 0.497687, 0.547013, 0.598968, 0.653389, 0.710071, 0.768763, 0.829167, 0.890946, 0.953719, 1.017062, 1.080522, 1.143607, 1.205806, 1.266591, 1.325418, 1.381740, 1.435018, 1.484723, 1.530349, 1.571422, 1.607504, 1.638205, 1.663187, 1.682174, 1.694952, 1.701377, 1.701377, 1.694952, 1.682175, 1.663188, 1.638206, 1.607506, 1.571424, 1.530352, 1.484726, 1.435020, 1.381743, 1.325421, 1.266594, 1.205810, 1.143611, 1.080526, 1.017066, 0.953723, 0.890950, 0.829171, 0.768767, 0.710075, 0.653393, 0.598972, 0.547016, 0.497690, 0.451111, 0.407358, 0.366474, 0.328464, 0.293306, 0.260949, 0.231317, 0.204317, 0.179840, 0.157764, 0.137959, 0.120290, 0.104621, 0.090816, 0.078743, 0.068274, 0.059291, 0.051685, 0.045356, 0.040219, 0.036199, 0.033237, 0.031288, 0.030321
0.030241, 0.031205, 0.033149, 0.036103, 0.040112, 0.045235, 0.051547, 0.059133, 0.068092, 0.078533, 0.090574, 0.104342, 0.119969, 0.137591, 0.157343, 0.179360, 0.203772, 0.230699, 0.260251, 0.292522, 0.327586, 0.365494, 0.406269, 0.449904, 0.496358, 0.545553, 0.597369, 0.651645, 0.708176, 0.766711, 0.826955, 0.888570, 0.951174, 1.014347, 1.077635, 1.140551, 1.202583, 1.263205, 1.321872, 1.378044, 1.431178, 1.480749, 1.526253, 1.567216, 1.603201, 1.633819, 1.658734, 1.677670, 1.690414, 1.696822, 1.696822, 1.690415, 1.677671, 1.658736, 1.633821, 1.603203, 1.567218, 1.526256, 1.480752, 1.431181, 1.378047, 1.321876, 1.263208, 1.202587, 1.140555, 1.077639, 1.014351, 0.951177, 0.888574, 0.826958, 0.766714, 0.708179, 0.651649, 0.597372, 0.545556, 0.496361, 0.449907, 0.406271, 0.365496, 0.327588, 0.292524, 0.260253, 0.230701, 0.203773, 0.179361, 0.157344, 0.137592, 0.119970, 0.104343, 0.090575, 0.078533, 0.068093, 0.059134, 0.051548, 0.045236, 0.040112, 0.036103, 0.033149, 0.031205, 0.030241
0.030028, 0.030985, 0.032915, 0.035848, 0.039829, 0.044917, 0.051184, 0.058716, 0.067612, 0.077979, 0.089935, 0.103606, 0.119123, 0.136620, 0.156232, 0.178094, 0.202333, 0.229070, 0.258413, 0.290456, 0.325272, 0.362912, 0.403399, 0.446726, 0.492852, 0.541698, 0.593149, 0.647042, 0.703174, 0.761295, 0.821113, 0.882291, 0.944451, 1.007177, 1.070017, 1.132487, 1.194081, 1.254272, 1.312525, 1.368298, 1.421056, 1.470276, 1.515458, 1.556130, 1.591860, 1.622262, 1.647000, 1.665802, 1.678456, 1.684818, 1.684819, 1.678456, 1.665803, 1.647002, 1.622263, 1.591862, 1.556133, 1.515460, 1.470279, 1.421059, 1.368301, 1.312528, 1.254276, 1.194084, 1.132491, 1.070020, 1.007181, 0.944455, 0.882294, 0.821116, 0.761298, 0.703177, 0.647046, 0.593152, 0.541701, 0.492855, 0.446728, 0.403401, 0.362914, 0.325274, 0.290458, 0.258415, 0.229072, 0.202335, 0.178095, 0.156233, 0.136621, 0.119124, 0.103607, 0.089936, 0.077979, 0.067612, 0.058717, 0.051184, 0.044917, 0.039829, 0.035849, 0.032916, 0.030985, 0.030028
0.029685, 0.030631, 0.032539, 0.035439, 0.039374, 0.044403, 0.050599, 0.058045, 0.066839, 0.077087, 0.088907, 0.102421, 0.117760, 0.135057, 0.154445, 0.176057, 0.200018, 0.226449, 0.255457, 0.287132, 0.321550, 0.358759, 0.398782, 0.441613, 0.487211, 0.535500, 0.586363, 0.639639, 0.695127, 0.752581, 0.811713, 0.872190, 0.933638, 0.995645, 1.057765, 1.119519, 1.180407, 1.239908, 1.297493, 1.352627, 1.404781, 1.453437, 1.498101, 1.538306, 1.573627, 1.603680, 1.628135, 1.646722, 1.659230, 1.665520, 1.665520, 1.659231, 1.646723, 1.628137, 1.603682, 1.573629, 1.538309, 1.498103, 1.453439, 1.404784, 1.352630, 1.297496, 1.239912, 1.180410, 1.119522, 1.057768, 0.995649, 0.933642, 0.872194, 0.811717, 0.752585, 0.695130, 0.639642, 0.586366, 0.535503, 0.487214, 0.441616, 0.398785, 0.358761, 0.321552, 0.287134, 0.255458, 0.226451, 0.200020, 0.176058, 0.154446, 0.135058, 0.117762, 0.102422, 0.088907, 0.077088, 0.066839, 0.058045, 0.050599, 0.044404, 0.039374, 0.035439, 0.032540, 0.030631, 0.029685
0.029216, 0.030148, 0.032026, 0.034879, 0.038752, 0.043702, 0.049799, 0.057128, 0.065783, 0.075869, 0.087502, 0.100803, 0.115900, 0.132923, 0.152004, 0.173274, 0.196857, 0.222870, 0.251419, 0.282594, 0.316467, 0.353087, 0.392478, 0.434632, 0.479511, 0.527037, 0.577094, 0.629527, 0.684137, 0.740682, 0.798879, 0.858398, 0.918874, 0.979900, 1.041036, 1.101813, 1.161737, 1.220297, 1.276971, 1.331233, 1.382561, 1.430447, 1.474404, 1.513974, 1.548735, 1.578313, 1.602381, 1.620673, 1.632984, 1.639174, 1.639174, 1.632984, 1.620674, 1.602383, 1.578315, 1.548738, 1.513976, 1.474406, 1.430450, 1.382564, 1.331236, 1.276974, 1.220301, 1.161741, 1.101817, 1.041040, 0.979903, 0.918878, 0.858402, 0.798882, 0.740686, 0.684140, 0.629530, 0.577097, 0.527040, 0.479513, 0.434635, 0.392481, 0.353090, 0.316469, 0.282596, 0.251421, 0.222872, 0.196859, 0.173276, 0.152006, 0.132924, 0.115901, 0.100804, 0.087503, 0.075870, 0.065783, 0.057128, 0.049800, 0.043702, 0.038752, 0.034879, 0.032026, 0.030148, 0.029216
0.028628, 0.029541, 0.031381, 0.034177, 0.037972, 0.042822, 0.048796, 0.055977, 0.064458, 0.074341, 0.085739, 0.098772, 0.113565, 0.130245, 0.148942, 0.169783, 0.192890, 0.218379, 0.246352, 0.276898, 0.310089, 0.345971, 0.384568, 0.425873, 0.469847, 0.516415, 0.565462, 0.616838, 0.670346, 0.725751, 0.782773, 0.841092, 0.900348, 0.960143, 1.020046, 1.079597, 1.138312, 1.195691, 1.251222, 1.304389, 1.354681, 1.401602, 1.444672, 1.483443, 1.517504, 1.546485, 1.570068, 1.587991, 1.600053, 1.606119, 1.606119, 1.600053, 1.587992, 1.570069, 1.546486, 1.517506, 1.483446, 1.444675, 1.401605, 1.354684, 1.304392, 1.251225, 1.195695, 1.138316, 1.079600, 1.020050, 0.960146, 0.900352, 0.841096, 0.782777, 0.725754, 0.670349, 0.616841, 0.565465, 0.516418, 0.469850, 0.425875, 0.384570, 0.345973, 0.310091, 0.276900, 0.246354, 0.218380, 0.192892, 0.169784, 0.148943, 0.130246, 0.113566, 0.098773, 0.085740, 0.074342, 0.064458, 0.055978, 0.048797, 0.042822, 0.037972, 0.034177, 0.031381, 0.029541, 0.028628
0.027927, 0.028818, 0.030613, 0.033340, 0.037042, 0.041774, 0.047602, 0.054607, 0.062880, 0.072521, 0.083641, 0.096355, 0.110785, 0.127056, 0.145295, 0.165626, 0.188168, 0.213032, 0.240320, 0.270118, 0.302496, 0.337499, 0.375151, 0.415445, 0.458342, 0.503769, 0.551615, 0.601732, 0.653929, 0.707976, 0.763602, 0.820492, 0.878295, 0.936625, 0.995060, 1.053152, 1.110429, 1.166402, 1.220572, 1.272436, 1.321497, 1.367267, 1.409282, 1.447103, 1.480329, 1.508600, 1.531605, 1.549089, 1.560856, 1.566774, 1.566774, 1.560856, 1.549090, 1.531607, 1.508602, 1.480331, 1.447105, 1.409285, 1.367270, 1.321500, 1.272439, 1.220575, 1.166406, 1.110433, 1.053156, 0.995064, 0.936629, 0.878299, 0.820495, 0.763605, 0.707980, 0.653932, 0.601735, 0.551618, 0.503772, 0.458345, 0.415448, 0.375154, 0.337502, 0.302498, 0.270120, 0.240322, 0.213034, 0.188169, 0.165627, 0.145297, 0.127057, 0.110786, 0.096355, 0.083641, 0.072522, 0.062881, 0.054608, 0.047602, 0.041774, 0.037043, 0.033341, 0.030613, 0.028818, 0.027927
0.027123, 0.027988, 0.029732, 0.032381, 0.035976, 0.040571, 0.046232, 0.053035, 0.061070, 0.070433, 0.081232, 0.093580, 0.107595, 0.123398, 0.141111, 0.160856, 0.182749, 0.206897, 0.233399, 0.262339, 0.293784, 0.327779, 0.364347, 0.403480, 0.445141, 0.489258, 0.535726, 0.584399, 0.635092, 0.687582, 0.741604, 0.796855, 0.852993, 0.909642, 0.966393, 1.022810, 1.078437, 1.132797, 1.185406, 1.235775, 1.283422, 1.327874, 1.368678, 1.405409, 1.437678, 1.465134, 1.487476, 1.504456, 1.515883, 1.521630, 1.521630, 1.515884, 1.504457, 1.487477, 1.465135, 1.437679, 1.405411, 1.368680, 1.327876, 1.283425, 1.235779, 1.185409, 1.132800, 1.078440, 1.022814, 0.966396, 0.909645, 0.852996, 0.796858, 0.741608, 0.687585, 0.635095, 0.584402, 0.535729, 0.489261, 0.445143, 0.403482, 0.364349, 0.327781, 0.293786, 0.262341, 0.233401, 0.206898, 0.182750, 0.160858, 0.141113, 0.123399, 0.107596, 0.093581, 0.081233, 0.070434, 0.061070, 0.053036, 0.046232, 0.040571, 0.035976, 0.032381, 0.029732, 0.027988, 0.027123
0.026226, 0.027062, 0.028748, 0.031309, 0.034786, 0.039229, 0.044702, 0.051280, 0.059049, 0.068103, 0.078544, 0.090483, 0.104034, 0.119314, 0.136441, 0.155533, 0.176700, 0.200049, 0.225674, 0.253656, 0.284059, 0.316929, 0.352286, 0.390124, 0.430405, 0.473062, 0.517991, 0.565052, 0.614067, 0.664819, 0.717052, 0.770473, 0.824752, 0.879525, 0.934396, 0.988946, 1.042730, 1.095290, 1.146157, 1.194858, 1.240927, 1.283907, 1.323360, 1.358875, 1.390074, 1.416621, 1.438223, 1.454641, 1.465690, 1.471246, 1.471246, 1.465690, 1.454641, 1.438224, 1.416623, 1.390076, 1.358877, 1.323362, 1.283909, 1.240930, 1.194861, 1.146160, 1.095293, 1.042733, 0.988949, 0.934400, 0.879528, 0.824755, 0.770476, 0.717055, 0.664822, 0.614070, 0.565055, 0.517994, 0.473065, 0.430408, 0.390127, 0.352289, 0.316931, 0.284061, 0.253658, 0.225675, 0.200051, 0.176702, 0.155534, 0.136442, 0.119315, 0.104035, 0.090484, 0.078545, 0.068103, 0.059050, 0.051281, 0.044702, 0.039229, 0.034786, 0.031310, 0.028748, 0.027062, 0.026226
0.025246, 0.026051, 0.027674, 0.030139, 0.033486, 0.037763, 0.043031, 0.049364, 0.056842, 0.065557, 0.075609, 0.087101, 0.100146, 0.114854, 0.131341, 0.149719, 0.170095, 0.192571, 0.217238, 0.244174, 0.273441, 0.305082, 0.339117, 0.375540, 0.414314, 0.455376, 0.498625, 0.543926, 0.591108, 0.639962, 0.690242, 0.741665, 0.793914, 0.846638, 0.899458, 0.951967, 1.003740, 1.054334, 1.103299, 1.150179, 1.194525, 1.235897, 1.273874, 1.308061, 1.338094, 1.363648, 1.384442, 1.400245, 1.410882, 1.416230, 1.416230, 1.410882, 1.400246, 1.384443, 1.363649, 1.338096, 1.308063, 1.273876, 1.235899, 1.194528, 1.150182, 1.103302, 1.054337, 1.003743, 0.951971, 0.899461, 0.846642, 0.793917, 0.741668, 0.690245, 0.639965, 0.591111, 0.543929, 0.498628, 0.455379, 0.414317, 0.375542, 0.339119, 0.305084, 0.273443, 0.244175, 0.217239, 0.192572, 0.170096, 0.149720, 0.131342, 0.114855, 0.100146, 0.087102, 0.075609, 0.065558, 0.056843, 0.049364, 0.043032, 0.037763, 0.033486, 0.030140, 0.027674, 0.026051, 0.025246
0.024195, 0.024966, 0.026522, 0.028885, 0.032092, 0.036191, 0.041240, 0.047308, 0.054475, 0.062828, 0.072460, 0.083474, 0.095975, 0.110071, 0.125872, 0.143484, 0.163011, 0.184551, 0.208190, 0.234004, 0.262052, 0.292375, 0.324993, 0.359898, 0.397057, 0.436408, 0.477855, 0.521268, 0.566485, 0.613304, 0.661489, 0.710770, 0.760842, 0.811369, 0.861988, 0.912310, 0.961925, 1.010412, 1.057336, 1.102263, 1.144761, 1.184409, 1.220804, 1.253567, 1.282348, 1.306837, 1.326765, 1.341910, 1.352103, 1.357228, 1.357228, 1.352103, 1.341911, 1.326766, 1.306838, 1.282350, 1.253569, 1.220806, 1.184412, 1.144763, 1.102266, 1.057339, 1.010414, 0.961928, 0.912313, 0.861991, 0.811372, 0.760845, 0.710773, 0.661492, 0.613307, 0.566488, 0.521271, 0.477857, 0.436410, 0.397059, 0.359900, 0.324995, 0.292377, 0.262054, 0.234006, 0.208192, 0.184552, 0.163012, 0.143485, 0.125873, 0.110072, 0.095976, 0.083475, 0.072461, 0.062828, 0.054476, 0.047309, 0.041240, 0.036191, 0.032092, 0.028885, 0.026522, 0.024967, 0.024195
0.023085, 0.023821, 0.025305, 0.027559, 0.030619, 0.034530, 0.039347, 0.045138, 0.051975, 0.059944, 0.069135, 0.079643, 0.091570, 0.105020, 0.120095, 0.136898, 0.155529, 0.176080, 0.198634, 0.223263, 0.250023, 0.278954, 0.310074, 0.343377, 0.378831, 0.416375, 0.455919, 0.497339, 0.540480, 0.585149, 0.631122, 0.678140, 0.725913, 0.774121, 0.822415, 0.870426, 0.917764, 0.964023, 1.008793, 1.051658, 1.092204, 1.130032, 1.164756, 1.196014, 1.223474, 1.246838, 1.265851, 1.280301, 1.290026, 1.294916, 1.294916, 1.290026, 1.280302, 1.265852, 1.246840, 1.223476, 1.196016, 1.164758, 1.130034, 1.092207, 1.051660, 1.008796, 0.964026, 0.917766, 0.870429, 0.822418, 0.774124, 0.725916, 0.678143, 0.631125, 0.585152, 0.540482, 0.497342, 0.455921, 0.416377, 0.378833, 0.343379, 0.310076, 0.278956, 0.250025, 0.223265, 0.198636, 0.176082, 0.155531, 0.136899, 0.120096, 0.105020, 0.091571, 0.079644, 0.069136, 0.059945, 0.051976, 0.045138, 0.039348, 0.034530, 0.030619, 0.027559, 0.025305, 0.023821, 0.023085
0.021928, 0.022627, 0.024036, 0.026178, 0.029085, 0.032799, 0.037375, 0.042875, 0.049370, 0.056940, 0.065669, 0.075651, 0.086980, 0.099755, 0.114074, 0.130035, 0.147732, 0.167253, 0.188676, 0.212070, 0.237489, 0.264969, 0.294528, 0.326161, 0.359837, 0.395498, 0.433059, 0.472403, 0.513380, 0.555809, 0.599476, 0.644137, 0.689514, 0.735304, 0.781177, 0.826780, 0.871743, 0.915683, 0.958207, 0.998922, 1.037436, 1.073367, 1.106349, 1.136039, 1.162122, 1.184315, 1.202374, 1.216099, 1.225336, 1.229981, 1.229981, 1.225336, 1.216100, 1.202375, 1.184316, 1.162124, 1.136041, 1.106351, 1.073369, 1.037438, 0.998925, 0.958210, 0.915686, 0.871746, 0.826783, 0.781179, 0.735307, 0.689517, 0.644140, 0.599479, 0.555812, 0.513382, 0.472405, 0.433062, 0.395500, 0.359839, 0.326163, 0.294530, 0.264970, 0.237490, 0.212072, 0.188678, 0.167254, 0.147733, 0.130036, 0.114075, 0.099756, 0.086981, 0.075652, 0.065670, 0.056940, 0.049371, 0.042875, 0.037375, 0.032799, 0.029085, 0.026178, 0.024037, 0.022627, 0.021928
0.020736, 0.021398, 0.022730, 0.024756, 0.027504, 0.031017, 0.035344, 0.040545, 0.046687, 0.053845, 0.062101, 0.071540, 0.082253, 0.094333, 0.107874, 0.122968, 0.139703, 0.158162, 0.178421, 0.200544, 0.224580, 0.250566, 0.278518, 0.308432, 0.340277, 0.374000, 0.409519, 0.446723, 0.485473, 0.525595, 0.566889, 0.609121, 0.652031, 0.695332, 0.738711, 0.781834, 0.824353, 0.865904, 0.906117, 0.944617, 0.981037, 1.015015, 1.046204, 1.074280, 1.098945, 1.119931, 1.137008, 1.149987, 1.158721, 1.163113, 1.163113, 1.158722, 1.149987, 1.137009, 1.119932, 1.098946, 1.074282, 1.046206, 1.015017, 0.981039, 0.944620, 0.906119, 0.865907, 0.824356, 0.781837, 0.738713, 0.695335, 0.652034, 0.609124, 0.566891, 0.525598, 0.485475, 0.446726, 0.409521, 0.374002, 0.340279, 0.308434, 0.278520, 0.250568, 0.224582, 0.200545, 0.178423, 0.158164, 0.139704, 0.122969, 0.107875, 0.094334, 0.082254, 0.071540, 0.062101, 0.053846, 0.046688, 0.040545, 0.035344, 0.031017, 0.027504, 0.024756, 0.022730, 0.021398, 0.020736
0.019523, 0.020145, 0.021400, 0.023306, 0.025894, 0.029201, 0.033275, 0.038171, 0.043954, 0.050693, 0.058465, 0.067351, 0.077437, 0.088810, 0.101558, 0.115768, 0.131523, 0.148901, 0.167974, 0.188801, 0.211430, 0.235894, 0.262209, 0.290370, 0.320350, 0.352098, 0.385537, 0.420563, 0.457043, 0.494815, 0.533690, 0.573449, 0.613846, 0.654611, 0.695449, 0.736047, 0.776075, 0.815193, 0.853050, 0.889295, 0.923582, 0.955569, 0.984932, 1.011363, 1.034583, 1.054340, 1.070417, 1.082636, 1.090859, 1.094994, 1.094994, 1.090859, 1.082636, 1.070418, 1.054341, 1.034585, 1.011365, 0.984934, 0.955571, 0.923584, 0.889297, 0.853052, 0.815195, 0.776078, 0.736050, 0.695451, 0.654614, 0.613849, 0.573452, 0.533693, 0.494818, 0.457045, 0.420565, 0.385539, 0.352100, 0.320352, 0.290372, 0.262210, 0.235896, 0.211431, 0.188802, 0.167975, 0.148903, 0.131524, 0.115769, 0.101559, 0.088811, 0.077438, 0.067352, 0.058465, 0.050693, 0.043954, 0.038172, 0.033275, 0.029201, 0.025894, 0.023306, 0.021400, 0.020145, 0.019523
0.018298, 0.018881, 0.020057, 0.021844, 0.024270, 0.027369, 0.031188, 0.035777, 0.041197, 0.047513, 0.054797, 0.063126, 0.072579, 0.083238, 0.095187, 0.108505, 0.123271, 0.139559, 0.157435, 0.176955, 0.198164, 0.221093, 0.245756, 0.272150, 0.300249, 0.330006, 0.361346, 0.394174, 0.428364, 0.463766, 0.500202, 0.537466, 0.575328, 0.613534, 0.651810, 0.689860, 0.727376, 0.764039, 0.799520, 0.833491, 0.865626, 0.895605, 0.923125, 0.947898, 0.969661, 0.988178, 1.003246, 1.014698, 1.022405, 1.026280, 1.026280, 1.022405, 1.014698, 1.003247, 0.988179, 0.969662, 0.947899, 0.923127, 0.895607, 0.865627, 0.833493, 0.799522, 0.764041, 0.727378, 0.689862, 0.651812, 0.613537, 0.575330, 0.537468, 0.500204, 0.463769, 0.428366, 0.394176, 0.361348, 0.330008, 0.300251, 0.272152, 0.245758, 0.221095, 0.198166, 0.176956, 0.157436, 0.139560, 0.123272, 0.108506, 0.095187, 0.083239, 0.072580, 0.063126, 0.054797, 0.047513, 0.041197, 0.035777, 0.031188, 0.027370, 0.024270, 0.021845, 0.020058, 0.018881, 0.018298
0.017074, 0.017618, 0.018716, 0.020383, 0.022646, 0.025538, 0.029101, 0.033383, 0.038440, 0.044334, 0.051131, 0.058902, 0.067723, 0.077669, 0.088818, 0.101245, 0.115023, 0.130221, 0.146901, 0.165115, 0.184905, 0.206299, 0.229312, 0.253939, 0.280158, 0.307922, 0.337166, 0.367797, 0.399699, 0.432732, 0.466729, 0.501499, 0.536827, 0.572477, 0.608190, 0.643694, 0.678699, 0.712908, 0.746015, 0.777712, 0.807696, 0.835669, 0.861347, 0.884462, 0.904768, 0.922046, 0.936106, 0.946791, 0.953983, 0.957599, 0.957599, 0.953983, 0.946792, 0.936107, 0.922047, 0.904770, 0.884463, 0.861349, 0.835671, 0.807698, 0.777714, 0.746017, 0.712910, 0.678702, 0.643696, 0.608193, 0.572479, 0.536830, 0.501501, 0.466731, 0.432734, 0.399701, 0.367799, 0.337168, 0.307924, 0.280159, 0.253941, 0.229313, 0.206300, 0.184906, 0.165116, 0.146902, 0.130222, 0.115024, 0.101246, 0.088819, 0.077670, 0.067723, 0.058903, 0.051131, 0.044334, 0.038441, 0.033384, 0.029101, 0.025538, 0.022646, 0.020383, 0.018716, 0.017618, 0.017074
0.015861, 0.016367, 0.017386, 0.018935, 0.021037, 0.023724, 0.027033, 0.031011, 0.035709, 0.041184, 0.047497, 0.054717, 0.062910, 0.072150, 0.082506, 0.094050, 0.106849, 0.120967, 0.136461, 0.153380, 0.171764, 0.191638, 0.213015, 0.235892, 0.260247, 0.286038, 0.313203, 0.341657, 0.371291, 0.401977, 0.433557, 0.465856, 0.498673, 0.531788, 0.564964, 0.597944, 0.630461, 0.662238, 0.692992, 0.722436, 0.750288, 0.776273, 0.800126, 0.821598, 0.840461, 0.856510, 0.869570, 0.879496, 0.886176, 0.889536, 0.889536, 0.886177, 0.879497, 0.869571, 0.856511, 0.840462, 0.821599, 0.800127, 0.776275, 0.750290, 0.722438, 0.692993, 0.662240, 0.630463, 0.597946, 0.564966, 0.531790, 0.498675, 0.465858, 0.433559, 0.401979, 0.371293, 0.341658, 0.313205, 0.286040, 0.260248, 0.235893, 0.213016, 0.191639, 0.171765, 0.153381, 0.136462, 0.120968, 0.106850, 0.094051, 0.082507, 0.072150, 0.062911, 0.054717, 0.047498, 0.041184, 0.035709, 0.031011, 0.027034, 0.023724, 0.021037, 0.018935, 0.017386, 0.016367, 0.015861
0.014668, 0.015136, 0.016079, 0.017511, 0.019455, 0.021940, 0.025001, 0.028679, 0.033024, 0.038087, 0.043926, 0.050602, 0.058180, 0.066724, 0.076302, 0.086977, 0.098814, 0.111870, 0.126199, 0.141845, 0.158846, 0.177225, 0.196995, 0.218151, 0.240674, 0.264526, 0.289647, 0.315961, 0.343366, 0.371744, 0.400949, 0.430818, 0.461167, 0.491791, 0.522471, 0.552971, 0.583042, 0.612429, 0.640869, 0.668099, 0.693856, 0.717887, 0.739945, 0.759802, 0.777246, 0.792088, 0.804166, 0.813345, 0.819523, 0.822629, 0.822629, 0.819523, 0.813346, 0.804167, 0.792089, 0.777247, 0.759803, 0.739946, 0.717888, 0.693858, 0.668100, 0.640871, 0.612431, 0.583044, 0.552972, 0.522473, 0.491793, 0.461169, 0.430820, 0.400951, 0.371745, 0.343368, 0.315962, 0.289649, 0.264527, 0.240675, 0.218152, 0.196996, 0.177227, 0.158847, 0.141846, 0.126200, 0.111871, 0.098815, 0.086978, 0.076302, 0.066725, 0.058180, 0.050602, 0.043926, 0.038087, 0.033024, 0.028680, 0.025001, 0.021940, 0.019455, 0.017511, 0.016079, 0.015136, 0.014668
0.013505, 0.013935, 0.014803, 0.016122, 0.017912, 0.020200, 0.023018, 0.026405, 0.030404, 0.035066, 0.040441, 0.046588, 0.053565, 0.061431, 0.070249, 0.080078, 0.090975, 0.102996, 0.116188, 0.130593, 0.146245, 0.163166, 0.181367, 0.200845, 0.221581, 0.243540, 0.266669, 0.290895, 0.316126, 0.342252, 0.369140, 0.396640, 0.424580, 0.452775, 0.481021, 0.509101, 0.536786, 0.563842, 0.590025, 0.615095, 0.638808, 0.660932, 0.681240, 0.699522, 0.715582, 0.729246, 0.740366, 0.748817, 0.754504, 0.757364, 0.757364, 0.754505, 0.748818, 0.740367, 0.729247, 0.715583, 0.699523, 0.681242, 0.660933, 0.638810, 0.615096, 0.590027, 0.563843, 0.536788, 0.509102, 0.481023, 0.452777, 0.424582, 0.396641, 0.369142, 0.342254, 0.316128, 0.290896, 0.266670, 0.243541, 0.221582, 0.200846, 0.181368, 0.163167, 0.146246, 0.130594, 0.116189, 0.102997, 0.090976, 0.080078, 0.070250, 0.061432, 0.053565, 0.046589, 0.040442, 0.035066, 0.030405, 0.026405, 0.023018, 0.020200, 0.017912, 0.016122, 0.014803, 0.013936, 0.013505
0.012378, 0.012773, 0.013569, 0.014777, 0.016418, 0.018515, 0.021097, 0.024202, 0.027868, 0.032140, 0.037068, 0.042701, 0.049096, 0.056306, 0.064388, 0.073397, 0.083385, 0.094403, 0.106494, 0.119697, 0.134043, 0.149553, 0.166235, 0.184087, 0.203093, 0.223219, 0.244417, 0.266622, 0.289749, 0.313695, 0.338339, 0.363544, 0.389153, 0.414995, 0.440884, 0.466621, 0.491996, 0.516794, 0.540793, 0.563770, 0.585505, 0.605782, 0.624396, 0.641152, 0.655872, 0.668396, 0.678588, 0.686333, 0.691546, 0.694167, 0.694167, 0.691546, 0.686334, 0.678588, 0.668397, 0.655872, 0.641153, 0.624397, 0.605784, 0.585506, 0.563771, 0.540794, 0.516795, 0.491998, 0.466622, 0.440886, 0.414997, 0.389155, 0.363546, 0.338341, 0.313696, 0.289750, 0.266624, 0.244419, 0.223220, 0.203094, 0.184088, 0.166236, 0.149553, 0.134044, 0.119698, 0.106495, 0.094403, 0.083386, 0.073397, 0.064389, 0.056307, 0.049096, 0.042702, 0.037068, 0.032141, 0.027868, 0.024202, 0.021098, 0.018515, 0.016418, 0.014777, 0.013569, 0.012773, 0.012378
0.011295, 0.011655, 0.012381, 0.013484, 0.014981, 0.016894, 0.019251, 0.022084, 0.025429, 0.029327, 0.033824, 0.038964, 0.044799, 0.051378, 0.058753, 0.066973, 0.076087, 0.086140, 0.097173, 0.109221, 0.122311, 0.136463, 0.151685, 0.167975, 0.185316, 0.203681, 0.223024, 0.243284, 0.264386, 0.286237, 0.308724, 0.331723, 0.355090, 0.378670, 0.402293, 0.425777, 0.448931, 0.471558, 0.493456, 0.514422, 0.534255, 0.552757, 0.569741, 0.585030, 0.598461, 0.609889, 0.619189, 0.626256, 0.631013, 0.633405, 0.633405, 0.631013, 0.626257, 0.619189, 0.609890, 0.598462, 0.585031, 0.569742, 0.552758, 0.534256, 0.514423, 0.493457, 0.471559, 0.448932, 0.425778, 0.402294, 0.378672, 0.355092, 0.331724, 0.308726, 0.286238, 0.264387, 0.243286, 0.223025, 0.203682, 0.185317, 0.167976, 0.151686, 0.136464, 0.122312, 0.109222, 0.097174, 0.086141, 0.076088, 0.066974, 0.058753, 0.051379, 0.044799, 0.038965, 0.033824, 0.029328, 0.025429, 0.022084, 0.019251, 0.016894, 0.014981, 0.013484, 0.012381, 0.011655, 0.011295
0.010261, 0.010588, 0.011247, 0.012249, 0.013609, 0.015347, 0.017488, 0.020061, 0.023100, 0.026641, 0.030726, 0.035395, 0.040696, 0.046672, 0.053371, 0.060839, 0.069118, 0.078250, 0.088272, 0.099217, 0.111108, 0.123963, 0.137791, 0.152588, 0.168341, 0.185023, 0.202594, 0.220999, 0.240167, 0.260015, 0.280444, 0.301335, 0.322562, 0.343982, 0.365441, 0.386773, 0.407806, 0.428360, 0.448252, 0.467297, 0.485313, 0.502121, 0.517549, 0.531437, 0.543638, 0.554019, 0.562467, 0.568887, 0.573208, 0.575380, 0.575380, 0.573208, 0.568887, 0.562467, 0.554020, 0.543639, 0.531438, 0.517550, 0.502122, 0.485314, 0.467298, 0.448253, 0.428361, 0.407807, 0.386774, 0.365442, 0.343984, 0.322564, 0.301337, 0.280445, 0.260017, 0.240168, 0.221000, 0.202595, 0.185024, 0.168342, 0.152589, 0.137791, 0.123964, 0.111108, 0.099217, 0.088273, 0.078251, 0.069118, 0.060839, 0.053372, 0.046673, 0.040696, 0.035396, 0.030726, 0.026642, 0.023100, 0.020061, 0.017488, 0.015347, 0.013609, 0.012249, 0.011247, 0.010588, 0.010261
0.009279, 0.009575, 0.010172, 0.011078, 0.012307, 0.013879, 0.015815, 0.018142, 0.020890, 0.024093, 0.027787, 0.032010, 0.036803, 0.042208, 0.048266, 0.055019, 0.062506, 0.070765, 0.079829, 0.089726, 0.100480, 0.112105, 0.124610, 0.137992, 0.152238, 0.167324, 0.183214, 0.199858, 0.217192, 0.235142, 0.253615, 0.272509, 0.291705, 0.311076, 0.330481, 0.349773, 0.368794, 0.387382, 0.405370, 0.422594, 0.438886, 0.454085, 0.468038, 0.480597, 0.491631, 0.501019, 0.508658, 0.514464, 0.518371, 0.520336, 0.520336, 0.518372, 0.514464, 0.508659, 0.501019, 0.491632, 0.480598, 0.468038, 0.454086, 0.438887, 0.422595, 0.405372, 0.387383, 0.368795, 0.349774, 0.330483, 0.311077, 0.291706, 0.272510, 0.253616, 0.235143, 0.217193, 0.199859, 0.183215, 0.167325, 0.152239, 0.137992, 0.124611, 0.112106, 0.100480, 0.089727, 0.079829, 0.070766, 0.062507, 0.055020, 0.048267, 0.042208, 0.036803, 0.032010, 0.027787, 0.024093, 0.020891, 0.018142, 0.015815, 0.013879, 0.012308, 0.011078, 0.010172, 0.009575, 0.009279
0.008354, 0.008621, 0.009158, 0.009973, 0.011081, 0.012496, 0.014239, 0.016334, 0.018808, 0.021691, 0.025017, 0.028819, 0.033134, 0.038000, 0.043454, 0.049534, 0.056275, 0.063710, 0.071870, 0.080780, 0.090462, 0.100928, 0.112186, 0.124234, 0.137059, 0.150641, 0.164947, 0.179931, 0.195538, 0.211697, 0.228328, 0.245338, 0.262620, 0.280060, 0.297530, 0.314899, 0.332023, 0.348757, 0.364953, 0.380459, 0.395126, 0.408810, 0.421371, 0.432679, 0.442612, 0.451064, 0.457942, 0.463169, 0.466686, 0.468455, 0.468455, 0.466686, 0.463169, 0.457942, 0.451064, 0.442613, 0.432679, 0.421372, 0.408811, 0.395127, 0.380459, 0.364954, 0.348758, 0.332024, 0.314900, 0.297531, 0.280061, 0.262621, 0.245339, 0.228329, 0.211698, 0.195538, 0.179932, 0.164948, 0.150642, 0.137060, 0.124235, 0.112187, 0.100929, 0.090462, 0.080781, 0.071871, 0.063711, 0.056275, 0.049534, 0.043455, 0.038000, 0.033134, 0.028819, 0.025017, 0.021691, 0.018808, 0.016334, 0.014239, 0.012496, 0.011081, 0.009973, 0.009158, 0.008621, 0.008354
0.007488, 0.007727, 0.008208, 0.008939, 0.009931, 0.011200, 0.012762, 0.014640, 0.016857, 0.019442, 0.022422, 0.025830, 0.029697, 0.034059, 0.038947, 0.044396, 0.050438, 0.057102, 0.064415, 0.072402, 0.081079, 0.090460, 0.100550, 0.111348, 0.122843, 0.135016, 0.147837, 0.161267, 0.175255, 0.189738, 0.204644, 0.219888, 0.235378, 0.251008, 0.266666, 0.282234, 0.297582, 0.312580, 0.327096, 0.340993, 0.354139, 0.366404, 0.377662, 0.387796, 0.396699, 0.404274, 0.410438, 0.415123, 0.418276, 0.419861, 0.419861, 0.418276, 0.415123, 0.410439, 0.404275, 0.396699, 0.387797, 0.377662, 0.366404, 0.354140, 0.340994, 0.327097, 0.312581, 0.297583, 0.282234, 0.266667, 0.251009, 0.235379, 0.219889, 0.204645, 0.189739, 0.175256, 0.161268, 0.147838, 0.135017, 0.122844, 0.111348, 0.100550, 0.090460, 0.081079, 0.072402, 0.064416, 0.057102, 0.050438, 0.044397, 0.038948, 0.034059, 0.029698, 0.025830, 0.022422, 0.019442, 0.016857, 0.014640, 0.012762, 0.011200, 0.009931, 0.008939, 0.008208, 0.007727, 0.007488
0.006681, 0.006894, 0.007324, 0.007976, 0.008862, 0.009993, 0.011387, 0.013063, 0.015041, 0.017347, 0.020007, 0.023047, 0.026498, 0.030390, 0.034752, 0.039614, 0.045004, 0.050950, 0.057476, 0.064602, 0.072344, 0.080714, 0.089717, 0.099352, 0.109608, 0.120470, 0.131910, 0.143893, 0.156373, 0.169296, 0.182596, 0.196198, 0.210019, 0.223965, 0.237936, 0.251825, 0.265520, 0.278902, 0.291854, 0.304254, 0.315984, 0.326927, 0.336972, 0.346015, 0.353958, 0.360717, 0.366218, 0.370398, 0.373211, 0.374625, 0.374625, 0.373211, 0.370398, 0.366218, 0.360718, 0.353959, 0.346015, 0.336973, 0.326928, 0.315985, 0.304255, 0.291855, 0.278903, 0.265520, 0.251826, 0.237937, 0.223966, 0.210020, 0.196199, 0.182597, 0.169297, 0.156374, 0.143894, 0.131911, 0.120471, 0.109609, 0.099352, 0.089718, 0.080715, 0.072345, 0.064602, 0.057476, 0.050951, 0.045005, 0.039614, 0.034752, 0.030390, 0.026499, 0.023047, 0.020007, 0.017347, 0.015041, 0.013063, 0.011387, 0.009993, 0.008862, 0.007976, 0.007324, 0.006894, 0.006681
0.005935, 0.006124, 0.006506, 0.007085, 0.007872, 0.008877, 0.010115, 0.011603, 0.013361, 0.015409, 0.017771, 0.020472, 0.023538, 0.026995, 0.030869, 0.035188, 0.039976, 0.045258, 0.051055, 0.057384, 0.064262, 0.071696, 0.079694, 0.088252, 0.097363, 0.107011, 0.117172, 0.127816, 0.138902, 0.150381, 0.162195, 0.174277, 0.186554, 0.198941, 0.211352, 0.223689, 0.235853, 0.247740, 0.259245, 0.270259, 0.280679, 0.290399, 0.299322, 0.307354, 0.314410, 0.320414, 0.325300, 0.329013, 0.331512, 0.332768, 0.332768, 0.331512, 0.329013, 0.325300, 0.320414, 0.314410, 0.307354, 0.299322, 0.290400, 0.280680, 0.270260, 0.259245, 0.247741, 0.235854, 0.223690, 0.211352, 0.198942, 0.186554, 0.174278, 0.162196, 0.150382, 0.138903, 0.127817, 0.117173, 0.107011, 0.097363, 0.088252, 0.079694, 0.071697, 0.064262, 0.057385, 0.051055, 0.045258, 0.039977, 0.035188, 0.030869, 0.026995, 0.023538, 0.020473, 0.017772, 0.015409, 0.013361, 0.011603, 0.010115, 0.008877, 0.007872, 0.007085, 0.006506, 0.006124, 0.005935
0.005248, 0.005416, 0.005753, 0.006265, 0.006961, 0.007850, 0.008945, 0.010261, 0.011815, 0.013627, 0.015715, 0.018104, 0.020815, 0.023872, 0.027298, 0.031117, 0.035351, 0.040022, 0.045148, 0.050745, 0.056827, 0.063401, 0.070473, 0.078041, 0.086098, 0.094630, 0.103616, 0.113028, 0.122832, 0.132982, 0.143429, 0.154113, 0.164969, 0.175924, 0.186898, 0.197808, 0.208564, 0.219076, 0.229249, 0.238989, 0.248203, 0.256798, 0.264688, 0.271791, 0.278030, 0.283340, 0.287661, 0.290944, 0.293154, 0.294265, 0.294265, 0.293154, 0.290944, 0.287661, 0.283340, 0.278031, 0.271791, 0.264689, 0.256799, 0.248203, 0.238990, 0.229250, 0.219077, 0.208565, 0.197808, 0.186899, 0.175924, 0.164970, 0.154114, 0.143430, 0.132983, 0.122832, 0.113029, 0.103616, 0.094630, 0.086098, 0.078042, 0.070474, 0.063402, 0.056827, 0.050746, 0.045148, 0.040022, 0.035352, 0.031117, 0.027298, 0.023872, 0.020815, 0.018104, 0.015716, 0.013627, 0.011815, 0.010261, 0.008945, 0.007850, 0.006961, 0.006266, 0.005753, 0.005416, 0.005248
0.004621, 0.004768, 0.005065, 0.005516, 0.006128, 0.006911, 0.007875, 0.009033, 0.010402, 0.011996, 0.013835, 0.015938, 0.018324, 0.021015, 0.024032, 0.027394, 0.031122, 0.035234, 0.039746, 0.044674, 0.050028, 0.055816, 0.062041, 0.068704, 0.075796, 0.083307, 0.091218, 0.099504, 0.108135, 0.117071, 0.126267, 0.135673, 0.145230, 0.154874, 0.164535, 0.174139, 0.183609, 0.192863, 0.201818, 0.210393, 0.218504, 0.226071, 0.233017, 0.239270, 0.244763, 0.249436, 0.253240, 0.256130, 0.258076, 0.259054, 0.259054, 0.258076, 0.256131, 0.253240, 0.249437, 0.244763, 0.239270, 0.233017, 0.226071, 0.218504, 0.210394, 0.201819, 0.192863, 0.183609, 0.174140, 0.164536, 0.154875, 0.145231, 0.135674, 0.126268, 0.117071, 0.108135, 0.099505, 0.091219, 0.083308, 0.075797, 0.068704, 0.062042, 0.055816, 0.050028, 0.044674, 0.039746, 0.035234, 0.031122, 0.027394, 0.024032, 0.021016, 0.018325, 0.015938, 0.013835, 0.011996, 0.010402, 0.009033, 0.007875, 0.006911, 0.006128, 0.005516, 0.005065, 0.004768, 0.004621
0.004050, 0.004179, 0.004439, 0.004834, 0.005371, 0.006057, 0.006902, 0.007917, 0.009116, 0.010514, 0.012126, 0.013968, 0.016060, 0.018419, 0.021062, 0.024009, 0.027276, 0.030880, 0.034834, 0.039153, 0.043845, 0.048918, 0.054374, 0.060213, 0.066429, 0.073012, 0.079945, 0.087207, 0.094771, 0.102603, 0.110663, 0.118907, 0.127282, 0.135734, 0.144201, 0.152618, 0.160918, 0.169028, 0.176877, 0.184392, 0.191500, 0.198132, 0.204219, 0.209699, 0.214514, 0.218610, 0.221943, 0.224476, 0.226181, 0.227038, 0.227039, 0.226181, 0.224476, 0.221943, 0.218610, 0.214514, 0.209700, 0.204220, 0.198132, 0.191500, 0.184392, 0.176877, 0.169028, 0.160918, 0.152619, 0.144202, 0.135735, 0.127283, 0.118907, 0.110664, 0.102603, 0.094772, 0.087208, 0.079946, 0.073012, 0.066430, 0.060214, 0.054375, 0.048918, 0.043846, 0.039153, 0.034835, 0.030880, 0.027276, 0.024009, 0.021062, 0.018419, 0.016060, 0.013969, 0.012126, 0.010514, 0.009116, 0.007917, 0.006902, 0.006057, 0.005371, 0.004834, 0.004439, 0.004179, 0.004050
0.003533, 0.003646, 0.003873, 0.004218, 0.004686, 0.005285, 0.006022, 0.006908, 0.007954, 0.009174, 0.010580, 0.012188, 0.014013, 0.016071, 0.018377, 0.020948, 0.023799, 0.026943, 0.030394, 0.034162, 0.038256, 0.042682, 0.047443, 0.052537, 0.057961, 0.063704, 0.069753, 0.076090, 0.082689, 0.089522, 0.096555, 0.103748, 0.111055, 0.118430, 0.125817, 0.133161, 0.140403, 0.147479, 0.154327, 0.160884, 0.167086, 0.172872, 0.178184, 0.182965, 0.187165, 0.190739, 0.193648, 0.195858, 0.197345, 0.198093, 0.198093, 0.197345, 0.195858, 0.193648, 0.190739, 0.187166, 0.182965, 0.178184, 0.172873, 0.167086, 0.160884, 0.154327, 0.147479, 0.140403, 0.133162, 0.125818, 0.118430, 0.111056, 0.103748, 0.096555, 0.089523, 0.082690, 0.076090, 0.069754, 0.063705, 0.057961, 0.052537, 0.047443, 0.042682, 0.038256, 0.034162, 0.030394, 0.026943, 0.023799, 0.020948, 0.018377, 0.016071, 0.014013, 0.012188, 0.010580, 0.009174, 0.007954, 0.006908, 0.006022, 0.005285, 0.004686, 0.004218, 0.003873, 0.003646, 0.003533
0.003069, 0.003167, 0.003364, 0.003664, 0.004071, 0.004591, 0.005231, 0.006001, 0.006909, 0.007969, 0.009190, 0.010587, 0.012172, 0.013960, 0.015963, 0.018197, 0.020673, 0.023404, 0.026401, 0.029674, 0.033231, 0.037075, 0.041211, 0.045636, 0.050347, 0.055336, 0.060591, 0.066095, 0.071827, 0.077763, 0.083872, 0.090119, 0.096467, 0.102873, 0.109290, 0.115669, 0.121959, 0.128106, 0.134054, 0.139750, 0.145137, 0.150163, 0.154777, 0.158930, 0.162579, 0.165683, 0.168210, 0.170130, 0.171422, 0.172071, 0.172071, 0.171422, 0.170130, 0.168210, 0.165684, 0.162579, 0.158931, 0.154777, 0.150164, 0.145138, 0.139750, 0.134055, 0.128106, 0.121960, 0.115670, 0.109290, 0.102873, 0.096468, 0.090120, 0.083872, 0.077763, 0.071828, 0.066095, 0.060591, 0.055336, 0.050348, 0.045636, 0.041211, 0.037076, 0.033231, 0.029675, 0.026402, 0.023404, 0.020673, 0.018197, 0.015963, 0.013960, 0.012172, 0.010587, 0.009190, 0.007969, 0.006910, 0.006001, 0.005231, 0.004591, 0.004071, 0.003664, 0.003364, 0.003167, 0.003069
0.002654, 0.002739, 0.002910, 0.003169, 0.003521, 0.003970, 0.004524, 0.005189, 0.005975, 0.006891, 0.007948, 0.009156, 0.010527, 0.012073, 0.013805, 0.015737, 0.017878, 0.020240, 0.022832, 0.025663, 0.028738, 0.032063, 0.035639, 0.039467, 0.043541, 0.047855, 0.052400, 0.057159, 0.062117, 0.067250, 0.072533, 0.077936, 0.083426, 0.088965, 0.094515, 0.100032, 0.105471, 0.110787, 0.115931, 0.120857, 0.125516, 0.129862, 0.133852, 0.137444, 0.140599, 0.143284, 0.145469, 0.147129, 0.148247, 0.148808, 0.148808, 0.148247, 0.147129, 0.145469, 0.143284, 0.140600, 0.137444, 0.133852, 0.129863, 0.125516, 0.120857, 0.115932, 0.110787, 0.105472, 0.100032, 0.094515, 0.088966, 0.083426, 0.077936, 0.072533, 0.067250, 0.062117, 0.057160, 0.052400, 0.047856, 0.043541, 0.039467, 0.035640, 0.032063, 0.028739, 0.025663, 0.022832, 0.020240, 0.017878, 0.015737, 0.013805, 0.012073, 0.010527, 0.009156, 0.007948, 0.006892, 0.005975, 0.005189, 0.004524, 0.003970, 0.003521, 0.003169, 0.002910, 0.002739, 0.002654
0.002286, 0.002358, 0.002505, 0.002728, 0.003031, 0.003418, 0.003895, 0.004468, 0.005145, 0.005934, 0.006843, 0.007883, 0.009064, 0.010395, 0.011887, 0.013550, 0.015394, 0.017427, 0.019659, 0.022097, 0.024745, 0.027608, 0.030687, 0.033982, 0.037490, 0.041205, 0.045118, 0.049216, 0.053485, 0.057904, 0.062453, 0.067105, 0.071832, 0.076602, 0.081380, 0.086130, 0.090814, 0.095391, 0.099820, 0.104061, 0.108073, 0.111815, 0.115251, 0.118343, 0.121060, 0.123372, 0.125253, 0.126682, 0.127644, 0.128128, 0.128128, 0.127644, 0.126682, 0.125253, 0.123372, 0.121060, 0.118343, 0.115251, 0.111815, 0.108073, 0.104061, 0.099820, 0.095391, 0.090814, 0.086131, 0.081380, 0.076602, 0.071832, 0.067106, 0.062453, 0.057905, 0.053485, 0.049216, 0.045118, 0.041205, 0.037490, 0.033982, 0.030687, 0.027608, 0.024745, 0.022097, 0.019660, 0.017428, 0.015394, 0.013550, 0.011887, 0.010395, 0.009064, 0.007884, 0.006843, 0.005934, 0.005145, 0.004468, 0.003895, 0.003418, 0.003031, 0.002728, 0.002505, 0.002358, 0.002286
0.001960, 0.002022, 0.002148, 0.002339, 0.002599, 0.002931, 0.003340, 0.003831, 0.004411, 0.005087, 0.005867, 0.006759, 0.007771, 0.008912, 0.010191, 0.011617, 0.013197, 0.014941, 0.016855, 0.018944, 0.021214, 0.023669, 0.026309, 0.029134, 0.032141, 0.035326, 0.038681, 0.042194, 0.045854, 0.049643, 0.053543, 0.057531, 0.061584, 0.065673, 0.069769, 0.073842, 0.077857, 0.081781, 0.085578, 0.089214, 0.092654, 0.095862, 0.098807, 0.101459, 0.103788, 0.105770, 0.107382, 0.108608, 0.109433, 0.109848, 0.109848, 0.109433, 0.108608, 0.107382, 0.105770, 0.103788, 0.101459, 0.098807, 0.095862, 0.092654, 0.089215, 0.085579, 0.081781, 0.077857, 0.073842, 0.069770, 0.065673, 0.061584, 0.057531, 0.053543, 0.049643, 0.045854, 0.042195, 0.038681, 0.035326, 0.032142, 0.029134, 0.026309, 0.023669, 0.021215, 0.018944, 0.016855, 0.014941, 0.013198, 0.011617, 0.010191, 0.008912, 0.007771, 0.006759, 0.005867, 0.005087, 0.004411, 0.003831, 0.003340, 0.002931, 0.002599, 0.002339, 0.002148, 0.002022, 0.001960
0.001673, 0.001726, 0.001834, 0.001997, 0.002219, 0.002502, 0.002851, 0.003271, 0.003766, 0.004343, 0.005009, 0.005770, 0.006634, 0.007608, 0.008700, 0.009918, 0.011267, 0.012756, 0.014389, 0.016173, 0.018112, 0.020207, 0.022461, 0.024873, 0.027440, 0.030159, 0.033023, 0.036023, 0.039147, 0.042382, 0.045711, 0.049116, 0.052576, 0.056067, 0.059564, 0.063041, 0.066469, 0.069819, 0.073061, 0.076165, 0.079101, 0.081841, 0.084355, 0.086618, 0.088607, 0.090299, 0.091676, 0.092722, 0.093426, 0.093780, 0.093780, 0.093426, 0.092722, 0.091676, 0.090299, 0.088607, 0.086619, 0.084355, 0.081841, 0.079101, 0.076165, 0.073061, 0.069819, 0.066469, 0.063041, 0.059565, 0.056067, 0.052576, 0.049117, 0.045712, 0.042382, 0.039147, 0.036023, 0.033023, 0.030159, 0.027440, 0.024873, 0.022461, 0.020207, 0.018112, 0.016173, 0.014390, 0.012756, 0.011267, 0.009918, 0.008701, 0.007609, 0.006634, 0.005770, 0.005009, 0.004343, 0.003766, 0.003271, 0.002851, 0.002502, 0.002219, 0.001997, 0.001834, 0.001726, 0.001673
0.001423, 0.001468, 0.001559, 0.001698, 0.001887, 0.002128, 0.002424, 0.002781, 0.003202, 0.003693, 0.004259, 0.004906, 0.005641, 0.006470, 0.007398, 0.008433, 0.009581, 0.010846, 0.012235, 0.013752, 0.015400, 0.017182, 0.019098, 0.021149, 0.023332, 0.025644, 0.028080, 0.030630, 0.033287, 0.036037, 0.038868, 0.041764, 0.044705, 0.047674, 0.050647, 0.053604, 0.056519, 0.059367, 0.062124, 0.064763, 0.067260, 0.069589, 0.071727, 0.073651, 0.075342, 0.076781, 0.077951, 0.078841, 0.079440, 0.079741, 0.079741, 0.079440, 0.078841, 0.077952, 0.076781, 0.075342, 0.073652, 0.071727, 0.069589, 0.067260, 0.064763, 0.062124, 0.059367, 0.056519, 0.053604, 0.050648, 0.047674, 0.044705, 0.041764, 0.038868, 0.036038, 0.033287, 0.030630, 0.028080, 0.025645, 0.023333, 0.021149, 0.019098, 0.017182, 0.015400, 0.013752, 0.012235, 0.010846, 0.009581, 0.008433, 0.007398, 0.006470, 0.005641, 0.004907, 0.004259, 0.003693, 0.003202, 0.002781, 0.002424, 0.002128, 0.001887, 0.001698, 0.001559, 0.001468, 0.001423
0.001205, 0.001243, 0.001321, 0.001439, 0.001598, 0.001802, 0.002054, 0.002356, 0.002713, 0.003128, 0.003608, 0.004156, 0.004779, 0.005480, 0.006267, 0.007144, 0.008116, 0.009188, 0.010365, 0.011650, 0.013046, 0.014555, 0.016178, 0.017915, 0.019765, 0.021723, 0.023786, 0.025947, 0.028197, 0.030527, 0.032925, 0.035378, 0.037870, 0.040384, 0.042903, 0.045408, 0.047877, 0.050290, 0.052625, 0.054861, 0.056976, 0.058949, 0.060760, 0.062390, 0.063822, 0.065041, 0.066033, 0.066786, 0.067293, 0.067549, 0.067549, 0.067294, 0.066786, 0.066033, 0.065041, 0.063822, 0.062390, 0.060760, 0.058949, 0.056976, 0.054861, 0.052625, 0.050290, 0.047877, 0.045408, 0.042904, 0.040385, 0.037870, 0.035378, 0.032925, 0.030527, 0.028197, 0.025947, 0.023786, 0.021724, 0.019765, 0.017916, 0.016178, 0.014555, 0.013046, 0.011650, 0.010365, 0.009188, 0.008116, 0.007144, 0.006267, 0.005480, 0.004779, 0.004156, 0.003608, 0.003128, 0.002713, 0.002356, 0.002054, 0.001802, 0.001598, 0.001439, 0.001321, 0.001243, 0.001205
0.001017, 0.001050, 0.001115, 0.001214, 0.001349, 0.001522, 0.001734, 0.001989, 0.002290, 0.002641, 0.003046, 0.003509, 0.004034, 0.004627, 0.005291, 0.006031, 0.006852, 0.007757, 0.008750, 0.009835, 0.011014, 0.012288, 0.013659, 0.015125, 0.016687, 0.018340, 0.020082, 0.021906, 0.023806, 0.025773, 0.027798, 0.029868, 0.031972, 0.034095, 0.036222, 0.038336, 0.040420, 0.042458, 0.044429, 0.046317, 0.048102, 0.049768, 0.051297, 0.052673, 0.053882, 0.054911, 0.055749, 0.056385, 0.056813, 0.057028, 0.057028, 0.056813, 0.056385, 0.055749, 0.054911, 0.053883, 0.052673, 0.051297, 0.049768, 0.048102, 0.046317, 0.044429, 0.042458, 0.040421, 0.038336, 0.036222, 0.034095, 0.031972, 0.029868, 0.027798, 0.025773, 0.023806, 0.021906, 0.020082, 0.018340, 0.016687, 0.015125, 0.013659, 0.012288, 0.011014, 0.009835, 0.008750, 0.007757, 0.006852, 0.006031, 0.005291, 0.004627, 0.004034, 0.003509, 0.003046, 0.002641, 0.002290, 0.001989, 0.001734, 0.001522, 0.001349, 0.001214, 0.001115, 0.001050, 0.001017
0.000857, 0.000884, 0.000939, 0.001023, 0.001136, 0.001281, 0.001460, 0.001675, 0.001928, 0.002224, 0.002565, 0.002954, 0.003397, 0.003896, 0.004455, 0.005078, 0.005769, 0.006531, 0.007367, 0.008281, 0.009273, 0.010346, 0.011500, 0.012735, 0.014050, 0.015442, 0.016908, 0.018444, 0.020043, 0.021700, 0.023404, 0.025148, 0.026919, 0.028706, 0.030497, 0.032277, 0.034032, 0.035747, 0.037407, 0.038997, 0.040500, 0.041902, 0.043190, 0.044349, 0.045367, 0.046233, 0.046938, 0.047474, 0.047834, 0.048015, 0.048015, 0.047834, 0.047474, 0.046938, 0.046233, 0.045367, 0.044349, 0.043190, 0.041902, 0.040500, 0.038997, 0.037407, 0.035747, 0.034032, 0.032277, 0.030497, 0.028706, 0.026919, 0.025148, 0.023404, 0.021700, 0.020043, 0.018444, 0.016908, 0.015442, 0.014050, 0.012735, 0.011500, 0.010346, 0.009273, 0.008281, 0.007368, 0.006531, 0.005769, 0.005078, 0.004455, 0.003896, 0.003397, 0.002954, 0.002565, 0.002224, 0.001928, 0.001675, 0.001460, 0.001281, 0.001136, 0.001023, 0.000939, 0.000884, 0.000857
0.000720, 0.000743, 0.000789, 0.000859, 0.000955, 0.001077, 0.001227, 0.001407, 0.001621, 0.001869, 0.002156, 0.002483, 0.002855, 0.003274, 0.003744, 0.004268, 0.004849, 0.005489, 0.006192, 0.006960, 0.007794, 0.008696, 0.009665, 0.010703, 0.011808, 0.012978, 0.014211, 0.015501, 0.016846, 0.018238, 0.019671, 0.021136, 0.022625, 0.024127, 0.025632, 0.027128, 0.028603, 0.030045, 0.031440, 0.032775, 0.034039, 0.035218, 0.036300, 0.037274, 0.038129, 0.038857, 0.039450, 0.039900, 0.040203, 0.040356, 0.040356, 0.040203, 0.039900, 0.039450, 0.038857, 0.038129, 0.037274, 0.036300, 0.035218, 0.034039, 0.032776, 0.031440, 0.030045, 0.028603, 0.027128, 0.025632, 0.024127, 0.022625, 0.021136, 0.019671, 0.018238, 0.016846, 0.015502, 0.014211, 0.012978, 0.011808, 0.010703, 0.009665, 0.008696, 0.007794, 0.006960, 0.006192, 0.005489, 0.004849, 0.004268, 0.003744, 0.003274, 0.002855, 0.002483, 0.002156, 0.001869, 0.001621, 0.001407, 0.001227, 0.001077, 0.000955, 0.000859, 0.000789, 0.000743, 0.000720
0.000605, 0.000624, 0.000663, 0.000722, 0.000802, 0.000905, 0.001031, 0.001183, 0.001362, 0.001570, 0.001811, 0.002086, 0.002399, 0.002751, 0.003146, 0.003586, 0.004074, 0.004612, 0.005203, 0.005848, 0.006548, 0.007306, 0.008121, 0.008993, 0.009921, 0.010904, 0.011940, 0.013025, 0.014154, 0.015324, 0.016527, 0.017759, 0.019009, 0.020272, 0.021536, 0.022793, 0.024033, 0.025244, 0.026416, 0.027538, 0.028600, 0.029590, 0.030500, 0.031318, 0.032037, 0.032649, 0.033146, 0.033525, 0.033779, 0.033907, 0.033907, 0.033779, 0.033525, 0.033146, 0.032649, 0.032037, 0.031318, 0.030500, 0.029590, 0.028600, 0.027538, 0.026416, 0.025244, 0.024033, 0.022793, 0.021536, 0.020272, 0.019010, 0.017759, 0.016528, 0.015324, 0.014154, 0.013025, 0.011940, 0.010905, 0.009921, 0.008993, 0.008121, 0.007306, 0.006549, 0.005848, 0.005203, 0.004612, 0.004074, 0.003586, 0.003146, 0.002751, 0.002399, 0.002086, 0.001811, 0.001570, 0.001362, 0.001183, 0.001031, 0.000905, 0.000802, 0.000722, 0.000663, 0.000624, 0.000605
0.000509, 0.000525, 0.000558, 0.000608, 0.000675, 0.000762, 0.000868, 0.000995, 0.001146, 0.001322, 0.001525, 0.001756, 0.002019, 0.002316, 0.002648, 0.003018, 0.003429, 0.003882, 0.004380, 0.004922, 0.005512, 0.006150, 0.006836, 0.007570, 0.008352, 0.009179, 0.010051, 0.010964, 0.011915, 0.012899, 0.013913, 0.014949, 0.016002, 0.017065, 0.018129, 0.019187, 0.020231, 0.021250, 0.022237, 0.023182, 0.024075, 0.024909, 0.025674, 0.026363, 0.026968, 0.027483, 0.027902, 0.028221, 0.028435, 0.028543, 0.028543, 0.028435, 0.028221, 0.027902, 0.027483, 0.026968, 0.026363, 0.025674, 0.024909, 0.024075, 0.023182, 0.022237, 0.021250, 0.020231, 0.019187, 0.018129, 0.017065, 0.016002, 0.014949, 0.013913, 0.012899, 0.011915, 0.010964, 0.010051, 0.009179, 0.008352, 0.007570, 0.006836, 0.006150, 0.005512, 0.004922, 0.004380, 0.003882, 0.003429, 0.003019, 0.002648, 0.002316, 0.002019, 0.001756, 0.001525, 0.001322, 0.001146, 0.000995, 0.000868, 0.000762, 0.000675, 0.000608, 0.000558, 0.000525, 0.000509
0.000431, 0.000444, 0.000472, 0.000514, 0.000571, 0.000644, 0.000734, 0.000842, 0.000970, 0.001118, 0.001290, 0.001486, 0.001708, 0.001959, 0.002240, 0.002554, 0.002901, 0.003285, 0.003705, 0.004165, 0.004664, 0.005203, 0.005784, 0.006405, 0.007066, 0.007766, 0.008503, 0.009276, 0.010080, 0.010913, 0.011771, 0.012648, 0.013538, 0.014437, 0.015338, 0.016233, 0.017116, 0.017979, 0.018814, 0.019613, 0.020369, 0.021074, 0.021722, 0.022305, 0.022817, 0.023253, 0.023607, 0.023877, 0.024058, 0.024149, 0.024149, 0.024058, 0.023877, 0.023607, 0.023253, 0.022817, 0.022305, 0.021722, 0.021074, 0.020369, 0.019613, 0.018814, 0.017979, 0.017116, 0.016233, 0.015338, 0.014438, 0.013539, 0.012648, 0.011771, 0.010914, 0.010080, 0.009276, 0.008504, 0.007766, 0.007066, 0.006405, 0.005784, 0.005203, 0.004664, 0.004165, 0.003705, 0.003285, 0.002901, 0.002554, 0.002240, 0.001959, 0.001708, 0.001486, 0.001290, 0.001118, 0.000970, 0.000842, 0.000734, 0.000644, 0.000571, 0.000514, 0.000472, 0.000444, 0.000431
0.000368, 0.000380, 0.000403, 0.000439, 0.000488, 0.000550, 0.000627, 0.000719, 0.000828, 0.000955, 0.001102, 0.001269, 0.001459, 0.001673, 0.001913, 0.002181, 0.002478, 0.002805, 0.003165, 0.003557, 0.003983, 0.004444, 0.004940, 0.005470, 0.006035, 0.006633, 0.007263, 0.007923, 0.008610, 0.009322, 0.010054, 0.010803, 0.011564, 0.012332, 0.013101, 0.013866, 0.014620, 0.015357, 0.016070, 0.016752, 0.017398, 0.018001, 0.018554, 0.019052, 0.019489, 0.019861, 0.020164, 0.020394, 0.020549, 0.020627, 0.020627, 0.020549, 0.020394, 0.020164, 0.019861, 0.019489, 0.019052, 0.018554, 0.018001, 0.017398, 0.016753, 0.016070, 0.015357, 0.014620, 0.013866, 0.013101, 0.012332, 0.011564, 0.010803, 0.010054, 0.009322, 0.008610, 0.007923, 0.007263, 0.006633, 0.006035, 0.005470, 0.004940, 0.004444, 0.003983, 0.003557, 0.003165, 0.002805, 0.002478, 0.002181, 0.001913, 0.001673, 0.001459, 0.001269, 0.001102, 0.000955, 0.000828, 0.000719, 0.000627, 0.000550, 0.000488, 0.000439, 0.000403, 0.000380, 0.000368
0.000319, 0.000329, 0.000350, 0.000381, 0.000423, 0.000477, 0.000544, 0.000624, 0.000718, 0.000829, 0.000956, 0.001101, 0.001266, 0.001451, 0.001660, 0.001892, 0.002150, 0.002434, 0.002745, 0.003086, 0.003455, 0.003855, 0.004285, 0.004745, 0.005235, 0.005754, 0.006301, 0.006873, 0.007469, 0.008086, 0.008722, 0.009371, 0.010032, 0.010698, 0.011365, 0.012029, 0.012683, 0.013322, 0.013941, 0.014533, 0.015093, 0.015616, 0.016096, 0.016528, 0.016907, 0.017230, 0.017493, 0.017692, 0.017827, 0.017894, 0.017894, 0.017827, 0.017692, 0.017493, 0.017230, 0.016907, 0.016528, 0.016096, 0.015616, 0.015093, 0.014533, 0.013941, 0.013322, 0.012683, 0.012029, 0.011365, 0.010698, 0.010032, 0.009372, 0.008722, 0.008086, 0.007469, 0.006873, 0.006301, 0.005754, 0.005235, 0.004745, 0.004285, 0.003855, 0.003455, 0.003086, 0.002745, 0.002434, 0.002150, 0.001892, 0.001660, 0.001451, 0.001266, 0.001101, 0.000956, 0.000829, 0.000718, 0.000624, 0.000544, 0.000477, 0.000423, 0.000381, 0.000350, 0.000329, 0.000319
0.000283, 0.000292, 0.000310, 0.000338, 0.000376, 0.000424, 0.000483, 0.000554, 0.000638, 0.000735, 0.000848, 0.000977, 0.001123, 0.001288, 0.001473, 0.001679, 0.001908, 0.002160, 0.002437, 0.002739, 0.003067, 0.003422, 0.003803, 0.004212, 0.004647, 0.005107, 0.005592, 0.006100, 0.006629, 0.007177, 0.007741, 0.008318, 0.008904, 0.009495, 0.010088, 0.010677, 0.011257, 0.011825, 0.012374, 0.012899, 0.013397, 0.013861, 0.014287, 0.014670, 0.015007, 0.015294, 0.015527, 0.015704, 0.015823, 0.015883, 0.015883, 0.015823, 0.015704, 0.015527, 0.015294, 0.015007, 0.014670, 0.014287, 0.013861, 0.013397, 0.012900, 0.012374, 0.011825, 0.011257, 0.010677, 0.010088, 0.009495, 0.008904, 0.008318, 0.007741, 0.007177, 0.006630, 0.006100, 0.005592, 0.005107, 0.004647, 0.004212, 0.003803, 0.003422, 0.003067, 0.002739, 0.002437, 0.002160, 0.001908, 0.001679, 0.001473, 0.001288, 0.001123, 0.000977, 0.000848, 0.000735, 0.000638, 0.000554, 0.000483, 0.000424, 0.000376, 0.000338, 0.000310, 0.000292, 0.000283
0.000259, 0.000267, 0.000284, 0.000309, 0.000344, 0.000388, 0.000442, 0.000507, 0.000584, 0.000673, 0.000776, 0.000894, 0.001028, 0.001179, 0.001349, 0.001537, 0.001746, 0.001977, 0.002231, 0.002507, 0.002808, 0.003132, 0.003482, 0.003856, 0.004254, 0.004676, 0.005120, 0.005585, 0.006069, 0.006571, 0.007087, 0.007615, 0.008152, 0.008693, 0.009236, 0.009775, 0.010306, 0.010826, 0.011329, 0.011810, 0.012265, 0.012690, 0.013080, 0.013431, 0.013740, 0.014002, 0.014216, 0.014378, 0.014487, 0.014542, 0.014542, 0.014487, 0.014378, 0.014216, 0.014002, 0.013740, 0.013431, 0.013080, 0.012690, 0.012266, 0.011810, 0.011329, 0.010826, 0.010306, 0.009775, 0.009236, 0.008693, 0.008152, 0.007615, 0.007087, 0.006571, 0.006069, 0.005585, 0.005120, 0.004676, 0.004254, 0.003856, 0.003482, 0.003133, 0.002808, 0.002507, 0.002231, 0.001977, 0.001746, 0.001537, 0.001349, 0.001179, 0.001028, 0.000894, 0.000776, 0.000673, 0.000584, 0.000507, 0.000442, 0.000388, 0.000344, 0.000309, 0.000284, 0.000267, 0.000259
0.000247, 0.000254, 0.000270, 0.000294, 0.000327, 0.000369, 0.000420, 0.000482, 0.000555, 0.000640, 0.000738, 0.000851, 0.000978, 0.001122, 0.001283, 0.001462, 0.001661, 0.001881, 0.002122, 0.002385, 0.002671, 0.002980, 0.003312, 0.003668, 0.004047, 0.004448, 0.004870, 0.005313, 0.005774, 0.006251, 0.006742, 0.007245, 0.007755, 0.008270, 0.008786, 0.009299, 0.009805, 0.010299, 0.010777, 0.011235, 0.011669, 0.012073, 0.012444, 0.012778, 0.013071, 0.013321, 0.013524, 0.013679, 0.013782, 0.013835, 0.013835, 0.013782, 0.013679, 0.013524, 0.013321, 0.013071, 0.012778, 0.012444, 0.012073, 0.011669, 0.011236, 0.010778, 0.010299, 0.009805, 0.009299, 0.008786, 0.008270, 0.007755, 0.007245, 0.006742, 0.006251, 0.005774, 0.005313, 0.004870, 0.004448, 0.004047, 0.003668, 0.003312, 0.002980, 0.002671, 0.002385, 0.002122, 0.001881, 0.001661, 0.001462, 0.001283, 0.001122, 0.000978, 0.000851, 0.000738, 0.000640, 0.000555, 0.000482, 0.000420, 0.000369, 0.000327, 0.000294, 0.000270, 0.000254, 0.000247
0.000245, 0.000253, 0.000268, 0.000292, 0.000325, 0.000366, 0.000417, 0.000479, 0.000551, 0.000636, 0.000733, 0.000845, 0.000971, 0.001114, 0.001274, 0.001452, 0.001650, 0.001868, 0.002107, 0.002368, 0.002652, 0.002959, 0.003289, 0.003643, 0.004019, 0.004417, 0.004837, 0.005276, 0.005734, 0.006208, 0.006696, 0.007195, 0.007702, 0.008214, 0.008726, 0.009236, 0.009738, 0.010229, 0.010704, 0.011159, 0.011589, 0.011991, 0.012359, 0.012691, 0.012983, 0.013230, 0.013432, 0.013586, 0.013689, 0.013741, 0.013741, 0.013689, 0.013586, 0.013432, 0.013231, 0.012983, 0.012691, 0.012359, 0.011991, 0.011589, 0.011159, 0.010704, 0.010229, 0.009738, 0.009236, 0.008726, 0.008214, 0.007702, 0.007195, 0.006696, 0.006208, 0.005734, 0.005276, 0.004837, 0.004417, 0.004019, 0.003643, 0.003289, 0.002959, 0.002652, 0.002368, 0.002107, 0.001868, 0.001650, 0.001452, 0.001274, 0.001114, 0.000971, 0.000845, 0.000733, 0.000636, 0.000551, 0.000479, 0.000417, 0.000366, 0.000325, 0.000292, 0.000268, 0.000253, 0.000245
0.000254, 0.000262, 0.000278, 0.000303, 0.000337, 0.000380, 0.000433, 0.000496, 0.000572, 0.000659, 0.000761, 0.000876, 0.001007, 0.001155, 0.001321, 0.001506, 0.001711, 0.001937, 0.002186, 0.002457, 0.002751, 0.003070, 0.003412, 0.003779, 0.004169, 0.004582, 0.005018, 0.005474, 0.005949, 0.006440, 0.006947, 0.007464, 0.007990, 0.008521, 0.009053, 0.009581, 0.010102, 0.010612, 0.011105, 0.011577, 0.012023, 0.012440, 0.012822, 0.013166, 0.013469, 0.013726, 0.013935, 0.014094, 0.014201, 0.014255, 0.014255, 0.014201, 0.014094, 0.013935, 0.013726, 0.013469, 0.013166, 0.012822, 0.012440, 0.012023, 0.011577, 0.011105, 0.010612, 0.010102, 0.009581, 0.009053, 0.008521, 0.007990, 0.007464, 0.006947, 0.006440, 0.005949, 0.005474, 0.005018, 0.004582, 0.004169, 0.003779, 0.003412, 0.003070, 0.002751, 0.002457, 0.002186, 0.001937, 0.001711, 0.001506, 0.001321, 0.001155, 0.001007, 0.000876, 0.000761, 0.000659, 0.000572, 0.000496, 0.000433, 0.000380, 0.000337, 0.000303, 0.000278, 0.000262, 0.000254
0.000274, 0.000283, 0.000300, 0.000327, 0.000363, 0.000410, 0.000467, 0.000536, 0.000617, 0.000712, 0.000821, 0.000946, 0.001087, 0.001247, 0.001426, 0.001626, 0.001847, 0.002091, 0.002359, 0.002652, 0.002970, 0.003314, 0.003683, 0.004079, 0.004500, 0.004947, 0.005416, 0.005909, 0.006421, 0.006952, 0.007499, 0.008058, 0.008625, 0.009198, 0.009772, 0.010343, 0.010906, 0.011456, 0.011988, 0.012497, 0.012979, 0.013429, 0.013842, 0.014213, 0.014540, 0.014818, 0.015044, 0.015215, 0.015331, 0.015389, 0.015389, 0.015331, 0.015215, 0.015044, 0.014818, 0.014540, 0.014213, 0.013842, 0.013429, 0.012979, 0.012497, 0.011988, 0.011456, 0.010906, 0.010343, 0.009772, 0.009198, 0.008625, 0.008058, 0.007499, 0.006952, 0.006421, 0.005909, 0.005417, 0.004947, 0.004500, 0.004079, 0.003683, 0.003314, 0.002970, 0.002652, 0.002359, 0.002091, 0.001847, 0.001626, 0.001426, 0.001247, 0.001087, 0.000946, 0.000821, 0.000712, 0.000617, 0.000536, 0.000467, 0.000410, 0.000363, 0.000327, 0.000300, 0.000283, 0.000274
0.000306, 0.000315, 0.000335, 0.000365, 0.000405, 0.000457, 0.000521, 0.000598, 0.000688, 0.000794, 0.000916, 0.001055, 0.001213, 0.001391, 0.001591, 0.001814, 0.002061, 0.002333, 0.002632, 0.002958, 0.003313, 0.003696, 0.004109, 0.004550, 0.005020, 0.005518, 0.006042, 0.006592, 0.007164, 0.007756, 0.008365, 0.008989, 0.009622, 0.010262, 0.010902, 0.011539, 0.012166, 0.012780, 0.013374, 0.013942, 0.014480, 0.014981, 0.015442, 0.015856, 0.016221, 0.016531, 0.016783, 0.016974, 0.017103, 0.017168, 0.017168, 0.017103, 0.016974, 0.016783, 0.016531, 0.016221, 0.015857, 0.015442, 0.014981, 0.014480, 0.013942, 0.013374, 0.012780, 0.012166, 0.011539, 0.010902, 0.010262, 0.009622, 0.008989, 0.008365, 0.007756, 0.007164, 0.006592, 0.006042, 0.005518, 0.005020, 0.004550, 0.004109, 0.003697, 0.003313, 0.002958, 0.002632, 0.002333, 0.002061, 0.001814, 0.001591, 0.001391, 0.001213, 0.001055, 0.000916, 0.000794, 0.000688, 0.000598, 0.000521, 0.000457, 0.000405, 0.000365, 0.000335, 0.000315, 0.000306
0.000349, 0.000361, 0.000383, 0.000417, 0.000464, 0.000523, 0.000596, 0.000683, 0.000787, 0.000908, 0.001047, 0.001206, 0.001387, 0.001591, 0.001819, 0.002074, 0.002356, 0.002668, 0.003010, 0.003383, 0.003789, 0.004227, 0.004699, 0.005204, 0.005741, 0.006311, 0.006910, 0.007538, 0.008192, 0.008870, 0.009567, 0.010280, 0.011004, 0.011735, 0.012468, 0.013196, 0.013914, 0.014615, 0.015294, 0.015945, 0.016560, 0.017133, 0.017660, 0.018134, 0.018551, 0.018905, 0.019193, 0.019413, 0.019560, 0.019634, 0.019634, 0.019560, 0.019413, 0.019193, 0.018905, 0.018551, 0.018134, 0.017660, 0.017133, 0.016560, 0.015945, 0.015294, 0.014615, 0.013914, 0.013196, 0.012468, 0.011735, 0.011004, 0.010280, 0.009567, 0.008870, 0.008192, 0.007538, 0.006910, 0.006311, 0.005741, 0.005204, 0.004699, 0.004227, 0.003789, 0.003383, 0.003010, 0.002668, 0.002356, 0.002074, 0.001819, 0.001591, 0.001387, 0.001206, 0.001047, 0.000908, 0.000787, 0.000683, 0.000596, 0.000523, 0.000464, 0.000417, 0.000383, 0.000361, 0.000349
0.000406, 0.000419, 0.000446, 0.000485, 0.000539, 0.000608, 0.000693, 0.000795, 0.000916, 0.001056, 0.001218, 0.001403, 0.001614, 0.001851, 0.002117, 0.002413, 0.002741, 0.003104, 0.003502, 0.003936, 0.004408, 0.004918, 0.005467, 0.006055, 0.006680, 0.007342, 0.008040, 0.008770, 0.009532, 0.010320, 0.011131, 0.011960, 0.012803, 0.013654, 0.014506, 0.015353, 0.016188, 0.017005, 0.017795, 0.018551, 0.019267, 0.019934, 0.020547, 0.021099, 0.021583, 0.021996, 0.022331, 0.022586, 0.022758, 0.022844, 0.022844, 0.022758, 0.022586, 0.022331, 0.021996, 0.021583, 0.021099, 0.020547, 0.019934, 0.019267, 0.018551, 0.017795, 0.017005, 0.016188, 0.015353, 0.014506, 0.013654, 0.012803, 0.011960, 0.011131, 0.010320, 0.009532, 0.008770, 0.008040, 0.007342, 0.006680, 0.006055, 0.005467, 0.004918, 0.004408, 0.003936, 0.003502, 0.003104, 0.002742, 0.002413, 0.002117, 0.001851, 0.001614, 0.001403, 0.001218, 0.001056, 0.000916, 0.000795, 0.000693, 0.000608, 0.000539, 0.000485, 0.000446, 0.000419, 0.000406
0.000478, 0.000493, 0.000524, 0.000571, 0.000634, 0.000715, 0.000815, 0.000935, 0.001077, 0.001242, 0.001433, 0.001651, 0.001898, 0.002177, 0.002490, 0.002838, 0.003225, 0.003651, 0.004119, 0.004630, 0.005185, 0.005785, 0.006431, 0.007121, 0.007857, 0.008636, 0.009456, 0.010316, 0.011211, 0.012138, 0.013092, 0.014068, 0.015059, 0.016060, 0.017062, 0.018059, 0.019041, 0.020001, 0.020931, 0.021820, 0.022662, 0.023447, 0.024168, 0.024817, 0.025387, 0.025872, 0.026267, 0.026567, 0.026769, 0.026870, 0.026870, 0.026769, 0.026567, 0.026267, 0.025872, 0.025387, 0.024817, 0.024168, 0.023447, 0.022662, 0.021821, 0.020931, 0.020002, 0.019041, 0.018059, 0.017062, 0.016060, 0.015060, 0.014068, 0.013092, 0.012138, 0.011211, 0.010316, 0.009457, 0.008636, 0.007857, 0.007121, 0.006431, 0.005785, 0.005185, 0.004630, 0.004119, 0.003651, 0.003225, 0.002838, 0.002490, 0.002177, 0.001898, 0.001651, 0.001433, 0.001242, 0.001077, 0.000935, 0.000815, 0.000715, 0.000634, 0.000571, 0.000524, 0.000493, 0.000478
0.000566, 0.000584, 0.000620, 0.000676, 0.000751, 0.000847, 0.000965, 0.001107, 0.001275, 0.001470, 0.001696, 0.001954, 0.002246, 0.002576, 0.002946, 0.003359, 0.003816, 0.004321, 0.004874, 0.005479, 0.006136, 0.006846, 0.007610, 0.008428, 0.009298, 0.010220, 0.011191, 0.012208, 0.013268, 0.014365, 0.015494, 0.016649, 0.017822, 0.019006, 0.020192, 0.021371, 0.022534, 0.023670, 0.024770, 0.025823, 0.026819, 0.027748, 0.028601, 0.029369, 0.030044, 0.030618, 0.031085, 0.031440, 0.031679, 0.031799, 0.031799, 0.031679, 0.031440, 0.031085, 0.030618, 0.030044, 0.029369, 0.028602, 0.027749, 0.026819, 0.025823, 0.024770, 0.023671, 0.022534, 0.021371, 0.020192, 0.019006, 0.017822, 0.016649, 0.015494, 0.014365, 0.013268, 0.012208, 0.011191, 0.010220, 0.009298, 0.008428, 0.007610, 0.006846, 0.006136, 0.005479, 0.004874, 0.004321, 0.003816, 0.003359, 0.002946, 0.002576, 0.002246, 0.001954, 0.001696, 0.001470, 0.001275, 0.001107, 0.000965, 0.000847, 0.000751, 0.000676, 0.000620, 0.000584, 0.000566
0.000671, 0.000693, 0.000736, 0.000802, 0.000891, 0.001005, 0.001145, 0.001313, 0.001512, 0.001744, 0.002012, 0.002318, 0.002665, 0.003057, 0.003496, 0.003986, 0.004528, 0.005127, 0.005784, 0.006501, 0.007281, 0.008124, 0.009030, 0.010000, 0.011033, 0.012127, 0.013279, 0.014486, 0.015744, 0.017045, 0.018385, 0.019755, 0.021148, 0.022553, 0.023960, 0.025359, 0.026739, 0.028088, 0.029392, 0.030642, 0.031824, 0.032926, 0.033939, 0.034850, 0.035650, 0.036331, 0.036886, 0.037307, 0.037590, 0.037733, 0.037733, 0.037590, 0.037307, 0.036886, 0.036331, 0.035650, 0.034850, 0.033939, 0.032926, 0.031824, 0.030642, 0.029393, 0.028088, 0.026739, 0.025359, 0.023960, 0.022553, 0.021148, 0.019755, 0.018385, 0.017045, 0.015744, 0.014486, 0.013280, 0.012127, 0.011033, 0.010000, 0.009030, 0.008124, 0.007281, 0.006501, 0.005784, 0.005127, 0.004528, 0.003986, 0.003496, 0.003057, 0.002665, 0.002318, 0.002012, 0.001745, 0.001512, 0.001313, 0.001145, 0.001005, 0.000891, 0.000802, 0.000736, 0.000693, 0.000671
0.000797, 0.000822, 0.000874, 0.000952, 0.001057, 0.001192, 0.001359, 0.001559, 0.001795, 0.002071, 0.002388, 0.002752, 0.003164, 0.003629, 0.004150, 0.004731, 0.005375, 0.006085, 0.006865, 0.007717, 0.008642, 0.009642, 0.010719, 0.011870, 0.013096, 0.014395, 0.015762, 0.017195, 0.018687, 0.020232, 0.021822, 0.023449, 0.025101, 0.026769, 0.028440, 0.030101, 0.031738, 0.033339, 0.034888, 0.036371, 0.037774, 0.039083, 0.040284, 0.041366, 0.042316, 0.043124, 0.043782, 0.044282, 0.044618, 0.044788, 0.044788, 0.044618, 0.044282, 0.043782, 0.043124, 0.042316, 0.041366, 0.040284, 0.039083, 0.037774, 0.036371, 0.034888, 0.033339, 0.031739, 0.030101, 0.028440, 0.026769, 0.025102, 0.023449, 0.021822, 0.020232, 0.018687, 0.017195, 0.015762, 0.014395, 0.013096, 0.011870, 0.010719, 0.009642, 0.008642, 0.007717, 0.006865, 0.006085, 0.005375, 0.004731, 0.004150, 0.003629, 0.003164, 0.002752, 0.002388, 0.002071, 0.001795, 0.001559, 0.001359, 0.001192, 0.001057, 0.000952, 0.000874, 0.000822, 0.000797
0.000945, 0.000975, 0.001036, 0.001128, 0.001253, 0.001414, 0.001611, 0.001848, 0.002128, 0.002455, 0.002831, 0.003262, 0.003751, 0.004302, 0.004919, 0.005608, 0.006372, 0.007214, 0.008138, 0.009148, 0.010245, 0.011431, 0.012706, 0.014071, 0.015525, 0.017064, 0.018685, 0.020384, 0.022152, 0.023984, 0.025869, 0.027797, 0.029756, 0.031733, 0.033714, 0.035683, 0.037624, 0.039521, 0.041357, 0.043115, 0.044778, 0.046330, 0.047754, 0.049036, 0.050163, 0.051121, 0.051901, 0.052493, 0.052892, 0.053093, 0.053093, 0.052892, 0.052494, 0.051901, 0.051121, 0.050163, 0.049036, 0.047754, 0.046330, 0.044779, 0.043116, 0.041358, 0.039521, 0.037624, 0.035683, 0.033714, 0.031733, 0.029756, 0.027797, 0.025869, 0.023984, 0.022153, 0.020384, 0.018685, 0.017064, 0.015525, 0.014072, 0.012706, 0.011431, 0.010245, 0.009148, 0.008138, 0.007214, 0.006372, 0.005608, 0.004919, 0.004302, 0.003751, 0.003262, 0.002831, 0.002455, 0.002128, 0.001848, 0.001611, 0.001414, 0.001253, 0.001128, 0.001036, 0.000975, 0.000945
0.001117, 0.001153, 0.001225, 0.001334, 0.001482, 0.001672, 0.001905, 0.002186, 0.002517, 0.002903, 0.003348, 0.003858, 0.004436, 0.005087, 0.005818, 0.006633, 0.007536, 0.008532, 0.009625, 0.010819, 0.012116, 0.013519, 0.015027, 0.016642, 0.018361, 0.020181, 0.022099, 0.024107, 0.026199, 0.028365, 0.030595, 0.032875, 0.035192, 0.037530, 0.039872, 0.042201, 0.044497, 0.046740, 0.048912, 0.050991, 0.052958, 0.054793, 0.056477, 0.057993, 0.059325, 0.060459, 0.061381, 0.062082, 0.062554, 0.062791, 0.062791, 0.062554, 0.062082, 0.061381, 0.060459, 0.059326, 0.057993, 0.056477, 0.054793, 0.052958, 0.050991, 0.048912, 0.046741, 0.044497, 0.042201, 0.039872, 0.037530, 0.035192, 0.032875, 0.030595, 0.028365, 0.026199, 0.024107, 0.022099, 0.020181, 0.018361, 0.016642, 0.015027, 0.013519, 0.012116, 0.010819, 0.009625, 0.008532, 0.007536, 0.006633, 0.005818, 0.005088, 0.004436, 0.003858, 0.003349, 0.002903, 0.002517, 0.002186, 0.001905, 0.001672, 0.001482, 0.001334, 0.001225, 0.001153, 0.001117
0.001317, 0.001360, 0.001444, 0.001573, 0.001748, 0.001971, 0.002246, 0.002577, 0.002968, 0.003423, 0.003948, 0.004549, 0.005230, 0.005999, 0.006860, 0.007820, 0.008885, 0.010060, 0.011349, 0.012757, 0.014286, 0.015940, 0.017719, 0.019622, 0.021649, 0.023795, 0.026056, 0.028424, 0.030891, 0.033445, 0.036074, 0.038762, 0.041494, 0.044251, 0.047013, 0.049758, 0.052465, 0.055111, 0.057671, 0.060123, 0.062442, 0.064605, 0.066591, 0.068379, 0.069949, 0.071286, 0.072373, 0.073200, 0.073756, 0.074036, 0.074036, 0.073756, 0.073200, 0.072373, 0.071286, 0.069950, 0.068379, 0.066591, 0.064605, 0.062442, 0.060123, 0.057671, 0.055111, 0.052465, 0.049758, 0.047013, 0.044251, 0.041494, 0.038762, 0.036074, 0.033445, 0.030891, 0.028425, 0.026056, 0.023796, 0.021649, 0.019622, 0.017719, 0.015940, 0.014286, 0.012757, 0.011349, 0.010060, 0.008885, 0.007820, 0.006860, 0.005999, 0.005230, 0.004549, 0.003948, 0.003423, 0.002968, 0.002577, 0.002246, 0.001971, 0.001748, 0.001573, 0.001444, 0.001360, 0.001317
0.001548, 0.001597, 0.001697, 0.001848, 0.002054, 0.002316, 0.002640, 0.003028, 0.003487, 0.004022, 0.004639, 0.005345, 0.006145, 0.007048, 0.008061, 0.009189, 0.010440, 0.011820, 0.013335, 0.014989, 0.016786, 0.018729, 0.020819, 0.023056, 0.025438, 0.027960, 0.030616, 0.033398, 0.036297, 0.039298, 0.042386, 0.045545, 0.048755, 0.051994, 0.055239, 0.058465, 0.061646, 0.064754, 0.067763, 0.070643, 0.073368, 0.075910, 0.078243, 0.080344, 0.082189, 0.083760, 0.085037, 0.086008, 0.086662, 0.086990, 0.086991, 0.086662, 0.086008, 0.085037, 0.083760, 0.082189, 0.080344, 0.078244, 0.075910, 0.073368, 0.070643, 0.067763, 0.064755, 0.061646, 0.058465, 0.055239, 0.051994, 0.048755, 0.045545, 0.042386, 0.039298, 0.036297, 0.033399, 0.030616, 0.027960, 0.025438, 0.023056, 0.020819, 0.018729, 0.016786, 0.014989, 0.013335, 0.011820, 0.010440, 0.009189, 0.008061, 0.007049, 0.006146, 0.005345, 0.004639, 0.004022, 0.003487, 0.003028, 0.002640, 0.002316, 0.002054, 0.001848, 0.001697, 0.001597, 0.001548
0.001812, 0.001870, 0.001987, 0.002164, 0.002404, 0.002711, 0.003090, 0.003545, 0.004082, 0.004708, 0.005431, 0.006256, 0.007194, 0.008251, 0.009436, 0.010756, 0.012221, 0.013836, 0.015609, 0.017546, 0.019649, 0.021924, 0.024371, 0.026989, 0.029776, 0.032729, 0.035838, 0.039095, 0.042488, 0.046000, 0.049616, 0.053314, 0.057071, 0.060862, 0.064661, 0.068437, 0.072160, 0.075799, 0.079320, 0.082692, 0.085881, 0.088857, 0.091588, 0.094047, 0.096207, 0.098045, 0.099541, 0.100678, 0.101443, 0.101827, 0.101827, 0.101443, 0.100678, 0.099541, 0.098045, 0.096207, 0.094047, 0.091589, 0.088857, 0.085882, 0.082692, 0.079321, 0.075799, 0.072161, 0.068437, 0.064661, 0.060863, 0.057071, 0.053314, 0.049616, 0.046001, 0.042488, 0.039095, 0.035838, 0.032729, 0.029777, 0.026989, 0.024371, 0.021924, 0.019650, 0.017546, 0.015610, 0.013837, 0.012221, 0.010757, 0.009436, 0.008251, 0.007194, 0.006256, 0.005431, 0.004708, 0.004082, 0.003545, 0.003090, 0.002711, 0.002404, 0.002164, 0.001987, 0.001870, 0.001812
0.002113, 0.002180, 0.002316, 0.002523, 0.002803, 0.003161, 0.003603, 0.004133, 0.004760, 0.005490, 0.006332, 0.007295, 0.008388, 0.009620, 0.011002, 0.012542, 0.014249, 0.016133, 0.018200, 0.020457, 0.022910, 0.025562, 0.028415, 0.031467, 0.034718, 0.038160, 0.041785, 0.045583, 0.049538, 0.053634, 0.057849, 0.062160, 0.066541, 0.070961, 0.075390, 0.079793, 0.084134, 0.088376, 0.092482, 0.096413, 0.100132, 0.103601, 0.106786, 0.109652, 0.112171, 0.114314, 0.116058, 0.117383, 0.118275, 0.118723, 0.118723, 0.118275, 0.117383, 0.116058, 0.114314, 0.112171, 0.109653, 0.106786, 0.103601, 0.100132, 0.096413, 0.092482, 0.088377, 0.084134, 0.079793, 0.075390, 0.070962, 0.066541, 0.062161, 0.057849, 0.053634, 0.049538, 0.045583, 0.041785, 0.038160, 0.034718, 0.031468, 0.028415, 0.025562, 0.022910, 0.020457, 0.018200, 0.016133, 0.014249, 0.012542, 0.011002, 0.009620, 0.008388, 0.007295, 0.006332, 0.005490, 0.004760, 0.004133, 0.003603, 0.003161, 0.002803, 0.002523, 0.002316, 0.002180, 0.002113
0.002454, 0.002532, 0.002690, 0.002930, 0.003255, 0.003671, 0.004184, 0.004800, 0.005527, 0.006375, 0.007353, 0.008471, 0.009740, 0.011171, 0.012775, 0.014563, 0.016546, 0.018733, 0.021134, 0.023755, 0.026603, 0.029683, 0.032995, 0.036540, 0.040314, 0.044310, 0.048520, 0.052930, 0.057523, 0.062279, 0.067173, 0.072179, 0.077266, 0.082399, 0.087542, 0.092654, 0.097695, 0.102621, 0.107388, 0.111953, 0.116271, 0.120299, 0.123997, 0.127326, 0.130250, 0.132739, 0.134763, 0.136302, 0.137338, 0.137859, 0.137859, 0.137338, 0.136302, 0.134764, 0.132739, 0.130251, 0.127326, 0.123997, 0.120299, 0.116271, 0.111953, 0.107389, 0.102621, 0.097695, 0.092654, 0.087542, 0.082400, 0.077266, 0.072180, 0.067174, 0.062279, 0.057523, 0.052930, 0.048520, 0.044311, 0.040314, 0.036540, 0.032995, 0.029683, 0.026603, 0.023755, 0.021134, 0.018733, 0.016546, 0.014563, 0.012775, 0.011171, 0.009740, 0.008471, 0.007353, 0.006375, 0.005527, 0.004800, 0.004184, 0.003671, 0.003255, 0.002930, 0.002690, 0.002532, 0.002454
0.002837, 0.002928, 0.003110, 0.003388, 0.003764, 0.004245, 0.004838, 0.005550, 0.006391, 0.007372, 0.008502, 0.009795, 0.011263, 0.012918, 0.014773, 0.016841, 0.019133, 0.021662, 0.024438, 0.027469, 0.030763, 0.034324, 0.038154, 0.042253, 0.046617, 0.051239, 0.056107, 0.061206, 0.066517, 0.072016, 0.077677, 0.083465, 0.089347, 0.095283, 0.101230, 0.107141, 0.112970, 0.118666, 0.124179, 0.129457, 0.134450, 0.139109, 0.143385, 0.147234, 0.150616, 0.153493, 0.155834, 0.157614, 0.158811, 0.159413, 0.159413, 0.158811, 0.157614, 0.155834, 0.153493, 0.150616, 0.147234, 0.143385, 0.139109, 0.134451, 0.129458, 0.124179, 0.118667, 0.112970, 0.107142, 0.101230, 0.095283, 0.089348, 0.083466, 0.077677, 0.072017, 0.066517, 0.061206, 0.056107, 0.051239, 0.046618, 0.042254, 0.038155, 0.034324, 0.030763, 0.027470, 0.024438, 0.021663, 0.019134, 0.016841, 0.014773, 0.012918, 0.011263, 0.009795, 0.008503, 0.007372, 0.006391, 0.005550, 0.004838, 0.004245, 0.003764, 0.003388, 0.003110, 0.002928, 0.002837
0.003267, 0.003372, 0.003582, 0.003901, 0.004335, 0.004889, 0.005571, 0.006391, 0.007360, 0.008489, 0.009791, 0.011280, 0.012969, 0.014875, 0.017011, 0.019392, 0.022032, 0.024945, 0.028141, 0.031631, 0.035424, 0.039524, 0.043935, 0.048655, 0.053680, 0.059002, 0.064607, 0.070479, 0.076594, 0.082927, 0.089444, 0.096110, 0.102883, 0.109718, 0.116565, 0.123373, 0.130084, 0.136643, 0.142991, 0.149069, 0.154819, 0.160182, 0.165106, 0.169539, 0.173432, 0.176745, 0.179441, 0.181490, 0.182869, 0.183563, 0.183563, 0.182869, 0.181490, 0.179442, 0.176746, 0.173432, 0.169539, 0.165106, 0.160183, 0.154819, 0.149070, 0.142992, 0.136644, 0.130085, 0.123373, 0.116566, 0.109718, 0.102884, 0.096111, 0.089445, 0.082927, 0.076595, 0.070479, 0.064608, 0.059002, 0.053680, 0.048655, 0.043935, 0.039524, 0.035424, 0.031632, 0.028141, 0.024945, 0.022032, 0.019392, 0.017011, 0.014875, 0.012970, 0.011280, 0.009791, 0.008489, 0.007360, 0.006391, 0.005571, 0.004889, 0.004335, 0.003901, 0.003582, 0.003372, 0.003267
0.003747, 0.003866, 0.004107, 0.004473, 0.004970, 0.005605, 0.006388, 0.007328, 0.008439, 0.009734, 0.011226, 0.012934, 0.014871, 0.017056, 0.019505, 0.022236, 0.025263, 0.028602, 0.032267, 0.036269, 0.040618, 0.045319, 0.050377, 0.055789, 0.061551, 0.067653, 0.074080, 0.080812, 0.087824, 0.095085, 0.102558, 0.110201, 0.117967, 0.125804, 0.133655, 0.141460, 0.149156, 0.156677, 0.163955, 0.170924, 0.177516, 0.183666, 0.189312, 0.194394, 0.198859, 0.202657, 0.205749, 0.208098, 0.209679, 0.210474, 0.210474, 0.209679, 0.208098, 0.205749, 0.202658, 0.198859, 0.194394, 0.189312, 0.183667, 0.177517, 0.170925, 0.163956, 0.156677, 0.149157, 0.141461, 0.133656, 0.125805, 0.117968, 0.110202, 0.102559, 0.095086, 0.087825, 0.080813, 0.074080, 0.067653, 0.061551, 0.055789, 0.050377, 0.045320, 0.040618, 0.036270, 0.032267, 0.028602, 0.025263, 0.022236, 0.019506, 0.017056, 0.014871, 0.012934, 0.011227, 0.009734, 0.008439, 0.007328, 0.006388, 0.005605, 0.004970, 0.004473, 0.004107, 0.003866, 0.003747
0.004278, 0.004414, 0.004689, 0.005107, 0.005675, 0.006400, 0.007293, 0.008367, 0.009635, 0.011113, 0.012818, 0.014767, 0.016979, 0.019474, 0.022270, 0.025387, 0.028844, 0.032656, 0.036841, 0.041410, 0.046375, 0.051743, 0.057517, 0.063696, 0.070275, 0.077241, 0.084579, 0.092266, 0.100272, 0.108562, 0.117094, 0.125820, 0.134686, 0.143634, 0.152597, 0.161509, 0.170295, 0.178881, 0.187191, 0.195148, 0.202674, 0.209696, 0.216141, 0.221943, 0.227041, 0.231378, 0.234907, 0.237589, 0.239394, 0.240302, 0.240302, 0.239394, 0.237589, 0.234907, 0.231378, 0.227041, 0.221944, 0.216141, 0.209696, 0.202674, 0.195148, 0.187192, 0.178882, 0.170295, 0.161509, 0.152598, 0.143634, 0.134687, 0.125820, 0.117094, 0.108562, 0.100272, 0.092266, 0.084580, 0.077242, 0.070275, 0.063696, 0.057517, 0.051743, 0.046375, 0.041410, 0.036841, 0.032657, 0.028844, 0.025388, 0.022270, 0.019474, 0.016979, 0.014767, 0.012818, 0.011113, 0.009635, 0.008367, 0.007293, 0.006400, 0.005675, 0.005107, 0.004689, 0.004414, 0.004278
0.004863, 0.005018, 0.005331, 0.005807, 0.006452, 0.007276, 0.008292, 0.009512, 0.010954, 0.012634, 0.014572, 0.016788, 0.019303, 0.022139, 0.025318, 0.028862, 0.032791, 0.037125, 0.041882, 0.047077, 0.052721, 0.058824, 0.065388, 0.072413, 0.079891, 0.087811, 0.096154, 0.104892, 0.113993, 0.123417, 0.133117, 0.143037, 0.153117, 0.163288, 0.173478, 0.183609, 0.193597, 0.203359, 0.212805, 0.221850, 0.230406, 0.238389, 0.245716, 0.252313, 0.258107, 0.263038, 0.267050, 0.270099, 0.272152, 0.273184, 0.273184, 0.272152, 0.270099, 0.267050, 0.263038, 0.258108, 0.252313, 0.245717, 0.238389, 0.230407, 0.221851, 0.212806, 0.203359, 0.193598, 0.183610, 0.173479, 0.163289, 0.153117, 0.143038, 0.133117, 0.123418, 0.113994, 0.104892, 0.096154, 0.087812, 0.079892, 0.072413, 0.065388, 0.058824, 0.052722, 0.047077, 0.041883, 0.037126, 0.032791, 0.028862, 0.025318, 0.022139, 0.019303, 0.016788, 0.014572, 0.012634, 0.010954, 0.009513, 0.008292, 0.007276, 0.006452, 0.005807, 0.005331, 0.005018, 0.004863
0.005505, 0.005681, 0.006035, 0.006573, 0.007303, 0.008236, 0.009386, 0.010768, 0.012400, 0.014302, 0.016495, 0.019004, 0.021851, 0.025061, 0.028660, 0.032671, 0.037119, 0.042025, 0.047410, 0.053290, 0.059679, 0.066587, 0.074017, 0.081969, 0.090434, 0.099400, 0.108843, 0.118734, 0.129036, 0.139704, 0.150683, 0.161912, 0.173322, 0.184836, 0.196371, 0.207837, 0.219144, 0.230193, 0.240887, 0.251125, 0.260810, 0.269846, 0.278140, 0.285607, 0.292166, 0.297747, 0.302289, 0.305741, 0.308064, 0.309232, 0.309232, 0.308064, 0.305741, 0.302289, 0.297747, 0.292166, 0.285607, 0.278140, 0.269846, 0.260811, 0.251126, 0.240887, 0.230194, 0.219145, 0.207838, 0.196371, 0.184836, 0.173323, 0.161913, 0.150684, 0.139705, 0.129037, 0.118735, 0.108843, 0.099400, 0.090435, 0.081969, 0.074018, 0.066587, 0.059680, 0.053290, 0.047410, 0.042025, 0.037119, 0.032671, 0.028660, 0.025061, 0.021851, 0.019004, 0.016496, 0.014302, 0.012400, 0.010768, 0.009386, 0.008237, 0.007303, 0.006573, 0.006035, 0.005681, 0.005505
0.006205, 0.006403, 0.006802, 0.007409, 0.008232, 0.009284, 0.010579, 0.012137, 0.013976, 0.016120, 0.018592, 0.021419, 0.024628, 0.028247, 0.032303, 0.036824, 0.041837, 0.047367, 0.053436, 0.060064, 0.067265, 0.075050, 0.083425, 0.092387, 0.101929, 0.112033, 0.122676, 0.133825, 0.145436, 0.157460, 0.169834, 0.182490, 0.195350, 0.208327, 0.221327, 0.234252, 0.246995, 0.259449, 0.271501, 0.283041, 0.293956, 0.304140, 0.313489, 0.321904, 0.329297, 0.335588, 0.340707, 0.344597, 0.347215, 0.348532, 0.348532, 0.347215, 0.344597, 0.340707, 0.335588, 0.329298, 0.321905, 0.313489, 0.304141, 0.293957, 0.283041, 0.271502, 0.259449, 0.246996, 0.234253, 0.221328, 0.208328, 0.195351, 0.182491, 0.169835, 0.157460, 0.145437, 0.133825, 0.122677, 0.112034, 0.101929, 0.092388, 0.083426, 0.075051, 0.067265, 0.060064, 0.053436, 0.047367, 0.041837, 0.036824, 0.032303, 0.028247, 0.024628, 0.021420, 0.018593, 0.016120, 0.013976, 0.012137, 0.010579, 0.009284, 0.008232, 0.007409, 0.006802, 0.006403, 0.006205
0.006964, 0.007186, 0.007634, 0.008315, 0.009238, 0.010419, 0.011873, 0.013621, 0.015685, 0.018091, 0.020866, 0.024038, 0.027639, 0.031700, 0.036252, 0.041326, 0.046952, 0.053158, 0.059969, 0.067406, 0.075488, 0.084225, 0.093624, 0.103682, 0.114389, 0.125729, 0.137673, 0.150184, 0.163215, 0.176708, 0.190595, 0.204798, 0.219229, 0.233793, 0.248382, 0.262886, 0.277187, 0.291163, 0.304689, 0.317639, 0.329888, 0.341318, 0.351809, 0.361253, 0.369550, 0.376609, 0.382353, 0.386719, 0.389658, 0.391135, 0.391135, 0.389658, 0.386720, 0.382354, 0.376609, 0.369550, 0.361254, 0.351810, 0.341318, 0.329889, 0.317639, 0.304690, 0.291164, 0.277188, 0.262887, 0.248383, 0.233794, 0.219230, 0.204799, 0.190596, 0.176709, 0.163216, 0.150185, 0.137674, 0.125730, 0.114390, 0.103682, 0.093624, 0.084226, 0.075489, 0.067407, 0.059969, 0.053158, 0.046952, 0.041326, 0.036252, 0.031700, 0.027640, 0.024038, 0.020866, 0.018091, 0.015685, 0.013621, 0.011873, 0.010419, 0.009238, 0.008315, 0.007634, 0.007186, 0.006964
0.007782, 0.008030, 0.008531, 0.009291, 0.010323, 0.011642, 0.013267, 0.015220, 0.017527, 0.020215, 0.023316, 0.026861, 0.030885, 0.035422, 0.040509, 0.046178, 0.052465, 0.059399, 0.067010, 0.075321, 0.084351, 0.094114, 0.104616, 0.115855, 0.127820, 0.140491, 0.153837, 0.167816, 0.182377, 0.197454, 0.212971, 0.228842, 0.244967, 0.261240, 0.277543, 0.293749, 0.309729, 0.325346, 0.340459, 0.354929, 0.368618, 0.381388, 0.393111, 0.403663, 0.412934, 0.420822, 0.427241, 0.432119, 0.435402, 0.437053, 0.437053, 0.435403, 0.432119, 0.427241, 0.420822, 0.412934, 0.403664, 0.393111, 0.381389, 0.368618, 0.354930, 0.340460, 0.325347, 0.309730, 0.293750, 0.277544, 0.261241, 0.244968, 0.228843, 0.212972, 0.197455, 0.182378, 0.167817, 0.153837, 0.140491, 0.127820, 0.115855, 0.104617, 0.094115, 0.084352, 0.075322, 0.067010, 0.059400, 0.052465, 0.046179, 0.040509, 0.035423, 0.030885, 0.026861, 0.023316, 0.020215, 0.017527, 0.015220, 0.013267, 0.011642, 0.010323, 0.009291, 0.008531, 0.008030, 0.007782
0.008658, 0.008934, 0.009491, 0.010337, 0.011486, 0.012953, 0.014761, 0.016934, 0.019501, 0.022492, 0.025941, 0.029885, 0.034362, 0.039411, 0.045070, 0.051378, 0.058372, 0.066087, 0.074555, 0.083801, 0.093848, 0.104710, 0.116394, 0.128898, 0.142210, 0.156307, 0.171156, 0.186709, 0.202909, 0.219683, 0.236947, 0.254604, 0.272545, 0.290650, 0.308787, 0.326819, 0.344598, 0.361972, 0.378786, 0.394886, 0.410115, 0.424323, 0.437365, 0.449106, 0.459420, 0.468195, 0.475337, 0.480764, 0.484417, 0.486254, 0.486254, 0.484417, 0.480765, 0.475337, 0.468196, 0.459420, 0.449106, 0.437366, 0.424324, 0.410116, 0.394887, 0.378787, 0.361973, 0.344599, 0.326820, 0.308789, 0.290651, 0.272546, 0.254605, 0.236948, 0.219684, 0.202910, 0.186710, 0.171157, 0.156308, 0.142211, 0.128899, 0.116395, 0.104711, 0.093849, 0.083802, 0.074555, 0.066088, 0.058372, 0.051378, 0.045070, 0.039411, 0.034363, 0.029886, 0.025941, 0.022492, 0.019501, 0.016934, 0.014761, 0.012953, 0.011486, 0.010337, 0.009491, 0.008934, 0.008658
0.009592, 0.009898, 0.010514, 0.011452, 0.012724, 0.014350, 0.016352, 0.018760, 0.021603, 0.024916, 0.028737, 0.033107, 0.038066, 0.043659, 0.049928, 0.056916, 0.064664, 0.073210, 0.082590, 0.092834, 0.103963, 0.115996, 0.128939, 0.142791, 0.157537, 0.173153, 0.189602, 0.206831, 0.224777, 0.243359, 0.262483, 0.282043, 0.301918, 0.321973, 0.342065, 0.362040, 0.381734, 0.400981, 0.419608, 0.437442, 0.454312, 0.470051, 0.484498, 0.497504, 0.508929, 0.518651, 0.526562, 0.532574, 0.536621, 0.538655, 0.538655, 0.536621, 0.532575, 0.526562, 0.518651, 0.508930, 0.497505, 0.484499, 0.470052, 0.454313, 0.437443, 0.419609, 0.400982, 0.381736, 0.362041, 0.342067, 0.321975, 0.301919, 0.282045, 0.262485, 0.243360, 0.224778, 0.206832, 0.189603, 0.173154, 0.157538, 0.142792, 0.128940, 0.115997, 0.103964, 0.092834, 0.082591, 0.073211, 0.064664, 0.056916, 0.049928, 0.043659, 0.038067, 0.033107, 0.028738, 0.024916, 0.021603, 0.018760, 0.016353, 0.014350, 0.012724, 0.011452, 0.010514, 0.009898, 0.009592
0.010580, 0.010917, 0.011598, 0.012631, 0.014035, 0.015828, 0.018037, 0.020692, 0.023828, 0.027483, 0.031697, 0.036517, 0.041987, 0.048156, 0.055070, 0.062778, 0.071324, 0.080751, 0.091097, 0.102395, 0.114671, 0.127942, 0.142218, 0.157496, 0.173761, 0.190985, 0.209127, 0.228131, 0.247925, 0.268420, 0.289514, 0.311088, 0.333009, 0.355130, 0.377291, 0.399322, 0.421044, 0.442273, 0.462817, 0.482488, 0.501095, 0.518454, 0.534389, 0.548734, 0.561336, 0.572059, 0.580784, 0.587416, 0.591879, 0.594123, 0.594123, 0.591879, 0.587416, 0.580785, 0.572060, 0.561337, 0.548735, 0.534390, 0.518455, 0.501096, 0.482489, 0.462818, 0.442274, 0.421046, 0.399323, 0.377292, 0.355131, 0.333010, 0.311089, 0.289515, 0.268421, 0.247926, 0.228132, 0.209128, 0.190986, 0.173762, 0.157497, 0.142219, 0.127943, 0.114671, 0.102395, 0.091097, 0.080751, 0.071324, 0.062778, 0.055071, 0.048156, 0.041988, 0.036517, 0.031698, 0.027483, 0.023828, 0.020692, 0.018037, 0.015828, 0.014035, 0.012631, 0.011598, 0.010917, 0.010580
0.011619, 0.011990, 0.012737, 0.013872, 0.015413, 0.017383, 0.019809, 0.022725, 0.026169, 0.030182, 0.034811, 0.040104, 0.046111, 0.052886, 0.060479, 0.068944, 0.078329, 0.088682, 0.100044, 0.112451, 0.125933, 0.140508, 0.156186, 0.172963, 0.190825, 0.209741, 0.229665, 0.250535, 0.272272, 0.294780, 0.317946, 0.341638, 0.365712, 0.390005, 0.414342, 0.438536, 0.462392, 0.485704, 0.508266, 0.529868, 0.550302, 0.569366, 0.586866, 0.602620, 0.616459, 0.628234, 0.637816, 0.645099, 0.650000, 0.652465, 0.652465, 0.650001, 0.645100, 0.637817, 0.628235, 0.616460, 0.602621, 0.586867, 0.569367, 0.550303, 0.529869, 0.508268, 0.485706, 0.462393, 0.438538, 0.414343, 0.390006, 0.365713, 0.341640, 0.317947, 0.294782, 0.272274, 0.250536, 0.229666, 0.209742, 0.190826, 0.172964, 0.156187, 0.140509, 0.125934, 0.112452, 0.100044, 0.088682, 0.078330, 0.068944, 0.060480, 0.052886, 0.046112, 0.040104, 0.034811, 0.030182, 0.026169, 0.022725, 0.019809, 0.017383, 0.015413, 0.013872, 0.012737, 0.011990, 0.011619
0.012705, 0.013111, 0.013928, 0.015169, 0.016854, 0.019007, 0.021660, 0.024849, 0.028615, 0.033003, 0.038065, 0.043852, 0.050421, 0.057828, 0.066132, 0.075387, 0.085650, 0.096970, 0.109393, 0.122960, 0.137702, 0.153639, 0.170781, 0.189127, 0.208658, 0.229341, 0.251127, 0.273947, 0.297715, 0.322327, 0.347657, 0.373563, 0.399886, 0.426448, 0.453059, 0.479515, 0.505599, 0.531090, 0.555760, 0.579380, 0.601723, 0.622569, 0.641704, 0.658929, 0.674061, 0.686937, 0.697414, 0.705377, 0.710736, 0.713431, 0.713431, 0.710737, 0.705378, 0.697415, 0.686938, 0.674062, 0.658930, 0.641705, 0.622570, 0.601725, 0.579381, 0.555761, 0.531091, 0.505600, 0.479516, 0.453061, 0.426450, 0.399887, 0.373565, 0.347658, 0.322328, 0.297717, 0.273949, 0.251128, 0.229343, 0.208659, 0.189128, 0.170782, 0.153640, 0.137703, 0.122961, 0.109394, 0.096970, 0.085650, 0.075388, 0.066132, 0.057829, 0.050421, 0.043853, 0.038065, 0.033003, 0.028615, 0.024849, 0.021661, 0.019008, 0.016854, 0.015169, 0.013928, 0.013111, 0.012705
0.013833, 0.014274, 0.015163, 0.016515, 0.018350, 0.020694, 0.023582, 0.027054, 0.031153, 0.035931, 0.041442, 0.047743, 0.054895, 0.062959, 0.071999, 0.082075, 0.093248, 0.105572, 0.119098, 0.133869, 0.149917, 0.167268, 0.185931, 0.205904, 0.227167, 0.249686, 0.273404, 0.298248, 0.324124, 0.350918, 0.378495, 0.406699, 0.435357, 0.464275, 0.493247, 0.522048, 0.550446, 0.578197, 0.605055, 0.630770, 0.655096, 0.677790, 0.698622, 0.717375, 0.733849, 0.747867, 0.759273, 0.767943, 0.773777, 0.776711, 0.776711, 0.773777, 0.767943, 0.759274, 0.747868, 0.733850, 0.717376, 0.698623, 0.677791, 0.655097, 0.630772, 0.605057, 0.578199, 0.550447, 0.522050, 0.493248, 0.464277, 0.435359, 0.406701, 0.378497, 0.350920, 0.324126, 0.298250, 0.273405, 0.249687, 0.227169, 0.205905, 0.185932, 0.167269, 0.149918, 0.133870, 0.119099, 0.105573, 0.093249, 0.082076, 0.071999, 0.062960, 0.054895, 0.047743, 0.041442, 0.035932, 0.031154, 0.027054, 0.023583, 0.020694, 0.018350, 0.016515, 0.015164, 0.014274, 0.013833
0.014995, 0.015473, 0.016437, 0.017903, 0.019891, 0.022433, 0.025563, 0.029326, 0.033770, 0.038950, 0.044923, 0.051753, 0.059505, 0.068247, 0.078046, 0.088969, 0.101080, 0.114439, 0.129101, 0.145112, 0.162508, 0.181315, 0.201546, 0.223196, 0.246245, 0.270654, 0.296364, 0.323295, 0.351344, 0.380388, 0.410280, 0.440853, 0.471917, 0.503263, 0.534667, 0.565887, 0.596669, 0.626751, 0.655864, 0.683739, 0.710106, 0.734706, 0.757287, 0.777615, 0.795472, 0.810667, 0.823031, 0.832428, 0.838753, 0.841933, 0.841933, 0.838753, 0.832429, 0.823032, 0.810667, 0.795473, 0.777616, 0.757288, 0.734707, 0.710108, 0.683740, 0.655866, 0.626753, 0.596671, 0.565889, 0.534669, 0.503265, 0.471919, 0.440855, 0.410282, 0.380390, 0.351346, 0.323297, 0.296366, 0.270656, 0.246247, 0.223198, 0.201547, 0.181317, 0.162509, 0.145113, 0.129102, 0.114440, 0.101081, 0.088970, 0.078047, 0.068248, 0.059506, 0.051754, 0.044923, 0.038950, 0.033771, 0.029327, 0.025564, 0.022433, 0.019891, 0.017903, 0.016437, 0.015473, 0.014995
0.016184, 0.016700, 0.017741, 0.019322, 0.021468, 0.024211, 0.027590, 0.031652, 0.036448, 0.042038, 0.048485, 0.055856, 0.064223, 0.073658, 0.084234, 0.096023, 0.109094, 0.123512, 0.139336, 0.156616, 0.175391, 0.195689, 0.217524, 0.240890, 0.265766, 0.292110, 0.319858, 0.348923, 0.379195, 0.410541, 0.442803, 0.475798, 0.509324, 0.543156, 0.577049, 0.610743, 0.643965, 0.676431, 0.707851, 0.737935, 0.766392, 0.792942, 0.817312, 0.839251, 0.858524, 0.874923, 0.888267, 0.898409, 0.905234, 0.908667, 0.908667, 0.905235, 0.898409, 0.888268, 0.874923, 0.858525, 0.839252, 0.817314, 0.792943, 0.766394, 0.737936, 0.707853, 0.676433, 0.643967, 0.610745, 0.577051, 0.543158, 0.509326, 0.475801, 0.442805, 0.410543, 0.379197, 0.348925, 0.319859, 0.292112, 0.265768, 0.240891, 0.217525, 0.195691, 0.175392, 0.156617, 0.139337, 0.123513, 0.109095, 0.096023, 0.084235, 0.073659, 0.064224, 0.055857, 0.048485, 0.042038, 0.036448, 0.031652, 0.027591, 0.024212, 0.021469, 0.019322, 0.017741, 0.016700, 0.016184
0.017392, 0.017946, 0.019065, 0.020764, 0.023070, 0.026018, 0.029649, 0.034013, 0.039167, 0.045174, 0.052102, 0.060023, 0.069014, 0.079153, 0.090517, 0.103185, 0.117231, 0.132724, 0.149728, 0.168296, 0.188472, 0.210284, 0.233747, 0.258856, 0.285587, 0.313895, 0.343712, 0.374945, 0.407475, 0.441158, 0.475826, 0.511282, 0.547307, 0.583661, 0.620081, 0.656288, 0.691987, 0.726874, 0.760637, 0.792963, 0.823543, 0.852072, 0.878260, 0.901834, 0.922544, 0.940166, 0.954505, 0.965403, 0.972738, 0.976426, 0.976426, 0.972738, 0.965404, 0.954506, 0.940167, 0.922545, 0.901836, 0.878262, 0.852074, 0.823545, 0.792965, 0.760640, 0.726876, 0.691989, 0.656290, 0.620084, 0.583663, 0.547310, 0.511284, 0.475828, 0.441160, 0.407477, 0.374947, 0.343714, 0.313897, 0.285589, 0.258857, 0.233748, 0.210286, 0.188473, 0.168297, 0.149729, 0.132725, 0.117232, 0.103186, 0.090518, 0.079153, 0.069015, 0.060024, 0.052102, 0.045174, 0.039168, 0.034013, 0.029649, 0.026018, 0.023070, 0.020764, 0.019065, 0.017946, 0.017392
0.018608, 0.019201, 0.020398, 0.022216, 0.024683, 0.027837, 0.031722, 0.036391, 0.041906, 0.048333, 0.055745, 0.064220, 0.073839, 0.084687, 0.096845, 0.110399, 0.125427, 0.142003, 0.160195, 0.180062, 0.201648, 0.224985, 0.250087, 0.276951, 0.305551, 0.335838, 0.367739, 0.401155, 0.435958, 0.471996, 0.509086, 0.547020, 0.585564, 0.624458, 0.663424, 0.702161, 0.740355, 0.777680, 0.813803, 0.848389, 0.881105, 0.911628, 0.939646, 0.964868, 0.987025, 1.005878, 1.021219, 1.032879, 1.040727, 1.044672, 1.044672, 1.040727, 1.032880, 1.021220, 1.005879, 0.987027, 0.964869, 0.939648, 0.911630, 0.881107, 0.848391, 0.813805, 0.777683, 0.740357, 0.702163, 0.663426, 0.624461, 0.585566, 0.547022, 0.509088, 0.471998, 0.435960, 0.401157, 0.367741, 0.335840, 0.305553, 0.276953, 0.250089, 0.224986, 0.201649, 0.180063, 0.160196, 0.142004, 0.125427, 0.110400, 0.096846, 0.084687, 0.073840, 0.064220, 0.055745, 0.048333, 0.041906, 0.036392, 0.031722, 0.027837, 0.024684, 0.022216, 0.020398, 0.019201, 0.018608
0.019822, 0.020455, 0.021729, 0.023666, 0.026295, 0.029654, 0.033792, 0.038766, 0.044641, 0.051487, 0.059383, 0.068411, 0.078658, 0.090213, 0.103165, 0.117603, 0.133611, 0.151268, 0.170648, 0.191810, 0.214805, 0.239664, 0.266404, 0.295021, 0.325486, 0.357749, 0.391732, 0.427327, 0.464401, 0.502789, 0.542299, 0.582708, 0.623766, 0.665198, 0.706705, 0.747969, 0.788654, 0.828414, 0.866893, 0.903735, 0.938585, 0.971098, 1.000944, 1.027811, 1.051414, 1.071496, 1.087839, 1.100259, 1.108618, 1.112821, 1.112821, 1.108618, 1.100260, 1.087839, 1.071498, 1.051415, 1.027813, 1.000946, 0.971100, 0.938587, 0.903737, 0.866895, 0.828416, 0.788657, 0.747971, 0.706707, 0.665200, 0.623768, 0.582710, 0.542302, 0.502792, 0.464403, 0.427329, 0.391734, 0.357751, 0.325488, 0.295023, 0.266406, 0.239666, 0.214806, 0.191812, 0.170649, 0.151270, 0.133612, 0.117604, 0.103166, 0.090214, 0.078658, 0.068411, 0.059383, 0.051487, 0.044641, 0.038767, 0.033793, 0.029654, 0.026295, 0.023666, 0.021729, 0.020455, 0.019822
0.021024, 0.021695, 0.023047, 0.025101, 0.027889, 0.031452, 0.035841, 0.041117, 0.047347, 0.054608, 0.062982, 0.072557, 0.083426, 0.095681, 0.109418, 0.124731, 0.141709, 0.160436, 0.180990, 0.203435, 0.227823, 0.254189, 0.282549, 0.312900, 0.345212, 0.379429, 0.415471, 0.453223, 0.492543, 0.533258, 0.575161, 0.618018, 0.661564, 0.705506, 0.749528, 0.793292, 0.836442, 0.878611, 0.919421, 0.958495, 0.995457, 1.029940, 1.061594, 1.090089, 1.115121, 1.136421, 1.153753, 1.166926, 1.175791, 1.180249, 1.180249, 1.175792, 1.166927, 1.153754, 1.136422, 1.115123, 1.090090, 1.061596, 1.029942, 0.995459, 0.958497, 0.919424, 0.878613, 0.836445, 0.793295, 0.749531, 0.705509, 0.661566, 0.618021, 0.575164, 0.533260, 0.492546, 0.453225, 0.415473, 0.379432, 0.345214, 0.312902, 0.282551, 0.254191, 0.227824, 0.203437, 0.180992, 0.160438, 0.141710, 0.124732, 0.109419, 0.095682, 0.083426, 0.072558, 0.062983, 0.054608, 0.047347, 0.041117, 0.035841, 0.031452, 0.027889, 0.025101, 0.023047, 0.021695, 0.021024
