0.000001, 0.000001, 0.000001, 0.000001, 0.000002, 0.000002, 0.000003, 0.000004, 0.000005, 0.000007, 0.000009, 0.000011, 0.000015, 0.000019, 0.000024, 0.000030, 0.000038, 0.000048, 0.000059, 0.000073, 0.000089, 0.000108, 0.000131, 0.000157, 0.000187, 0.000221, 0.000260, 0.000304, 0.000352, 0.000406, 0.000465, 0.000528, 0.000596, 0.000668, 0.000745, 0.000824, 0.000905, 0.000988, 0.001071, 0.001154, 0.001234, 0.001311, 0.001384, 0.001451, 0.001510, 0.001562, 0.001605, 0.001638, 0.001660, 0.001671, 0.001671, 0.001660, 0.001638, 0.001605, 0.001562, 0.001510, 0.001451, 0.001384, 0.001311, 0.001234, 0.001154, 0.001071, 0.000988, 0.000905, 0.000824, 0.000745, 0.000668, 0.000596, 0.000528, 0.000465, 0.000406, 0.000352, 0.000304, 0.000260, 0.000221, 0.000187, 0.000157, 0.000131, 0.000108, 0.000089, 0.000073, 0.000059, 0.000048, 0.000038, 0.000030, 0.000024, 0.000019, 0.000015, 0.000011, 0.000009, 0.000007, 0.000005, 0.000004, 0.000003, 0.000002, 0.000002, 0.000001, 0.000001, 0.000001, 0.000001
0.000001, 0.000001, 0.000001, 0.000002, 0.000002, 0.000003, 0.000004, 0.000005, 0.000007, 0.000009, 0.000012, 0.000015, 0.000020, 0.000025, 0.000032, 0.000041, 0.000052, 0.000065, 0.000080, 0.000099, 0.000121, 0.000147, 0.000177, 0.000213, 0.000253, 0.000300, 0.000352, 0.000411, 0.000477, 0.000550, 0.000629, 0.000715, 0.000807, 0.000905, 0.001008, 0.001115, 0.001225, 0.001337, 0.001450, 0.001562, 0.001670, 0.001775, 0.001873, 0.001964, 0.002045, 0.002115, 0.002172, 0.002217, 0.002247, 0.002262, 0.002262, 0.002247, 0.002217, 0.002172, 0.002115, 0.002045, 0.001964, 0.001873, 0.001775, 0.001670, 0.001562, 0.001450, 0.001337, 0.001225, 0.001115, 0.001008, 0.000905, 0.000807, 0.000715, 0.000629, 0.000550, 0.000477, 0.000411, 0.000352, 0.000300, 0.000253, 0.000213, 0.000177, 0.000147, 0.000121, 0.000099, 0.000080, 0.000065, 0.000052, 0.000041, 0.000032, 0.000025, 0.000020, 0.000015, 0.000012, 0.000009, 0.000007, 0.000005, 0.000004, 0.000003, 0.000002, 0.000002, 0.000001, 0.000001, 0.000001
0.000001, 0.000001, 0.000002, 0.000002, 0.000003, 0.000004, 0.000005, 0.000007, 0.000009, 0.000012, 0.000016, 0.000021, 0.000027, 0.000035, 0.000044, 0.000056, 0.000070, 0.000088, 0.000109, 0.000134, 0.000164, 0.000199, 0.000241, 0.000288, 0.000344, 0.000407, 0.000478, 0.000558, 0.000647, 0.000746, 0.000853, 0.000970, 0.001095, 0.001228, 0.001367, 0.001513, 0.001663, 0.001815, 0.001967, 0.002119, 0.002267, 0.002408, 0.002542, 0.002664, 0.002774, 0.002869, 0.002948, 0.003008, 0.003049, 0.003069, 0.003069, 0.003049, 0.003008, 0.002948, 0.002869, 0.002774, 0.002664, 0.002542, 0.002408, 0.002267, 0.002119, 0.001967, 0.001815, 0.001663, 0.001513, 0.001367, 0.001228, 0.001095, 0.000970, 0.000853, 0.000746, 0.000647, 0.000558, 0.000478, 0.000407, 0.000344, 0.000288, 0.000241, 0.000199, 0.000164, 0.000134, 0.000109, 0.000088, 0.000070, 0.000056, 0.000044, 0.000035, 0.000027, 0.000021, 0.000016, 0.000012, 0.000009, 0.000007, 0.000005, 0.000004, 0.000003, 0.000002, 0.000002, 0.000001, 0.000001
0.000002, 0.000002, 0.000002, 0.000003, 0.000004, 0.000005, 0.000007, 0.000009, 0.000013, 0.000017, 0.000022, 0.000028, 0.000036, 0.000047, 0.000060, 0.000075, 0.000095, 0.000118, 0.000147, 0.000181, 0.000221, 0.000269, 0.000325, 0.000390, 0.000464, 0.000550, 0.000646, 0.000754, 0.000875, 0.001008, 0.001153, 0.001311, 0.001480, 0.001659, 0.001848, 0.002045, 0.002247, 0.002452, 0.002659, 0.002863, 0.003063, 0.003254, 0.003435, 0.003601, 0.003749, 0.003878, 0.003983, 0.004065, 0.004120, 0.004148, 0.004148, 0.004120, 0.004065, 0.003984, 0.003878, 0.003749, 0.003601, 0.003435, 0.003254, 0.003063, 0.002863, 0.002659, 0.002452, 0.002247, 0.002045, 0.001848, 0.001659, 0.001480, 0.001311, 0.001153, 0.001008, 0.000875, 0.000754, 0.000646, 0.000550, 0.000464, 0.000390, 0.000325, 0.000269, 0.000221, 0.000181, 0.000147, 0.000118, 0.000095, 0.000075, 0.000060, 0.000047, 0.000036, 0.000028, 0.000022, 0.000017, 0.000013, 0.000009, 0.000007, 0.000005, 0.000004, 0.000003, 0.000002, 0.000002, 0.000002
0.000002, 0.000002, 0.000003, 0.000004, 0.000005, 0.000007, 0.000010, 0.000013, 0.000017, 0.000022, 0.000029, 0.000038, 0.000049, 0.000063, 0.000080, 0.000101, 0.000127, 0.000159, 0.000197, 0.000243, 0.000297, 0.000362, 0.000437, 0.000524, 0.000624, 0.000738, 0.000868, 0.001013, 0.001175, 0.001354, 0.001549, 0.001761, 0.001988, 0.002229, 0.002482, 0.002746, 0.003018, 0.003294, 0.003572, 0.003846, 0.004114, 0.004372, 0.004614, 0.004836, 0.005036, 0.005209, 0.005351, 0.005460, 0.005534, 0.005572, 0.005572, 0.005534, 0.005460, 0.005351, 0.005209, 0.005036, 0.004837, 0.004614, 0.004372, 0.004114, 0.003846, 0.003572, 0.003294, 0.003018, 0.002746, 0.002482, 0.002229, 0.001988, 0.001761, 0.001549, 0.001354, 0.001175, 0.001013, 0.000868, 0.000738, 0.000624, 0.000524, 0.000437, 0.000362, 0.000297, 0.000243, 0.000197, 0.000159, 0.000127, 0.000101, 0.000080, 0.000063, 0.000049, 0.000038, 0.000029, 0.000022, 0.000017, 0.000013, 0.000010, 0.000007, 0.000005, 0.000004, 0.000003, 0.000002, 0.000002
0.000003, 0.000003, 0.000004, 0.000005, 0.000007, 0.000009, 0.000013, 0.000017, 0.000023, 0.000030, 0.000039, 0.000051, 0.000065, 0.000084, 0.000107, 0.000135, 0.000170, 0.000212, 0.000263, 0.000324, 0.000397, 0.000482, 0.000583, 0.000699, 0.000833, 0.000985, 0.001158, 0.001352, 0.001568, 0.001806, 0.002067, 0.002349, 0.002652, 0.002974, 0.003312, 0.003665, 0.004027, 0.004396, 0.004766, 0.005132, 0.005490, 0.005833, 0.006156, 0.006454, 0.006720, 0.006950, 0.007140, 0.007286, 0.007385, 0.007435, 0.007435, 0.007385, 0.007286, 0.007140, 0.006950, 0.006720, 0.006454, 0.006156, 0.005833, 0.005490, 0.005132, 0.004766, 0.004396, 0.004027, 0.003665, 0.003312, 0.002974, 0.002652, 0.002349, 0.002067, 0.001806, 0.001568, 0.001352, 0.001158, 0.000985, 0.000833, 0.000699, 0.000583, 0.000482, 0.000397, 0.000324, 0.000263, 0.000212, 0.000170, 0.000135, 0.000107, 0.000084, 0.000065, 0.000051, 0.000039, 0.000030, 0.000023, 0.000017, 0.000013, 0.000009, 0.000007, 0.000005, 0.000004, 0.000003, 0.000003
0.000004, 0.000004, 0.000005, 0.000007, 0.000009, 0.000013, 0.000017, 0.000023, 0.000030, 0.000039, 0.000052, 0.000067, 0.000087, 0.000111, 0.000141, 0.000179, 0.000225, 0.000281, 0.000349, 0.000430, 0.000526, 0.000639, 0.000772, 0.000926, 0.001103, 0.001306, 0.001535, 0.001792, 0.002078, 0.002394, 0.002739, 0.003114, 0.003515, 0.003941, 0.004390, 0.004857, 0.005337, 0.005826, 0.006316, 0.006802, 0.007276, 0.007731, 0.008159, 0.008553, 0.008906, 0.009211, 0.009463, 0.009656, 0.009787, 0.009853, 0.009853, 0.009787, 0.009656, 0.009463, 0.009211, 0.008906, 0.008553, 0.008159, 0.007731, 0.007276, 0.006802, 0.006316, 0.005826, 0.005337, 0.004857, 0.004390, 0.003941, 0.003515, 0.003114, 0.002740, 0.002394, 0.002078, 0.001792, 0.001535, 0.001306, 0.001103, 0.000926, 0.000772, 0.000639, 0.000526, 0.000430, 0.000349, 0.000281, 0.000225, 0.000179, 0.000141, 0.000111, 0.000087, 0.000067, 0.000052, 0.000039, 0.000030, 0.000023, 0.000017, 0.000013, 0.000009, 0.000007, 0.000005, 0.000004, 0.000004
0.000005, 0.000006, 0.000007, 0.000009, 0.000012, 0.000017, 0.000022, 0.000030, 0.000039, 0.000052, 0.000068, 0.000088, 0.000114, 0.000146, 0.000186, 0.000236, 0.000296, 0.000370, 0.000459, 0.000566, 0.000692, 0.000842, 0.001016, 0.001219, 0.001452, 0.001719, 0.002020, 0.002359, 0.002736, 0.003152, 0.003606, 0.004099, 0.004627, 0.005188, 0.005779, 0.006393, 0.007026, 0.007669, 0.008315, 0.008954, 0.009578, 0.010177, 0.010741, 0.011259, 0.011724, 0.012125, 0.012457, 0.012711, 0.012883, 0.012971, 0.012971, 0.012883, 0.012711, 0.012457, 0.012125, 0.011724, 0.011259, 0.010741, 0.010177, 0.009578, 0.008954, 0.008315, 0.007669, 0.007026, 0.006393, 0.005779, 0.005188, 0.004627, 0.004099, 0.003606, 0.003152, 0.002736, 0.002359, 0.002020, 0.001719, 0.001452, 0.001219, 0.001016, 0.000842, 0.000692, 0.000566, 0.000459, 0.000370, 0.000296, 0.000236, 0.000186, 0.000146, 0.000114, 0.000088, 0.000068, 0.000052, 0.000039, 0.000030, 0.000022, 0.000017, 0.000012, 0.000009, 0.000007, 0.000006, 0.000005
0.000007, 0.000007, 0.000009, 0.000012, 0.000016, 0.000022, 0.000029, 0.000039, 0.000051, 0.000068, 0.000089, 0.000115, 0.000149, 0.000191, 0.000243, 0.000308, 0.000387, 0.000484, 0.000600, 0.000740, 0.000905, 0.001100, 0.001329, 0.001594, 0.001899, 0.002247, 0.002642, 0.003084, 0.003577, 0.004120, 0.004715, 0.005358, 0.006049, 0.006783, 0.007555, 0.008359, 0.009185, 0.010026, 0.010870, 0.011707, 0.012523, 0.013305, 0.014042, 0.014720, 0.015328, 0.015853, 0.016286, 0.016618, 0.016844, 0.016958, 0.016958, 0.016844, 0.016618, 0.016286, 0.015853, 0.015328, 0.014720, 0.014042, 0.013305, 0.012523, 0.011707, 0.010871, 0.010026, 0.009185, 0.008359, 0.007555, 0.006783, 0.006049, 0.005358, 0.004715, 0.004120, 0.003577, 0.003084, 0.002642, 0.002247, 0.001899, 0.001594, 0.001329, 0.001101, 0.000905, 0.000740, 0.000600, 0.000484, 0.000387, 0.000308, 0.000243, 0.000191, 0.000149, 0.000115, 0.000089, 0.000068, 0.000051, 0.000039, 0.000029, 0.000022, 0.000016, 0.000012, 0.000009, 0.000007, 0.000007
0.000009, 0.000010, 0.000012, 0.000016, 0.000021, 0.000028, 0.000038, 0.000050, 0.000067, 0.000088, 0.000115, 0.000150, 0.000193, 0.000248, 0.000316, 0.000400, 0.000503, 0.000628, 0.000779, 0.000960, 0.001175, 0.001429, 0.001726, 0.002070, 0.002466, 0.002918, 0.003430, 0.004005, 0.004645, 0.005350, 0.006122, 0.006958, 0.007855, 0.008808, 0.009811, 0.010854, 0.011927, 0.013019, 0.014115, 0.015201, 0.016261, 0.017277, 0.018234, 0.019115, 0.019903, 0.020585, 0.021147, 0.021579, 0.021872, 0.022020, 0.022020, 0.021872, 0.021579, 0.021147, 0.020585, 0.019903, 0.019115, 0.018234, 0.017277, 0.016261, 0.015201, 0.014115, 0.013019, 0.011927, 0.010854, 0.009811, 0.008808, 0.007855, 0.006958, 0.006122, 0.005350, 0.004645, 0.004005, 0.003430, 0.002918, 0.002466, 0.002070, 0.001726, 0.001429, 0.001175, 0.000960, 0.000779, 0.000628, 0.000503, 0.000400, 0.000316, 0.000248, 0.000193, 0.000150, 0.000115, 0.000088, 0.000067, 0.000050, 0.000038, 0.000028, 0.000021, 0.000016, 0.000012, 0.000010, 0.000009
0.000011, 0.000012, 0.000015, 0.000020, 0.000027, 0.000036, 0.000049, 0.000065, 0.000086, 0.000113, 0.000149, 0.000193, 0.000249, 0.000320, 0.000408, 0.000516, 0.000649, 0.000810, 0.001005, 0.001239, 0.001516, 0.001843, 0.002225, 0.002669, 0.003180, 0.003763, 0.004424, 0.005165, 0.005990, 0.006900, 0.007896, 0.008974, 0.010130, 0.011360, 0.012653, 0.013998, 0.015383, 0.016791, 0.018204, 0.019605, 0.020971, 0.022282, 0.023516, 0.024652, 0.025669, 0.026548, 0.027273, 0.027830, 0.028208, 0.028398, 0.028398, 0.028208, 0.027830, 0.027273, 0.026548, 0.025669, 0.024652, 0.023516, 0.022282, 0.020971, 0.019605, 0.018204, 0.016791, 0.015383, 0.013998, 0.012653, 0.011360, 0.010131, 0.008974, 0.007896, 0.006900, 0.005990, 0.005165, 0.004424, 0.003763, 0.003180, 0.002669, 0.002225, 0.001843, 0.001516, 0.001239, 0.001005, 0.000810, 0.000649, 0.000516, 0.000408, 0.000320, 0.000249, 0.000193, 0.000149, 0.000113, 0.000086, 0.000065, 0.000049, 0.000036, 0.000027, 0.000020, 0.000015, 0.000012, 0.000011
0.000014, 0.000016, 0.000020, 0.000026, 0.000035, 0.000046, 0.000062, 0.000083, 0.000110, 0.000145, 0.000190, 0.000247, 0.000319, 0.000410, 0.000522, 0.000661, 0.000831, 0.001038, 0.001288, 0.001587, 0.001942, 0.002361, 0.002851, 0.003419, 0.004074, 0.004821, 0.005666, 0.006616, 0.007673, 0.008839, 0.010113, 0.011494, 0.012976, 0.014551, 0.016207, 0.017930, 0.019704, 0.021507, 0.023318, 0.025112, 0.026862, 0.028541, 0.030122, 0.031576, 0.032879, 0.034005, 0.034934, 0.035648, 0.036131, 0.036375, 0.036375, 0.036131, 0.035648, 0.034934, 0.034005, 0.032879, 0.031576, 0.030122, 0.028541, 0.026862, 0.025112, 0.023318, 0.021507, 0.019704, 0.017930, 0.016207, 0.014551, 0.012976, 0.011494, 0.010113, 0.008839, 0.007673, 0.006616, 0.005666, 0.004821, 0.004074, 0.003419, 0.002851, 0.002361, 0.001942, 0.001587, 0.001288, 0.001038, 0.000831, 0.000661, 0.000522, 0.000410, 0.000319, 0.000247, 0.000190, 0.000145, 0.000110, 0.000083, 0.000062, 0.000046, 0.000035, 0.000026, 0.000020, 0.000016, 0.000014
0.000018, 0.000020, 0.000025, 0.000033, 0.000044, 0.000059, 0.000079, 0.000106, 0.000140, 0.000185, 0.000242, 0.000315, 0.000406, 0.000521, 0.000664, 0.000841, 0.001057, 0.001321, 0.001638, 0.002018, 0.002470, 0.003003, 0.003627, 0.004350, 0.005182, 0.006133, 0.007209, 0.008417, 0.009761, 0.011244, 0.012866, 0.014623, 0.016508, 0.018511, 0.020618, 0.022810, 0.025067, 0.027361, 0.029665, 0.031947, 0.034173, 0.036310, 0.038320, 0.040171, 0.041828, 0.043261, 0.044443, 0.045350, 0.045966, 0.046276, 0.046276, 0.045966, 0.045350, 0.044443, 0.043261, 0.041828, 0.040171, 0.038320, 0.036310, 0.034173, 0.031947, 0.029665, 0.027361, 0.025067, 0.022811, 0.020618, 0.018511, 0.016508, 0.014623, 0.012866, 0.011245, 0.009761, 0.008417, 0.007209, 0.006133, 0.005182, 0.004350, 0.003627, 0.003003, 0.002470, 0.002018, 0.001638, 0.001321, 0.001057, 0.000841, 0.000664, 0.000521, 0.000406, 0.000315, 0.000242, 0.000185, 0.000140, 0.000106, 0.000079, 0.000059, 0.000044, 0.000033, 0.000025, 0.000020, 0.000018
0.000023, 0.000026, 0.000032, 0.000042, 0.000056, 0.000075, 0.000100, 0.000134, 0.000177, 0.000234, 0.000306, 0.000398, 0.000514, 0.000659, 0.000840, 0.001063, 0.001336, 0.001669, 0.002070, 0.002550, 0.003121, 0.003795, 0.004582, 0.005496, 0.006548, 0.007749, 0.009108, 0.010635, 0.012334, 0.014208, 0.016257, 0.018477, 0.020858, 0.023389, 0.026051, 0.028822, 0.031672, 0.034571, 0.037482, 0.040366, 0.043179, 0.045878, 0.048419, 0.050757, 0.052851, 0.054662, 0.056155, 0.057301, 0.058079, 0.058471, 0.058471, 0.058079, 0.057301, 0.056155, 0.054662, 0.052851, 0.050757, 0.048419, 0.045878, 0.043179, 0.040366, 0.037482, 0.034571, 0.031672, 0.028822, 0.026052, 0.023390, 0.020859, 0.018477, 0.016257, 0.014208, 0.012334, 0.010635, 0.009109, 0.007749, 0.006548, 0.005496, 0.004582, 0.003795, 0.003121, 0.002550, 0.002070, 0.001669, 0.001336, 0.001063, 0.000840, 0.000659, 0.000514, 0.000398, 0.000306, 0.000234, 0.000177, 0.000134, 0.000100, 0.000075, 0.000056, 0.000042, 0.000032, 0.000026, 0.000023
0.000028, 0.000032, 0.000040, 0.000052, 0.000070, 0.000094, 0.000126, 0.000168, 0.000222, 0.000293, 0.000384, 0.000499, 0.000644, 0.000827, 0.001054, 0.001334, 0.001677, 0.002094, 0.002598, 0.003201, 0.003917, 0.004762, 0.005750, 0.006897, 0.008217, 0.009724, 0.011430, 0.013346, 0.015478, 0.017830, 0.020401, 0.023187, 0.026176, 0.029352, 0.032693, 0.036169, 0.039746, 0.043384, 0.047037, 0.050656, 0.054186, 0.057573, 0.060762, 0.063696, 0.066324, 0.068596, 0.070470, 0.071909, 0.072884, 0.073377, 0.073377, 0.072884, 0.071909, 0.070470, 0.068596, 0.066324, 0.063696, 0.060762, 0.057574, 0.054186, 0.050656, 0.047038, 0.043385, 0.039747, 0.036169, 0.032693, 0.029352, 0.026176, 0.023187, 0.020401, 0.017830, 0.015478, 0.013346, 0.011431, 0.009724, 0.008217, 0.006897, 0.005750, 0.004762, 0.003917, 0.003201, 0.002598, 0.002094, 0.001677, 0.001334, 0.001054, 0.000827, 0.000644, 0.000499, 0.000384, 0.000293, 0.000222, 0.000168, 0.000126, 0.000094, 0.000070, 0.000052, 0.000040, 0.000032, 0.000028
0.000035, 0.000040, 0.000050, 0.000065, 0.000087, 0.000117, 0.000157, 0.000209, 0.000277, 0.000365, 0.000478, 0.000622, 0.000803, 0.001031, 0.001313, 0.001662, 0.002090, 0.002610, 0.003238, 0.003989, 0.004882, 0.005935, 0.007167, 0.008597, 0.010242, 0.012120, 0.014247, 0.016634, 0.019291, 0.022223, 0.025427, 0.028899, 0.032625, 0.036584, 0.040747, 0.045080, 0.049539, 0.054073, 0.058626, 0.063136, 0.067536, 0.071758, 0.075732, 0.079389, 0.082664, 0.085496, 0.087832, 0.089625, 0.090841, 0.091455, 0.091455, 0.090841, 0.089625, 0.087832, 0.085497, 0.082664, 0.079390, 0.075732, 0.071758, 0.067537, 0.063136, 0.058627, 0.054074, 0.049539, 0.045080, 0.040748, 0.036584, 0.032625, 0.028900, 0.025428, 0.022223, 0.019291, 0.016634, 0.014247, 0.012120, 0.010242, 0.008597, 0.007167, 0.005935, 0.004882, 0.003989, 0.003238, 0.002610, 0.002090, 0.001662, 0.001313, 0.001031, 0.000803, 0.000622, 0.000478, 0.000365, 0.000277, 0.000209, 0.000157, 0.000117, 0.000087, 0.000065, 0.000050, 0.000040, 0.000035
0.000044, 0.000050, 0.000062, 0.000081, 0.000108, 0.000145, 0.000194, 0.000259, 0.000343, 0.000452, 0.000592, 0.000770, 0.000994, 0.001276, 0.001626, 0.002058, 0.002587, 0.003231, 0.004008, 0.004938, 0.006044, 0.007347, 0.008872, 0.010642, 0.012678, 0.015003, 0.017636, 0.020591, 0.023880, 0.027509, 0.031476, 0.035774, 0.040386, 0.045287, 0.050441, 0.055804, 0.061324, 0.066937, 0.072573, 0.078156, 0.083603, 0.088829, 0.093748, 0.098275, 0.102329, 0.105835, 0.108726, 0.110946, 0.112451, 0.113212, 0.113212, 0.112452, 0.110946, 0.108726, 0.105835, 0.102329, 0.098275, 0.093748, 0.088829, 0.083603, 0.078156, 0.072573, 0.066937, 0.061324, 0.055805, 0.050441, 0.045287, 0.040387, 0.035775, 0.031477, 0.027509, 0.023881, 0.020591, 0.017636, 0.015004, 0.012678, 0.010642, 0.008872, 0.007347, 0.006044, 0.004938, 0.004008, 0.003231, 0.002587, 0.002058, 0.001626, 0.001276, 0.000994, 0.000770, 0.000592, 0.000452, 0.000343, 0.000259, 0.000194, 0.000145, 0.000108, 0.000081, 0.000062, 0.000050, 0.000044
0.000054, 0.000061, 0.000076, 0.000099, 0.000132, 0.000178, 0.000238, 0.000318, 0.000422, 0.000556, 0.000728, 0.000947, 0.001223, 0.001568, 0.001999, 0.002530, 0.003181, 0.003972, 0.004927, 0.006071, 0.007431, 0.009033, 0.010908, 0.013083, 0.015588, 0.018446, 0.021683, 0.025316, 0.029360, 0.033821, 0.038699, 0.043983, 0.049653, 0.055678, 0.062015, 0.068609, 0.075395, 0.082296, 0.089225, 0.096089, 0.102786, 0.109211, 0.115259, 0.120825, 0.125809, 0.130120, 0.133674, 0.136404, 0.138254, 0.139189, 0.139189, 0.138254, 0.136404, 0.133674, 0.130120, 0.125810, 0.120825, 0.115259, 0.109211, 0.102786, 0.096089, 0.089226, 0.082296, 0.075395, 0.068609, 0.062015, 0.055678, 0.049654, 0.043983, 0.038699, 0.033822, 0.029360, 0.025316, 0.021683, 0.018446, 0.015588, 0.013084, 0.010908, 0.009033, 0.007431, 0.006071, 0.004927, 0.003972, 0.003181, 0.002530, 0.001999, 0.001568, 0.001223, 0.000947, 0.000728, 0.000556, 0.000422, 0.000318, 0.000238, 0.000178, 0.000132, 0.000099, 0.000076, 0.000061, 0.000054
0.000066, 0.000075, 0.000093, 0.000121, 0.000162, 0.000217, 0.000291, 0.000389, 0.000515, 0.000679, 0.000889, 0.001156, 0.001493, 0.001915, 0.002440, 0.003089, 0.003884, 0.004850, 0.006017, 0.007414, 0.009073, 0.011030, 0.013320, 0.015976, 0.019034, 0.022524, 0.026476, 0.030913, 0.035851, 0.041299, 0.047255, 0.053707, 0.060631, 0.067987, 0.075725, 0.083777, 0.092063, 0.100490, 0.108951, 0.117332, 0.125510, 0.133355, 0.140740, 0.147537, 0.153623, 0.158887, 0.163227, 0.166560, 0.168819, 0.169961, 0.169961, 0.168819, 0.166560, 0.163227, 0.158887, 0.153624, 0.147537, 0.140741, 0.133356, 0.125510, 0.117333, 0.108952, 0.100490, 0.092064, 0.083778, 0.075725, 0.067988, 0.060631, 0.053707, 0.047255, 0.041299, 0.035851, 0.030913, 0.026477, 0.022525, 0.019034, 0.015976, 0.013320, 0.011031, 0.009074, 0.007414, 0.006017, 0.004850, 0.003884, 0.003089, 0.002441, 0.001915, 0.001493, 0.001156, 0.000889, 0.000679, 0.000515, 0.000389, 0.000291, 0.000217, 0.000162, 0.000121, 0.000093, 0.000075, 0.000066
0.000080, 0.000090, 0.000112, 0.000147, 0.000196, 0.000263, 0.000353, 0.000471, 0.000625, 0.000824, 0.001078, 0.001402, 0.001810, 0.002323, 0.002960, 0.003746, 0.004710, 0.005882, 0.007297, 0.008991, 0.011004, 0.013377, 0.016154, 0.019375, 0.023083, 0.027317, 0.032110, 0.037490, 0.043479, 0.050085, 0.057309, 0.065134, 0.073530, 0.082452, 0.091836, 0.101602, 0.111651, 0.121870, 0.132132, 0.142296, 0.152213, 0.161728, 0.170684, 0.178927, 0.186308, 0.192691, 0.197954, 0.201996, 0.204737, 0.206121, 0.206121, 0.204737, 0.201997, 0.197955, 0.192691, 0.186308, 0.178927, 0.170685, 0.161729, 0.152213, 0.142296, 0.132132, 0.121871, 0.111651, 0.101602, 0.091837, 0.082453, 0.073531, 0.065134, 0.057309, 0.050086, 0.043479, 0.037491, 0.032110, 0.027317, 0.023084, 0.019375, 0.016154, 0.013378, 0.011004, 0.008991, 0.007297, 0.005882, 0.004710, 0.003746, 0.002960, 0.002323, 0.001810, 0.001402, 0.001078, 0.000824, 0.000625, 0.000471, 0.000353, 0.000263, 0.000196, 0.000147, 0.000112, 0.000090, 0.000080
0.000096, 0.000109, 0.000135, 0.000177, 0.000236, 0.000317, 0.000425, 0.000568, 0.000753, 0.000992, 0.001299, 0.001688, 0.002181, 0.002798, 0.003565, 0.004512, 0.005673, 0.007085, 0.008789, 0.010830, 0.013254, 0.016113, 0.019457, 0.023337, 0.027804, 0.032903, 0.038676, 0.045157, 0.052370, 0.060327, 0.069028, 0.078453, 0.088567, 0.099313, 0.110616, 0.122378, 0.134482, 0.146792, 0.159152, 0.171394, 0.183339, 0.194800, 0.205587, 0.215516, 0.224406, 0.232094, 0.238434, 0.243303, 0.246604, 0.248271, 0.248271, 0.246604, 0.243303, 0.238435, 0.232095, 0.224407, 0.215516, 0.205588, 0.194801, 0.183340, 0.171395, 0.159153, 0.146792, 0.134483, 0.122379, 0.110617, 0.099314, 0.088567, 0.078454, 0.069028, 0.060328, 0.052370, 0.045157, 0.038676, 0.032903, 0.027804, 0.023338, 0.019457, 0.016113, 0.013254, 0.010830, 0.008789, 0.007085, 0.005674, 0.004513, 0.003565, 0.002798, 0.002181, 0.001688, 0.001299, 0.000992, 0.000753, 0.000568, 0.000425, 0.000317, 0.000236, 0.000177, 0.000135, 0.000109, 0.000096
0.000115, 0.000130, 0.000162, 0.000211, 0.000282, 0.000379, 0.000509, 0.000679, 0.000901, 0.001187, 0.001553, 0.002020, 0.002609, 0.003347, 0.004265, 0.005398, 0.006787, 0.008476, 0.010514, 0.012955, 0.015856, 0.019276, 0.023276, 0.027918, 0.033261, 0.039361, 0.046267, 0.054020, 0.062649, 0.072169, 0.082577, 0.093852, 0.105951, 0.118807, 0.132328, 0.146399, 0.160879, 0.175604, 0.190390, 0.205036, 0.219325, 0.233035, 0.245940, 0.257817, 0.268452, 0.277650, 0.285234, 0.291058, 0.295007, 0.297001, 0.297001, 0.295007, 0.291058, 0.285234, 0.277650, 0.268453, 0.257818, 0.245941, 0.233036, 0.219326, 0.205037, 0.190391, 0.175605, 0.160880, 0.146400, 0.132329, 0.118807, 0.105952, 0.093853, 0.082578, 0.072169, 0.062650, 0.054021, 0.046268, 0.039362, 0.033262, 0.027918, 0.023276, 0.019276, 0.015856, 0.012955, 0.010514, 0.008476, 0.006787, 0.005398, 0.004265, 0.003347, 0.002609, 0.002020, 0.001553, 0.001187, 0.000901, 0.000679, 0.000509, 0.000379, 0.000282, 0.000211, 0.000162, 0.000130, 0.000115
0.000137, 0.000155, 0.000192, 0.000251, 0.000336, 0.000451, 0.000605, 0.000807, 0.001070, 0.001410, 0.001846, 0.002400, 0.003100, 0.003976, 0.005067, 0.006414, 0.008064, 0.010071, 0.012492, 0.015393, 0.018839, 0.022902, 0.027655, 0.033170, 0.039519, 0.046766, 0.054971, 0.064183, 0.074435, 0.085745, 0.098112, 0.111508, 0.125883, 0.141157, 0.157222, 0.173940, 0.191144, 0.208639, 0.226207, 0.243608, 0.260585, 0.276874, 0.292207, 0.306318, 0.318954, 0.329881, 0.338893, 0.345812, 0.350504, 0.352873, 0.352873, 0.350504, 0.345813, 0.338893, 0.329882, 0.318955, 0.306319, 0.292208, 0.276875, 0.260586, 0.243609, 0.226208, 0.208640, 0.191145, 0.173941, 0.157223, 0.141158, 0.125884, 0.111509, 0.098113, 0.085746, 0.074436, 0.064183, 0.054972, 0.046767, 0.039519, 0.033171, 0.027655, 0.022902, 0.018839, 0.015393, 0.012493, 0.010071, 0.008064, 0.006414, 0.005067, 0.003976, 0.003100, 0.002400, 0.001846, 0.001410, 0.001070, 0.000807, 0.000605, 0.000451, 0.000336, 0.000251, 0.000192, 0.000155, 0.000137
0.000161, 0.000183, 0.000227, 0.000296, 0.000396, 0.000532, 0.000713, 0.000952, 0.001263, 0.001664, 0.002178, 0.002832, 0.003658, 0.004692, 0.005979, 0.007568, 0.009516, 0.011884, 0.014741, 0.018164, 0.022230, 0.027025, 0.032634, 0.039142, 0.046633, 0.055185, 0.064868, 0.075737, 0.087835, 0.101182, 0.115774, 0.131582, 0.148545, 0.166568, 0.185525, 0.205253, 0.225554, 0.246199, 0.266929, 0.287462, 0.307496, 0.326717, 0.344810, 0.361461, 0.376372, 0.389267, 0.399900, 0.408065, 0.413601, 0.416397, 0.416397, 0.413601, 0.408066, 0.399901, 0.389267, 0.376373, 0.361462, 0.344811, 0.326718, 0.307497, 0.287463, 0.266930, 0.246200, 0.225555, 0.205254, 0.185527, 0.166570, 0.148546, 0.131583, 0.115775, 0.101182, 0.087836, 0.075738, 0.064868, 0.055186, 0.046633, 0.039142, 0.032634, 0.027025, 0.022231, 0.018164, 0.014741, 0.011884, 0.009516, 0.007569, 0.005979, 0.004692, 0.003658, 0.002832, 0.002178, 0.001664, 0.001263, 0.000952, 0.000713, 0.000532, 0.000396, 0.000296, 0.000227, 0.000183, 0.000161
0.000189, 0.000214, 0.000266, 0.000347, 0.000464, 0.000623, 0.000836, 0.001116, 0.001480, 0.001950, 0.002553, 0.003319, 0.004287, 0.005499, 0.007008, 0.008870, 0.011152, 0.013927, 0.017276, 0.021287, 0.026053, 0.031673, 0.038246, 0.045873, 0.054653, 0.064676, 0.076023, 0.088762, 0.102940, 0.118582, 0.135684, 0.154210, 0.174090, 0.195214, 0.217431, 0.240551, 0.264343, 0.288538, 0.312833, 0.336897, 0.360376, 0.382903, 0.404107, 0.423621, 0.441097, 0.456209, 0.468671, 0.478240, 0.484728, 0.488005, 0.488005, 0.484728, 0.478241, 0.468672, 0.456210, 0.441098, 0.423623, 0.404108, 0.382904, 0.360377, 0.336898, 0.312835, 0.288539, 0.264344, 0.240552, 0.217432, 0.195215, 0.174091, 0.154212, 0.135685, 0.118583, 0.102941, 0.088763, 0.076024, 0.064676, 0.054653, 0.045874, 0.038246, 0.031673, 0.026054, 0.021288, 0.017277, 0.013928, 0.011152, 0.008870, 0.007008, 0.005499, 0.004287, 0.003319, 0.002553, 0.001950, 0.001480, 0.001116, 0.000836, 0.000623, 0.000464, 0.000347, 0.000266, 0.000214, 0.000189
0.000220, 0.000249, 0.000309, 0.000404, 0.000540, 0.000726, 0.000973, 0.001299, 0.001722, 0.002270, 0.002971, 0.003863, 0.004990, 0.006401, 0.008157, 0.010325, 0.012981, 0.016211, 0.020110, 0.024778, 0.030326, 0.036866, 0.044517, 0.053395, 0.063615, 0.075281, 0.088489, 0.103317, 0.119820, 0.138027, 0.157933, 0.179497, 0.202637, 0.227224, 0.253084, 0.279995, 0.307688, 0.335850, 0.364129, 0.392139, 0.419468, 0.445689, 0.470370, 0.493085, 0.513425, 0.531016, 0.545521, 0.556659, 0.564211, 0.568025, 0.568026, 0.564212, 0.556660, 0.545522, 0.531017, 0.513426, 0.493086, 0.470371, 0.445691, 0.419470, 0.392141, 0.364131, 0.335852, 0.307690, 0.279997, 0.253086, 0.227225, 0.202638, 0.179499, 0.157934, 0.138028, 0.119821, 0.103318, 0.088490, 0.075282, 0.063615, 0.053396, 0.044518, 0.036867, 0.030326, 0.024778, 0.020110, 0.016211, 0.012981, 0.010325, 0.008157, 0.006401, 0.004990, 0.003863, 0.002971, 0.002270, 0.001722, 0.001299, 0.000973, 0.000726, 0.000540, 0.000404, 0.000309, 0.000249, 0.000220
0.000254, 0.000288, 0.000358, 0.000468, 0.000625, 0.000839, 0.001125, 0.001501, 0.001991, 0.002624, 0.003435, 0.004466, 0.005768, 0.007400, 0.009430, 0.011936, 0.015006, 0.018741, 0.023247, 0.028644, 0.035058, 0.042619, 0.051464, 0.061727, 0.073541, 0.087028, 0.102297, 0.119438, 0.138516, 0.159564, 0.182576, 0.207505, 0.234255, 0.262679, 0.292573, 0.323683, 0.355697, 0.388254, 0.420945, 0.453325, 0.484919, 0.515231, 0.543763, 0.570021, 0.593536, 0.613871, 0.630639, 0.643516, 0.652246, 0.656655, 0.656655, 0.652246, 0.643516, 0.630640, 0.613872, 0.593537, 0.570023, 0.543765, 0.515233, 0.484921, 0.453327, 0.420947, 0.388256, 0.355699, 0.323685, 0.292575, 0.262680, 0.234257, 0.207507, 0.182578, 0.159565, 0.138518, 0.119439, 0.102298, 0.087028, 0.073542, 0.061728, 0.051464, 0.042620, 0.035058, 0.028645, 0.023248, 0.018741, 0.015007, 0.011936, 0.009430, 0.007400, 0.005768, 0.004466, 0.003435, 0.002624, 0.001991, 0.001501, 0.001125, 0.000839, 0.000625, 0.000468, 0.000358, 0.000288, 0.000254
0.000292, 0.000331, 0.000411, 0.000537, 0.000717, 0.000963, 0.001292, 0.001724, 0.002286, 0.003013, 0.003944, 0.005128, 0.006623, 0.008496, 0.010827, 0.013704, 0.017230, 0.021517, 0.026691, 0.032888, 0.040251, 0.048933, 0.059088, 0.070872, 0.084436, 0.099920, 0.117452, 0.137133, 0.159037, 0.183203, 0.209624, 0.238246, 0.268959, 0.301593, 0.335916, 0.371635, 0.408391, 0.445771, 0.483305, 0.520482, 0.556756, 0.591559, 0.624317, 0.654465, 0.681463, 0.704811, 0.724063, 0.738847, 0.748871, 0.753933, 0.753933, 0.748871, 0.738848, 0.724064, 0.704812, 0.681465, 0.654467, 0.624319, 0.591561, 0.556758, 0.520484, 0.483308, 0.445773, 0.408394, 0.371637, 0.335918, 0.301595, 0.268960, 0.238248, 0.209625, 0.183204, 0.159038, 0.137134, 0.117453, 0.099921, 0.084436, 0.070873, 0.059089, 0.048933, 0.040252, 0.032888, 0.026692, 0.021517, 0.017230, 0.013704, 0.010827, 0.008496, 0.006623, 0.005128, 0.003944, 0.003013, 0.002286, 0.001724, 0.001292, 0.000963, 0.000717, 0.000537, 0.000411, 0.000331, 0.000292
0.000333, 0.000377, 0.000468, 0.000612, 0.000818, 0.001098, 0.001473, 0.001966, 0.002607, 0.003435, 0.004497, 0.005847, 0.007552, 0.009688, 0.012346, 0.015627, 0.019647, 0.024536, 0.030437, 0.037503, 0.045899, 0.055799, 0.067379, 0.080816, 0.096283, 0.113940, 0.133931, 0.156373, 0.181351, 0.208907, 0.239035, 0.271673, 0.306695, 0.343908, 0.383047, 0.423777, 0.465691, 0.508315, 0.551116, 0.593509, 0.634871, 0.674557, 0.711912, 0.746290, 0.777076, 0.803699, 0.825653, 0.842511, 0.853940, 0.859713, 0.859713, 0.853941, 0.842512, 0.825654, 0.803700, 0.777078, 0.746292, 0.711914, 0.674560, 0.634874, 0.593511, 0.551118, 0.508318, 0.465694, 0.423780, 0.383050, 0.343910, 0.306697, 0.271675, 0.239037, 0.208909, 0.181353, 0.156375, 0.133932, 0.113941, 0.096284, 0.080817, 0.067379, 0.055799, 0.045900, 0.037503, 0.030437, 0.024537, 0.019647, 0.015627, 0.012346, 0.009688, 0.007552, 0.005847, 0.004497, 0.003435, 0.002607, 0.001966, 0.001473, 0.001098, 0.000818, 0.000612, 0.000468, 0.000377, 0.000333
0.000377, 0.000427, 0.000531, 0.000693, 0.000926, 0.001244, 0.001668, 0.002226, 0.002953, 0.003891, 0.005093, 0.006622, 0.008553, 0.010972, 0.013982, 0.017698, 0.022251, 0.027788, 0.034470, 0.042473, 0.051982, 0.063193, 0.076308, 0.091526, 0.109042, 0.129040, 0.151680, 0.177096, 0.205384, 0.236592, 0.270713, 0.307675, 0.347338, 0.389483, 0.433809, 0.479936, 0.527405, 0.575677, 0.624150, 0.672160, 0.719005, 0.763949, 0.806254, 0.845188, 0.880053, 0.910205, 0.935068, 0.954160, 0.967104, 0.973641, 0.973642, 0.967104, 0.954161, 0.935069, 0.910206, 0.880055, 0.845190, 0.806257, 0.763952, 0.719007, 0.672163, 0.624152, 0.575680, 0.527408, 0.479939, 0.433812, 0.389485, 0.347341, 0.307678, 0.270715, 0.236594, 0.205386, 0.177098, 0.151682, 0.129041, 0.109044, 0.091527, 0.076309, 0.063194, 0.051982, 0.042473, 0.034471, 0.027788, 0.022251, 0.017698, 0.013982, 0.010972, 0.008553, 0.006622, 0.005093, 0.003891, 0.002953, 0.002226, 0.001668, 0.001244, 0.000926, 0.000693, 0.000531, 0.000427, 0.000377
0.000424, 0.000480, 0.000597, 0.000780, 0.001042, 0.001399, 0.001876, 0.002504, 0.003321, 0.004376, 0.005728, 0.007448, 0.009620, 0.012342, 0.015727, 0.019906, 0.025028, 0.031256, 0.038772, 0.047773, 0.058469, 0.071079, 0.085830, 0.102947, 0.122650, 0.145143, 0.170608, 0.199196, 0.231014, 0.266116, 0.304494, 0.346070, 0.390682, 0.438085, 0.487943, 0.539826, 0.593218, 0.647514, 0.702035, 0.756037, 0.808726, 0.859280, 0.906863, 0.950656, 0.989872, 1.023785, 1.051751, 1.073225, 1.087785, 1.095138, 1.095138, 1.087785, 1.073226, 1.051752, 1.023787, 0.989874, 0.950658, 0.906866, 0.859283, 0.808729, 0.756040, 0.702038, 0.647518, 0.593221, 0.539830, 0.487946, 0.438088, 0.390685, 0.346072, 0.304497, 0.266118, 0.231016, 0.199198, 0.170610, 0.145144, 0.122651, 0.102949, 0.085831, 0.071080, 0.058469, 0.047773, 0.038772, 0.031256, 0.025028, 0.019907, 0.015727, 0.012342, 0.009620, 0.007449, 0.005729, 0.004376, 0.003321, 0.002504, 0.001876, 0.001399, 0.001042, 0.000780, 0.000597, 0.000480, 0.000424
0.000474, 0.000537, 0.000667, 0.000871, 0.001164, 0.001563, 0.002096, 0.002797, 0.003710, 0.004889, 0.006399, 0.008321, 0.010747, 0.013787, 0.017569, 0.022238, 0.027959, 0.034916, 0.043312, 0.053368, 0.065316, 0.079403, 0.095882, 0.115003, 0.137013, 0.162140, 0.190588, 0.222523, 0.258067, 0.297280, 0.340153, 0.386597, 0.436433, 0.489388, 0.545083, 0.603043, 0.662687, 0.723341, 0.784247, 0.844572, 0.903432, 0.959905, 1.013060, 1.061982, 1.105790, 1.143674, 1.174915, 1.198905, 1.215168, 1.223383, 1.223383, 1.215169, 1.198906, 1.174916, 1.143676, 1.105793, 1.061984, 1.013064, 0.959908, 0.903435, 0.844576, 0.784250, 0.723345, 0.662691, 0.603047, 0.545087, 0.489391, 0.436437, 0.386600, 0.340155, 0.297282, 0.258069, 0.222525, 0.190590, 0.162142, 0.137015, 0.115005, 0.095883, 0.079404, 0.065317, 0.053368, 0.043313, 0.034917, 0.027959, 0.022238, 0.017569, 0.013787, 0.010747, 0.008321, 0.006399, 0.004889, 0.003710, 0.002797, 0.002096, 0.001563, 0.001164, 0.000871, 0.000667, 0.000537, 0.000474
0.000525, 0.000595, 0.000740, 0.000967, 0.001291, 0.001734, 0.002326, 0.003103, 0.004116, 0.005424, 0.007100, 0.009232, 0.011923, 0.015296, 0.019492, 0.024672, 0.031020, 0.038739, 0.048054, 0.059210, 0.072467, 0.088096, 0.106379, 0.127594, 0.152013, 0.179891, 0.211453, 0.246885, 0.286319, 0.329825, 0.377391, 0.428920, 0.484212, 0.542964, 0.604757, 0.669061, 0.735234, 0.802529, 0.870102, 0.937031, 1.002334, 1.064989, 1.123964, 1.178240, 1.226844, 1.268876, 1.303537, 1.330152, 1.348197, 1.357311, 1.357311, 1.348198, 1.330153, 1.303538, 1.268878, 1.226847, 1.178243, 1.123967, 1.064993, 1.002338, 0.937035, 0.870106, 0.802533, 0.735239, 0.669065, 0.604761, 0.542967, 0.484216, 0.428923, 0.377394, 0.329827, 0.286322, 0.246887, 0.211455, 0.179893, 0.152015, 0.127595, 0.106380, 0.088097, 0.072468, 0.059211, 0.048055, 0.038739, 0.031020, 0.024673, 0.019492, 0.015297, 0.011924, 0.009232, 0.007100, 0.005424, 0.004116, 0.003103, 0.002326, 0.001734, 0.001291, 0.000967, 0.000740, 0.000595, 0.000525
0.000579, 0.000656, 0.000815, 0.001065, 0.001423, 0.001911, 0.002563, 0.003420, 0.004536, 0.005977, 0.007824, 0.010173, 0.013138, 0.016855, 0.021478, 0.027186, 0.034181, 0.042686, 0.052951, 0.065244, 0.079851, 0.097073, 0.117219, 0.140595, 0.167503, 0.198221, 0.232999, 0.272041, 0.315494, 0.363433, 0.415846, 0.472625, 0.533551, 0.598289, 0.666378, 0.737235, 0.810151, 0.884302, 0.958760, 1.032509, 1.104466, 1.173506, 1.238490, 1.298296, 1.351852, 1.398167, 1.436359, 1.465686, 1.485570, 1.495613, 1.495613, 1.485571, 1.465687, 1.436361, 1.398170, 1.351855, 1.298300, 1.238493, 1.173510, 1.104470, 1.032513, 0.958765, 0.884307, 0.810156, 0.737240, 0.666383, 0.598293, 0.533555, 0.472628, 0.415849, 0.363436, 0.315497, 0.272044, 0.233001, 0.198223, 0.167505, 0.140597, 0.117220, 0.097075, 0.079852, 0.065245, 0.052952, 0.042687, 0.034181, 0.027187, 0.021479, 0.016855, 0.013139, 0.010173, 0.007824, 0.005977, 0.004536, 0.003420, 0.002563, 0.001911, 0.001423, 0.001065, 0.000815, 0.000656, 0.000579
0.000634, 0.000718, 0.000892, 0.001166, 0.001557, 0.002091, 0.002804, 0.003742, 0.004964, 0.006541, 0.008562, 0.011133, 0.014378, 0.018446, 0.023505, 0.029752, 0.037406, 0.046715, 0.057948, 0.071401, 0.087387, 0.106234, 0.128281, 0.153863, 0.183310, 0.216927, 0.254986, 0.297713, 0.345266, 0.397729, 0.455088, 0.517225, 0.583900, 0.654747, 0.729262, 0.806805, 0.886601, 0.967750, 1.049234, 1.129942, 1.208689, 1.284243, 1.355359, 1.420809, 1.479419, 1.530104, 1.571900, 1.603995, 1.625755, 1.636745, 1.636745, 1.625756, 1.603996, 1.571902, 1.530107, 1.479423, 1.420813, 1.355363, 1.284248, 1.208694, 1.129946, 1.049240, 0.967755, 0.886606, 0.806809, 0.729266, 0.654751, 0.583905, 0.517229, 0.455092, 0.397732, 0.345269, 0.297716, 0.254989, 0.216929, 0.183312, 0.153865, 0.128282, 0.106235, 0.087388, 0.071402, 0.057949, 0.046715, 0.037407, 0.029753, 0.023506, 0.018446, 0.014378, 0.011133, 0.008562, 0.006541, 0.004964, 0.003742, 0.002804, 0.002091, 0.001557, 0.001166, 0.000892, 0.000718, 0.000634
0.000689, 0.000781, 0.000969, 0.001267, 0.001692, 0.002273, 0.003048, 0.004068, 0.005395, 0.007109, 0.009306, 0.012100, 0.015628, 0.020049, 0.025548, 0.032337, 0.040657, 0.050774, 0.062983, 0.077605, 0.094980, 0.115465, 0.139427, 0.167232, 0.199238, 0.235776, 0.277142, 0.323581, 0.375266, 0.432287, 0.494630, 0.562166, 0.634634, 0.711636, 0.792625, 0.876905, 0.963635, 1.051834, 1.140398, 1.228118, 1.313707, 1.395826, 1.473120, 1.544257, 1.607959, 1.663048, 1.708475, 1.743359, 1.767009, 1.778954, 1.778954, 1.767010, 1.743360, 1.708478, 1.663051, 1.607963, 1.544261, 1.473125, 1.395831, 1.313712, 1.228124, 1.140404, 1.051840, 0.963640, 0.876911, 0.792630, 0.711641, 0.634639, 0.562170, 0.494634, 0.432290, 0.375269, 0.323584, 0.277145, 0.235778, 0.199240, 0.167234, 0.139429, 0.115466, 0.094981, 0.077606, 0.062984, 0.050775, 0.040657, 0.032338, 0.025548, 0.020049, 0.015628, 0.012100, 0.009306, 0.007109, 0.005395, 0.004068, 0.003048, 0.002273, 0.001692, 0.001267, 0.000969, 0.000781, 0.000689
0.000744, 0.000843, 0.001046, 0.001368, 0.001827, 0.002454, 0.003290, 0.004391, 0.005824, 0.007674, 0.010045, 0.013061, 0.016870, 0.021642, 0.027578, 0.034907, 0.043888, 0.054808, 0.067988, 0.083772, 0.102527, 0.124640, 0.150506, 0.180521, 0.215069, 0.254510, 0.299163, 0.349292, 0.405085, 0.466636, 0.533932, 0.606834, 0.685061, 0.768182, 0.855606, 0.946582, 1.040203, 1.135410, 1.231011, 1.325701, 1.418090, 1.506734, 1.590170, 1.666958, 1.735722, 1.795188, 1.844224, 1.881879, 1.907409, 1.920303, 1.920304, 1.907410, 1.881881, 1.844227, 1.795192, 1.735726, 1.666963, 1.590175, 1.506739, 1.418096, 1.325707, 1.231017, 1.135416, 1.040209, 0.946588, 0.855611, 0.768187, 0.685066, 0.606839, 0.533937, 0.466640, 0.405088, 0.349296, 0.299166, 0.254513, 0.215071, 0.180523, 0.150508, 0.124641, 0.102528, 0.083773, 0.067989, 0.054809, 0.043888, 0.034907, 0.027578, 0.021642, 0.016870, 0.013062, 0.010046, 0.007674, 0.005824, 0.004391, 0.003290, 0.002454, 0.001827, 0.001368, 0.001046, 0.000843, 0.000744
0.000797, 0.000903, 0.001122, 0.001466, 0.001958, 0.002631, 0.003528, 0.004707, 0.006243, 0.008227, 0.010769, 0.014003, 0.018086, 0.023202, 0.029566, 0.037423, 0.047051, 0.058759, 0.072889, 0.089810, 0.109917, 0.133624, 0.161355, 0.193533, 0.230571, 0.272855, 0.320728, 0.374470, 0.434283, 0.500271, 0.572418, 0.650575, 0.734440, 0.823551, 0.917276, 1.014810, 1.115179, 1.217248, 1.319739, 1.421255, 1.520303, 1.615336, 1.704785, 1.787108, 1.860828, 1.924580, 1.977151, 2.017520, 2.044889, 2.058713, 2.058713, 2.044890, 2.017522, 1.977154, 1.924584, 1.860833, 1.787113, 1.704790, 1.615341, 1.520309, 1.421261, 1.319746, 1.217254, 1.115185, 1.014817, 0.917282, 0.823557, 0.734445, 0.650579, 0.572423, 0.500275, 0.434287, 0.374473, 0.320731, 0.272858, 0.230574, 0.193535, 0.161356, 0.133626, 0.109919, 0.089811, 0.072890, 0.058760, 0.047052, 0.037424, 0.029566, 0.023202, 0.018086, 0.014003, 0.010770, 0.008227, 0.006244, 0.004707, 0.003528, 0.002631, 0.001958, 0.001466, 0.001122, 0.000903, 0.000797
0.000849, 0.000962, 0.001195, 0.001561, 0.002085, 0.002801, 0.003756, 0.005012, 0.006648, 0.008760, 0.011467, 0.014910, 0.019257, 0.024704, 0.031481, 0.039847, 0.050098, 0.062564, 0.077609, 0.095626, 0.117035, 0.142277, 0.171803, 0.206065, 0.245501, 0.290523, 0.341495, 0.398717, 0.462403, 0.532663, 0.609481, 0.692698, 0.781994, 0.876875, 0.976668, 1.080518, 1.187385, 1.296062, 1.405189, 1.513277, 1.618738, 1.719924, 1.815165, 1.902818, 1.981311, 2.049191, 2.105165, 2.148148, 2.177289, 2.192008, 2.192008, 2.177291, 2.148150, 2.105168, 2.049195, 1.981316, 1.902824, 1.815171, 1.719930, 1.618745, 1.513284, 1.405196, 1.296069, 1.187391, 1.080524, 0.976675, 0.876881, 0.781999, 0.692704, 0.609486, 0.532668, 0.462407, 0.398720, 0.341498, 0.290526, 0.245504, 0.206067, 0.171805, 0.142278, 0.117036, 0.095627, 0.077610, 0.062565, 0.050099, 0.039847, 0.031481, 0.024705, 0.019257, 0.014910, 0.011467, 0.008760, 0.006648, 0.005012, 0.003756, 0.002801, 0.002085, 0.001561, 0.001195, 0.000962, 0.000849
0.000898, 0.001017, 0.001263, 0.001651, 0.002205, 0.002962, 0.003972, 0.005300, 0.007030, 0.009264, 0.012126, 0.015767, 0.020363, 0.026124, 0.033290, 0.042137, 0.052977, 0.066160, 0.082069, 0.101121, 0.123761, 0.150454, 0.181676, 0.217907, 0.259610, 0.307219, 0.361120, 0.421630, 0.488977, 0.563275, 0.644507, 0.732506, 0.826933, 0.927267, 1.032795, 1.142612, 1.255620, 1.370543, 1.485941, 1.600240, 1.711761, 1.818761, 1.919476, 2.012165, 2.095168, 2.166950, 2.226141, 2.271593, 2.302409, 2.317974, 2.317974, 2.302410, 2.271595, 2.226144, 2.166953, 2.095173, 2.012171, 1.919482, 1.818768, 1.711768, 1.600247, 1.485948, 1.370550, 1.255627, 1.142619, 1.032802, 0.927273, 0.826939, 0.732512, 0.644513, 0.563279, 0.488981, 0.421634, 0.361124, 0.307222, 0.259613, 0.217909, 0.181678, 0.150455, 0.123763, 0.101123, 0.082070, 0.066161, 0.052978, 0.042137, 0.033290, 0.026125, 0.020364, 0.015767, 0.012126, 0.009264, 0.007030, 0.005300, 0.003972, 0.002962, 0.002205, 0.001651, 0.001263, 0.001017, 0.000898
0.000943, 0.001068, 0.001327, 0.001734, 0.002316, 0.003111, 0.004171, 0.005566, 0.007383, 0.009729, 0.012735, 0.016559, 0.021387, 0.027437, 0.034962, 0.044254, 0.055639, 0.069484, 0.086192, 0.106202, 0.129979, 0.158012, 0.190804, 0.228854, 0.272652, 0.322653, 0.379262, 0.442812, 0.513541, 0.591571, 0.676885, 0.769304, 0.868475, 0.973848, 1.084678, 1.200011, 1.318696, 1.439391, 1.560586, 1.680627, 1.797750, 1.910124, 2.015898, 2.113245, 2.200418, 2.275803, 2.337968, 2.385703, 2.418067, 2.434414, 2.434415, 2.418069, 2.385705, 2.337971, 2.275808, 2.200423, 2.113250, 2.015904, 1.910131, 1.797757, 1.680634, 1.560594, 1.439399, 1.318703, 1.200018, 1.084685, 0.973855, 0.868481, 0.769310, 0.676890, 0.591576, 0.513545, 0.442816, 0.379266, 0.322656, 0.272655, 0.228857, 0.190806, 0.158014, 0.129980, 0.106203, 0.086193, 0.069485, 0.055639, 0.044254, 0.034963, 0.027437, 0.021387, 0.016559, 0.012735, 0.009729, 0.007383, 0.005567, 0.004171, 0.003111, 0.002316, 0.001734, 0.001327, 0.001068, 0.000943
0.000983, 0.001114, 0.001384, 0.001809, 0.002415, 0.003245, 0.004351, 0.005806, 0.007701, 0.010148, 0.013284, 0.017272, 0.022307, 0.028618, 0.036468, 0.046159, 0.058034, 0.072475, 0.089903, 0.110774, 0.135575, 0.164815, 0.199018, 0.238707, 0.284391, 0.336544, 0.395590, 0.461876, 0.535650, 0.617040, 0.706026, 0.802424, 0.905864, 1.015774, 1.131374, 1.251672, 1.375466, 1.501358, 1.627770, 1.752979, 1.875144, 1.992356, 2.102683, 2.204219, 2.295144, 2.373776, 2.438617, 2.488407, 2.522164, 2.539214, 2.539215, 2.522166, 2.488409, 2.438620, 2.373780, 2.295149, 2.204225, 2.102689, 1.992363, 1.875152, 1.752987, 1.627778, 1.501366, 1.375474, 1.251680, 1.131382, 1.015781, 0.905870, 0.802430, 0.706032, 0.617045, 0.535655, 0.461880, 0.395594, 0.336548, 0.284394, 0.238710, 0.199020, 0.164817, 0.135576, 0.110776, 0.089904, 0.072476, 0.058035, 0.046160, 0.036468, 0.028618, 0.022308, 0.017272, 0.013284, 0.010148, 0.007701, 0.005806, 0.004351, 0.003245, 0.002416, 0.001809, 0.001384, 0.001114, 0.000983
0.001019, 0.001154, 0.001434, 0.001873, 0.002502, 0.003361, 0.004507, 0.006015, 0.007978, 0.010512, 0.013761, 0.017892, 0.023109, 0.029646, 0.037778, 0.047817, 0.060119, 0.075079, 0.093133, 0.114753, 0.140445, 0.170735, 0.206167, 0.247281, 0.294605, 0.348632, 0.409799, 0.478465, 0.554889, 0.639202, 0.731384, 0.831244, 0.938399, 1.052256, 1.172008, 1.296627, 1.424867, 1.555279, 1.686231, 1.815936, 1.942488, 2.063910, 2.178199, 2.283381, 2.377573, 2.459028, 2.526197, 2.577776, 2.612745, 2.630407, 2.630408, 2.612747, 2.577779, 2.526201, 2.459032, 2.377578, 2.283387, 2.178205, 2.063917, 1.942496, 1.815944, 1.686240, 1.555287, 1.424875, 1.296634, 1.172016, 1.052263, 0.938405, 0.831251, 0.731390, 0.639207, 0.554894, 0.478470, 0.409803, 0.348636, 0.294609, 0.247284, 0.206169, 0.170737, 0.140446, 0.114754, 0.093134, 0.075080, 0.060120, 0.047818, 0.037778, 0.029646, 0.023109, 0.017893, 0.013761, 0.010513, 0.007978, 0.006015, 0.004507, 0.003361, 0.002502, 0.001874, 0.001434, 0.001154, 0.001019
0.001048, 0.001188, 0.001475, 0.001928, 0.002574, 0.003458, 0.004637, 0.006188, 0.008208, 0.010816, 0.014158, 0.018408, 0.023775, 0.030501, 0.038867, 0.049196, 0.061852, 0.077243, 0.095818, 0.118062, 0.144494, 0.175657, 0.212110, 0.254410, 0.303099, 0.358683, 0.421613, 0.492259, 0.570886, 0.657629, 0.752468, 0.855207, 0.965451, 1.082590, 1.205794, 1.334005, 1.465941, 1.600113, 1.734840, 1.868283, 1.998483, 2.123404, 2.240987, 2.349203, 2.446110, 2.529912, 2.599018, 2.652083, 2.688060, 2.706231, 2.706231, 2.688062, 2.652085, 2.599021, 2.529917, 2.446115, 2.349210, 2.240994, 2.123411, 1.998491, 1.868291, 1.734848, 1.600121, 1.465950, 1.334013, 1.205802, 1.082597, 0.965457, 0.855214, 0.752475, 0.657634, 0.570891, 0.492263, 0.421617, 0.358687, 0.303102, 0.254413, 0.212113, 0.175659, 0.144495, 0.118063, 0.095819, 0.077244, 0.061853, 0.049197, 0.038867, 0.030501, 0.023775, 0.018409, 0.014158, 0.010816, 0.008208, 0.006188, 0.004637, 0.003458, 0.002574, 0.001928, 0.001475, 0.001188, 0.001048
0.001071, 0.001213, 0.001507, 0.001970, 0.002631, 0.003534, 0.004738, 0.006323, 0.008387, 0.011051, 0.014466, 0.018809, 0.024293, 0.031166, 0.039714, 0.050268, 0.063200, 0.078927, 0.097906, 0.120634, 0.147642, 0.179485, 0.216732, 0.259954, 0.309703, 0.366498, 0.430799, 0.502984, 0.583324, 0.671957, 0.768863, 0.873840, 0.986485, 1.106176, 1.232064, 1.363069, 1.497880, 1.634974, 1.772636, 1.908986, 2.042022, 2.169665, 2.289810, 2.400384, 2.499403, 2.585031, 2.655641, 2.709862, 2.746625, 2.765186, 2.765187, 2.746626, 2.709865, 2.655644, 2.585036, 2.499408, 2.400391, 2.289817, 2.169673, 2.042030, 1.908995, 1.772644, 1.634983, 1.497888, 1.363077, 1.232072, 1.106184, 0.986492, 0.873847, 0.768869, 0.671963, 0.583330, 0.502989, 0.430804, 0.366502, 0.309706, 0.259956, 0.216735, 0.179487, 0.147644, 0.120636, 0.097907, 0.078928, 0.063201, 0.050269, 0.039715, 0.031166, 0.024294, 0.018810, 0.014466, 0.011051, 0.008387, 0.006323, 0.004738, 0.003534, 0.002631, 0.001970, 0.001507, 0.001213, 0.001071
0.001087, 0.001231, 0.001529, 0.001999, 0.002669, 0.003586, 0.004809, 0.006417, 0.008511, 0.011215, 0.014680, 0.019088, 0.024653, 0.031627, 0.040302, 0.051012, 0.064135, 0.080095, 0.099354, 0.122419, 0.149827, 0.182141, 0.219939, 0.263800, 0.314285, 0.371921, 0.437173, 0.510426, 0.591955, 0.681899, 0.780238, 0.886768, 1.001079, 1.122540, 1.250291, 1.383233, 1.520039, 1.659161, 1.798859, 1.937227, 2.072232, 2.201763, 2.323682, 2.435895, 2.536380, 2.623275, 2.694928, 2.749951, 2.787256, 2.806097, 2.806098, 2.787257, 2.749954, 2.694932, 2.623279, 2.536386, 2.435901, 2.323689, 2.201770, 2.072241, 1.937235, 1.798868, 1.659170, 1.520047, 1.383242, 1.250299, 1.122548, 1.001086, 0.886775, 0.780244, 0.681904, 0.591960, 0.510431, 0.437178, 0.371925, 0.314289, 0.263803, 0.219942, 0.182143, 0.149828, 0.122421, 0.099356, 0.080096, 0.064136, 0.051013, 0.040302, 0.031627, 0.024653, 0.019088, 0.014680, 0.011215, 0.008511, 0.006417, 0.004809, 0.003586, 0.002670, 0.001999, 0.001529, 0.001231, 0.001087
0.001095, 0.001241, 0.001541, 0.002014, 0.002690, 0.003614, 0.004846, 0.006467, 0.008578, 0.011303, 0.014795, 0.019238, 0.024846, 0.031875, 0.040618, 0.051412, 0.064639, 0.080723, 0.100134, 0.123380, 0.151003, 0.183571, 0.221666, 0.265871, 0.316752, 0.374840, 0.440605, 0.514432, 0.596600, 0.687250, 0.786361, 0.893727, 1.008935, 1.131349, 1.260102, 1.394088, 1.531967, 1.672181, 1.812976, 1.952430, 2.088497, 2.219045, 2.341922, 2.455011, 2.556281, 2.643857, 2.716074, 2.771528, 2.809125, 2.828114, 2.828115, 2.809126, 2.771531, 2.716078, 2.643862, 2.556287, 2.455018, 2.341929, 2.219052, 2.088505, 1.952438, 1.812985, 1.672190, 1.531976, 1.394096, 1.260110, 1.131357, 1.008942, 0.893734, 0.786367, 0.687256, 0.596606, 0.514437, 0.440609, 0.374844, 0.316756, 0.265874, 0.221668, 0.183573, 0.151005, 0.123382, 0.100136, 0.080725, 0.064640, 0.051413, 0.040619, 0.031876, 0.024847, 0.019238, 0.014796, 0.011303, 0.008578, 0.006467, 0.004846, 0.003614, 0.002691, 0.002014, 0.001541, 0.001241, 0.001095
0.001096, 0.001242, 0.001543, 0.002016, 0.002693, 0.003618, 0.004851, 0.006473, 0.008586, 0.011314, 0.014810, 0.019256, 0.024870, 0.031905, 0.040657, 0.051461, 0.064700, 0.080800, 0.100230, 0.123497, 0.151146, 0.183745, 0.221876, 0.266123, 0.317053, 0.375196, 0.441023, 0.514920, 0.597166, 0.687902, 0.787107, 0.894574, 1.009891, 1.132421, 1.261296, 1.395409, 1.533419, 1.673767, 1.814695, 1.954280, 2.090474, 2.221145, 2.344140, 2.457335, 2.558701, 2.646359, 2.718644, 2.774151, 2.811783, 2.830791, 2.830791, 2.811785, 2.774154, 2.718648, 2.646365, 2.558707, 2.457341, 2.344147, 2.221153, 2.090482, 1.954289, 1.814703, 1.673775, 1.533428, 1.395417, 1.261304, 1.132429, 1.009898, 0.894581, 0.787113, 0.687908, 0.597172, 0.514925, 0.441027, 0.375200, 0.317057, 0.266126, 0.221879, 0.183747, 0.151148, 0.123499, 0.100231, 0.080801, 0.064701, 0.051462, 0.040657, 0.031906, 0.024870, 0.019256, 0.014810, 0.011314, 0.008586, 0.006473, 0.004851, 0.003618, 0.002693, 0.002016, 0.001543, 0.001242, 0.001096
0.001090, 0.001235, 0.001534, 0.002004, 0.002677, 0.003596, 0.004822, 0.006435, 0.008535, 0.011247, 0.014722, 0.019143, 0.024723, 0.031717, 0.040417, 0.051158, 0.064319, 0.080323, 0.099638, 0.122769, 0.150254, 0.182660, 0.220566, 0.264552, 0.315182, 0.372981, 0.438419, 0.511880, 0.593640, 0.683840, 0.782459, 0.889292, 1.003927, 1.125734, 1.253848, 1.387168, 1.524363, 1.663881, 1.803977, 1.942738, 2.078127, 2.208026, 2.330294, 2.442820, 2.543586, 2.630728, 2.702585, 2.757764, 2.795174, 2.814070, 2.814070, 2.795176, 2.757767, 2.702589, 2.630733, 2.543592, 2.442826, 2.330301, 2.208034, 2.078135, 1.942746, 1.803985, 1.663890, 1.524372, 1.387176, 1.253856, 1.125742, 1.003935, 0.889298, 0.782465, 0.683846, 0.593646, 0.511885, 0.438423, 0.372985, 0.315185, 0.264555, 0.220569, 0.182663, 0.150256, 0.122770, 0.099639, 0.080324, 0.064320, 0.051158, 0.040418, 0.031718, 0.024724, 0.019143, 0.014722, 0.011247, 0.008535, 0.006435, 0.004822, 0.003596, 0.002677, 0.002004, 0.001534, 0.001235, 0.001090
0.001076, 0.001219, 0.001514, 0.001979, 0.002643, 0.003551, 0.004761, 0.006353, 0.008427, 0.011104, 0.014535, 0.018899, 0.024409, 0.031314, 0.039903, 0.050508, 0.063501, 0.079302, 0.098372, 0.121208, 0.148345, 0.180339, 0.217763, 0.261190, 0.311175, 0.368240, 0.432846, 0.505373, 0.586094, 0.675147, 0.772512, 0.877987, 0.991165, 1.111423, 1.237910, 1.369535, 1.504984, 1.642727, 1.781042, 1.918038, 2.051705, 2.179952, 2.300666, 2.411761, 2.511246, 2.597280, 2.668224, 2.722702, 2.759636, 2.778292, 2.778292, 2.759638, 2.722704, 2.668228, 2.597285, 2.511252, 2.411767, 2.300673, 2.179960, 2.051713, 1.918046, 1.781050, 1.642735, 1.504993, 1.369543, 1.237918, 1.111431, 0.991172, 0.877993, 0.772518, 0.675153, 0.586099, 0.505378, 0.432850, 0.368244, 0.311179, 0.261193, 0.217765, 0.180341, 0.148346, 0.121210, 0.098373, 0.079304, 0.063502, 0.050508, 0.039904, 0.031315, 0.024410, 0.018900, 0.014535, 0.011104, 0.008427, 0.006353, 0.004761, 0.003551, 0.002643, 0.001979, 0.001514, 0.001219, 0.001076
0.001055, 0.001196, 0.001485, 0.001940, 0.002592, 0.003481, 0.004668, 0.006230, 0.008263, 0.010888, 0.014252, 0.018531, 0.023934, 0.030705, 0.039126, 0.049524, 0.062265, 0.077758, 0.096456, 0.118848, 0.145456, 0.176827, 0.213523, 0.256104, 0.305116, 0.361069, 0.424417, 0.495532, 0.574681, 0.661999, 0.757468, 0.860889, 0.971863, 1.089780, 1.213803, 1.342864, 1.475675, 1.610736, 1.746355, 1.880683, 2.011747, 2.137497, 2.255859, 2.364791, 2.462339, 2.546696, 2.616259, 2.669675, 2.705891, 2.724183, 2.724183, 2.705892, 2.669677, 2.616262, 2.546700, 2.462344, 2.364797, 2.255866, 2.137504, 2.011755, 1.880691, 1.746363, 1.610744, 1.475684, 1.342872, 1.213811, 1.089787, 0.971870, 0.860896, 0.757474, 0.662005, 0.574686, 0.495537, 0.424421, 0.361073, 0.305119, 0.256106, 0.213525, 0.176829, 0.145458, 0.118850, 0.096458, 0.077759, 0.062266, 0.049525, 0.039127, 0.030705, 0.023934, 0.018532, 0.014252, 0.010888, 0.008263, 0.006230, 0.004668, 0.003481, 0.002592, 0.001940, 0.001485, 0.001196, 0.001055
0.001027, 0.001164, 0.001446, 0.001890, 0.002524, 0.003390, 0.004546, 0.006067, 0.008046, 0.010603, 0.013879, 0.018046, 0.023307, 0.029900, 0.038102, 0.048227, 0.060634, 0.075722, 0.093930, 0.115736, 0.141647, 0.172196, 0.207931, 0.249397, 0.297125, 0.351613, 0.413302, 0.482554, 0.559630, 0.644662, 0.737630, 0.838342, 0.946411, 1.061241, 1.182014, 1.307694, 1.437026, 1.568549, 1.700616, 1.831425, 1.959056, 2.081512, 2.196774, 2.302853, 2.397846, 2.479993, 2.547734, 2.599751, 2.635020, 2.652832, 2.652833, 2.635021, 2.599754, 2.547738, 2.479998, 2.397851, 2.302859, 2.196781, 2.081520, 1.959063, 1.831433, 1.700624, 1.568557, 1.437034, 1.307702, 1.182021, 1.061248, 0.946418, 0.838349, 0.737636, 0.644667, 0.559635, 0.482559, 0.413306, 0.351617, 0.297128, 0.249399, 0.207933, 0.172199, 0.141649, 0.115737, 0.093932, 0.075723, 0.060635, 0.048228, 0.038102, 0.029901, 0.023308, 0.018046, 0.013879, 0.010603, 0.008046, 0.006067, 0.004546, 0.003390, 0.002524, 0.001890, 0.001446, 0.001164, 0.001027
0.000994, 0.001126, 0.001398, 0.001828, 0.002441, 0.003279, 0.004397, 0.005867, 0.007782, 0.010254, 0.013423, 0.017453, 0.022541, 0.028918, 0.036850, 0.046643, 0.058642, 0.073234, 0.090844, 0.111933, 0.136993, 0.166538, 0.201098, 0.241202, 0.287362, 0.340059, 0.399721, 0.466697, 0.541240, 0.623477, 0.713391, 0.810794, 0.915311, 1.026367, 1.143170, 1.264720, 1.389802, 1.517003, 1.644730, 1.771240, 1.894676, 2.013108, 2.124582, 2.227175, 2.319045, 2.398494, 2.464009, 2.514316, 2.548424, 2.565651, 2.565652, 2.548426, 2.514319, 2.464013, 2.398499, 2.319051, 2.227181, 2.124588, 2.013115, 1.894684, 1.771248, 1.644738, 1.517011, 1.389810, 1.264728, 1.143178, 1.026374, 0.915318, 0.810800, 0.713397, 0.623483, 0.541245, 0.466701, 0.399725, 0.340063, 0.287365, 0.241204, 0.201101, 0.166540, 0.136994, 0.111934, 0.090845, 0.073235, 0.058643, 0.046643, 0.036850, 0.028918, 0.022542, 0.017453, 0.013423, 0.010255, 0.007782, 0.005867, 0.004397, 0.003279, 0.002441, 0.001828, 0.001398, 0.001126, 0.000994
0.000954, 0.001082, 0.001343, 0.001755, 0.002345, 0.003149, 0.004223, 0.005636, 0.007475, 0.009850, 0.012893, 0.016764, 0.021651, 0.027776, 0.035395, 0.044801, 0.056327, 0.070342, 0.087257, 0.107513, 0.131583, 0.159963, 0.193158, 0.231678, 0.276015, 0.326632, 0.383937, 0.448269, 0.519868, 0.598858, 0.685221, 0.778778, 0.879168, 0.985838, 1.098029, 1.214779, 1.334922, 1.457099, 1.579782, 1.701296, 1.819858, 1.933613, 2.040685, 2.139226, 2.227469, 2.303780, 2.366708, 2.415029, 2.447790, 2.464337, 2.464337, 2.447791, 2.415031, 2.366711, 2.303784, 2.227474, 2.139232, 2.040692, 1.933620, 1.819866, 1.701304, 1.579790, 1.457107, 1.334929, 1.214787, 1.098036, 0.985844, 0.879174, 0.778783, 0.685226, 0.598863, 0.519873, 0.448273, 0.383941, 0.326635, 0.276018, 0.231680, 0.193160, 0.159964, 0.131585, 0.107515, 0.087258, 0.070343, 0.056327, 0.044802, 0.035395, 0.027777, 0.021652, 0.016764, 0.012893, 0.009850, 0.007475, 0.005636, 0.004223, 0.003149, 0.002345, 0.001755, 0.001343, 0.001082, 0.000954
0.000910, 0.001032, 0.001281, 0.001675, 0.002237, 0.003004, 0.004029, 0.005376, 0.007130, 0.009396, 0.012299, 0.015992, 0.020654, 0.026497, 0.033764, 0.042737, 0.053732, 0.067102, 0.083238, 0.102561, 0.125522, 0.152594, 0.184260, 0.221005, 0.263300, 0.311584, 0.366250, 0.427618, 0.495919, 0.571269, 0.653654, 0.742900, 0.838665, 0.940420, 1.047444, 1.158815, 1.273423, 1.389971, 1.507002, 1.622918, 1.736018, 1.844532, 1.946670, 2.040672, 2.124850, 2.197645, 2.257673, 2.303768, 2.335019, 2.350804, 2.350805, 2.335021, 2.303770, 2.257677, 2.197649, 2.124855, 2.040678, 1.946676, 1.844538, 1.736025, 1.622926, 1.507009, 1.389978, 1.273430, 1.158822, 1.047450, 0.940427, 0.838671, 0.742905, 0.653659, 0.571274, 0.495923, 0.427622, 0.366254, 0.311588, 0.263303, 0.221007, 0.184262, 0.152595, 0.125523, 0.102562, 0.083239, 0.067103, 0.053733, 0.042738, 0.033765, 0.026497, 0.020654, 0.015992, 0.012299, 0.009396, 0.007130, 0.005376, 0.004029, 0.003004, 0.002237, 0.001675, 0.001281, 0.001032, 0.000910
0.000863, 0.000977, 0.001214, 0.001586, 0.002119, 0.002846, 0.003817, 0.005093, 0.006755, 0.008902, 0.011652, 0.015151, 0.019568, 0.025103, 0.031988, 0.040489, 0.050905, 0.063572, 0.078859, 0.097166, 0.118919, 0.144567, 0.174567, 0.209379, 0.249449, 0.295194, 0.346983, 0.405123, 0.469831, 0.541217, 0.619267, 0.703818, 0.794546, 0.890948, 0.992341, 1.097854, 1.206432, 1.316850, 1.427724, 1.537542, 1.644691, 1.747496, 1.844262, 1.933318, 2.013068, 2.082033, 2.138903, 2.182573, 2.212180, 2.227134, 2.227135, 2.212182, 2.182575, 2.138906, 2.082037, 2.013072, 1.933323, 1.844268, 1.747503, 1.644698, 1.537549, 1.427731, 1.316856, 1.206439, 1.097860, 0.992347, 0.890954, 0.794552, 0.703823, 0.619272, 0.541222, 0.469835, 0.405127, 0.346987, 0.295197, 0.249452, 0.209381, 0.174569, 0.144568, 0.118920, 0.097167, 0.078860, 0.063573, 0.050906, 0.040490, 0.031989, 0.025103, 0.019568, 0.015151, 0.011652, 0.008902, 0.006755, 0.005093, 0.003817, 0.002846, 0.002119, 0.001587, 0.001214, 0.000977, 0.000863
0.000812, 0.000920, 0.001142, 0.001493, 0.001994, 0.002678, 0.003591, 0.004792, 0.006356, 0.008376, 0.010964, 0.014255, 0.018411, 0.023620, 0.030098, 0.038096, 0.047897, 0.059816, 0.074199, 0.091423, 0.111891, 0.136023, 0.164250, 0.197005, 0.234707, 0.277748, 0.326477, 0.381181, 0.442064, 0.509232, 0.582669, 0.662223, 0.747589, 0.838294, 0.933694, 1.032971, 1.135132, 1.239024, 1.343346, 1.446673, 1.547490, 1.644219, 1.735266, 1.819059, 1.894095, 1.958984, 2.012493, 2.053582, 2.081440, 2.095510, 2.095511, 2.081441, 2.053585, 2.012496, 1.958987, 1.894099, 1.819063, 1.735271, 1.644225, 1.547496, 1.446679, 1.343352, 1.239030, 1.135139, 1.032977, 0.933700, 0.838300, 0.747594, 0.662228, 0.582674, 0.509237, 0.442068, 0.381185, 0.326481, 0.277751, 0.234710, 0.197007, 0.164252, 0.136025, 0.111893, 0.091425, 0.074200, 0.059816, 0.047898, 0.038097, 0.030098, 0.023620, 0.018412, 0.014256, 0.010964, 0.008376, 0.006356, 0.004792, 0.003591, 0.002678, 0.001994, 0.001493, 0.001142, 0.000920, 0.000812
0.000758, 0.000859, 0.001067, 0.001395, 0.001863, 0.002503, 0.003356, 0.004478, 0.005940, 0.007827, 0.010245, 0.013321, 0.017205, 0.022071, 0.028125, 0.035599, 0.044758, 0.055895, 0.069335, 0.085431, 0.104557, 0.127107, 0.153484, 0.184092, 0.219323, 0.259543, 0.305078, 0.356196, 0.413088, 0.475853, 0.544477, 0.618816, 0.698586, 0.783345, 0.872491, 0.965260, 1.060725, 1.157807, 1.255290, 1.351845, 1.446053, 1.536441, 1.621520, 1.699820, 1.769938, 1.830573, 1.880575, 1.918970, 1.945002, 1.958151, 1.958151, 1.945003, 1.918972, 1.880577, 1.830577, 1.769942, 1.699825, 1.621525, 1.536446, 1.446058, 1.351851, 1.255296, 1.157813, 1.060731, 0.965266, 0.872497, 0.783350, 0.698591, 0.618821, 0.544481, 0.475857, 0.413092, 0.356199, 0.305081, 0.259545, 0.219325, 0.184094, 0.153486, 0.127109, 0.104558, 0.085432, 0.069336, 0.055896, 0.044758, 0.035600, 0.028126, 0.022072, 0.017205, 0.013321, 0.010245, 0.007827, 0.005940, 0.004478, 0.003356, 0.002503, 0.001863, 0.001395, 0.001067, 0.000859, 0.000758
0.000704, 0.000798, 0.000991, 0.001295, 0.001729, 0.002323, 0.003114, 0.004156, 0.005512, 0.007264, 0.009508, 0.012363, 0.015967, 0.020483, 0.026102, 0.033038, 0.041537, 0.051873, 0.064347, 0.079284, 0.097034, 0.117962, 0.142441, 0.170846, 0.203542, 0.240868, 0.283126, 0.330566, 0.383365, 0.441614, 0.505299, 0.574290, 0.648320, 0.726979, 0.809711, 0.895805, 0.984401, 1.074497, 1.164967, 1.254573, 1.342002, 1.425886, 1.504843, 1.577510, 1.642581, 1.698854, 1.745257, 1.780890, 1.805049, 1.817251, 1.817252, 1.805050, 1.780892, 1.745259, 1.698857, 1.642585, 1.577514, 1.504848, 1.425891, 1.342007, 1.254578, 1.164973, 1.074503, 0.984406, 0.895811, 0.809717, 0.726985, 0.648324, 0.574294, 0.505304, 0.441618, 0.383368, 0.330569, 0.283129, 0.240870, 0.203544, 0.170848, 0.142442, 0.117963, 0.097035, 0.079285, 0.064347, 0.051874, 0.041538, 0.033038, 0.026102, 0.020484, 0.015967, 0.012363, 0.009508, 0.007264, 0.005512, 0.004156, 0.003114, 0.002323, 0.001729, 0.001295, 0.000991, 0.000798, 0.000704
0.000649, 0.000735, 0.000913, 0.001193, 0.001594, 0.002141, 0.002871, 0.003830, 0.005081, 0.006695, 0.008763, 0.011394, 0.014716, 0.018879, 0.024058, 0.030451, 0.038284, 0.047811, 0.059307, 0.073075, 0.089435, 0.108723, 0.131286, 0.157466, 0.187601, 0.222004, 0.260953, 0.304677, 0.353341, 0.407028, 0.465726, 0.529313, 0.597544, 0.670044, 0.746297, 0.825648, 0.907305, 0.990345, 1.073729, 1.156318, 1.236899, 1.314214, 1.386987, 1.453962, 1.513938, 1.565803, 1.608572, 1.641414, 1.663681, 1.674928, 1.674928, 1.663682, 1.641416, 1.608575, 1.565806, 1.513941, 1.453966, 1.386991, 1.314219, 1.236904, 1.156323, 1.073734, 0.990350, 0.907310, 0.825653, 0.746302, 0.670049, 0.597549, 0.529317, 0.465730, 0.407032, 0.353345, 0.304680, 0.260956, 0.222006, 0.187603, 0.157468, 0.131287, 0.108725, 0.089436, 0.073076, 0.059308, 0.047811, 0.038285, 0.030451, 0.024058, 0.018880, 0.014716, 0.011395, 0.008763, 0.006695, 0.005081, 0.003831, 0.002871, 0.002141, 0.001594, 0.001193, 0.000913, 0.000735, 0.000649
0.000594, 0.000673, 0.000836, 0.001092, 0.001459, 0.001960, 0.002628, 0.003506, 0.004651, 0.006128, 0.008022, 0.010430, 0.013471, 0.017281, 0.022021, 0.027874, 0.035044, 0.043764, 0.054288, 0.066890, 0.081866, 0.099522, 0.120174, 0.144139, 0.171724, 0.203215, 0.238867, 0.278891, 0.323436, 0.372579, 0.426309, 0.484514, 0.546970, 0.613334, 0.683133, 0.755768, 0.830514, 0.906525, 0.982851, 1.058450, 1.132212, 1.202983, 1.269596, 1.330902, 1.385802, 1.433278, 1.472427, 1.502489, 1.522871, 1.533165, 1.533166, 1.522872, 1.502490, 1.472429, 1.433280, 1.385805, 1.330906, 1.269600, 1.202987, 1.132216, 1.058455, 0.982856, 0.906530, 0.830518, 0.755773, 0.683138, 0.613338, 0.546974, 0.484518, 0.426312, 0.372582, 0.323439, 0.278894, 0.238870, 0.203217, 0.171726, 0.144141, 0.120176, 0.099523, 0.081867, 0.066891, 0.054289, 0.043765, 0.035045, 0.027874, 0.022022, 0.017282, 0.013471, 0.010430, 0.008022, 0.006128, 0.004651, 0.003506, 0.002628, 0.001960, 0.001459, 0.001092, 0.000836, 0.000673, 0.000594
0.000540, 0.000612, 0.000760, 0.000993, 0.001326, 0.001781, 0.002389, 0.003188, 0.004228, 0.005571, 0.007292, 0.009482, 0.012246, 0.015710, 0.020020, 0.025340, 0.031858, 0.039786, 0.049353, 0.060809, 0.074423, 0.090474, 0.109249, 0.131035, 0.156112, 0.184740, 0.217151, 0.253536, 0.294031, 0.338707, 0.387552, 0.440465, 0.497243, 0.557573, 0.621027, 0.687059, 0.755009, 0.824110, 0.893497, 0.962222, 1.029278, 1.093615, 1.154172, 1.209905, 1.259812, 1.302972, 1.338562, 1.365891, 1.384420, 1.393779, 1.393779, 1.384421, 1.365892, 1.338564, 1.302974, 1.259815, 1.209908, 1.154175, 1.093618, 1.029282, 0.962226, 0.893501, 0.824114, 0.755013, 0.687063, 0.621031, 0.557577, 0.497247, 0.440469, 0.387555, 0.338710, 0.294034, 0.253539, 0.217153, 0.184742, 0.156114, 0.131037, 0.109250, 0.090475, 0.074424, 0.060810, 0.049353, 0.039786, 0.031859, 0.025340, 0.020020, 0.015711, 0.012246, 0.009482, 0.007293, 0.005571, 0.004228, 0.003188, 0.002389, 0.001781, 0.001326, 0.000993, 0.000760, 0.000612, 0.000540
0.000487, 0.000552, 0.000686, 0.000896, 0.001197, 0.001608, 0.002157, 0.002878, 0.003817, 0.005030, 0.006584, 0.008561, 0.011057, 0.014184, 0.018075, 0.022878, 0.028763, 0.035921, 0.044558, 0.054902, 0.067193, 0.081685, 0.098636, 0.118306, 0.140946, 0.166793, 0.196056, 0.228906, 0.265467, 0.305802, 0.349902, 0.397675, 0.448937, 0.503406, 0.560695, 0.620312, 0.681661, 0.744049, 0.806695, 0.868744, 0.929285, 0.987372, 1.042046, 1.092364, 1.137423, 1.176390, 1.208522, 1.233196, 1.249925, 1.258374, 1.258375, 1.249926, 1.233197, 1.208524, 1.176392, 1.137426, 1.092366, 1.042049, 0.987375, 0.929288, 0.868747, 0.806698, 0.744053, 0.681665, 0.620316, 0.560698, 0.503409, 0.448940, 0.397678, 0.349905, 0.305805, 0.265469, 0.228908, 0.196057, 0.166795, 0.140948, 0.118307, 0.098637, 0.081686, 0.067194, 0.054903, 0.044559, 0.035921, 0.028764, 0.022878, 0.018075, 0.014184, 0.011057, 0.008561, 0.006584, 0.005030, 0.003817, 0.002878, 0.002157, 0.001608, 0.001197, 0.000896, 0.000686, 0.000552, 0.000487
0.000437, 0.000495, 0.000615, 0.000804, 0.001074, 0.001442, 0.001934, 0.002581, 0.003423, 0.004510, 0.005904, 0.007676, 0.009914, 0.012718, 0.016207, 0.020514, 0.025791, 0.032209, 0.039954, 0.049228, 0.060250, 0.073244, 0.088443, 0.106080, 0.126381, 0.149557, 0.175795, 0.205251, 0.238034, 0.274201, 0.313743, 0.356579, 0.402544, 0.451384, 0.502752, 0.556209, 0.611218, 0.667158, 0.723330, 0.778967, 0.833251, 0.885335, 0.934359, 0.979477, 1.019880, 1.054820, 1.083632, 1.105756, 1.120756, 1.128332, 1.128332, 1.120757, 1.105757, 1.083633, 1.054822, 1.019882, 0.979480, 0.934362, 0.885338, 0.833255, 0.778970, 0.723334, 0.667162, 0.611221, 0.556212, 0.502755, 0.451387, 0.402547, 0.356582, 0.313746, 0.274203, 0.238036, 0.205253, 0.175797, 0.149558, 0.126382, 0.106081, 0.088444, 0.073244, 0.060250, 0.049229, 0.039954, 0.032209, 0.025791, 0.020514, 0.016207, 0.012719, 0.009914, 0.007676, 0.005904, 0.004510, 0.003423, 0.002581, 0.001934, 0.001442, 0.001074, 0.000804, 0.000615, 0.000495, 0.000437
0.000389, 0.000441, 0.000548, 0.000716, 0.000956, 0.001284, 0.001722, 0.002298, 0.003048, 0.004016, 0.005257, 0.006836, 0.008829, 0.011326, 0.014432, 0.018268, 0.022967, 0.028682, 0.035579, 0.043838, 0.053653, 0.065224, 0.078759, 0.094465, 0.112543, 0.133182, 0.156547, 0.182778, 0.211971, 0.244178, 0.279391, 0.317537, 0.358469, 0.401961, 0.447705, 0.495309, 0.544295, 0.594111, 0.644132, 0.693677, 0.742017, 0.788398, 0.832055, 0.872232, 0.908211, 0.939326, 0.964983, 0.984685, 0.998042, 1.004789, 1.004790, 0.998043, 0.984686, 0.964984, 0.939327, 0.908213, 0.872235, 0.832057, 0.788401, 0.742020, 0.693680, 0.644135, 0.594114, 0.544298, 0.495312, 0.447708, 0.401964, 0.358471, 0.317539, 0.279393, 0.244180, 0.211973, 0.182779, 0.156549, 0.133183, 0.112545, 0.094466, 0.078760, 0.065225, 0.053654, 0.043839, 0.035580, 0.028683, 0.022968, 0.018268, 0.014433, 0.011326, 0.008829, 0.006836, 0.005257, 0.004016, 0.003048, 0.002298, 0.001722, 0.001284, 0.000956, 0.000716, 0.000548, 0.000441, 0.000389
0.000344, 0.000390, 0.000484, 0.000633, 0.000846, 0.001136, 0.001523, 0.002032, 0.002696, 0.003552, 0.004650, 0.006046, 0.007808, 0.010017, 0.012764, 0.016156, 0.020312, 0.025367, 0.031466, 0.038771, 0.047451, 0.057684, 0.069655, 0.083545, 0.099533, 0.117786, 0.138451, 0.161649, 0.187468, 0.215951, 0.247094, 0.280830, 0.317030, 0.355494, 0.395951, 0.438051, 0.481374, 0.525431, 0.569670, 0.613488, 0.656240, 0.697259, 0.735869, 0.771402, 0.803222, 0.830739, 0.853430, 0.870854, 0.882668, 0.888635, 0.888635, 0.882668, 0.870855, 0.853431, 0.830740, 0.803223, 0.771404, 0.735871, 0.697262, 0.656243, 0.613490, 0.569673, 0.525434, 0.481377, 0.438053, 0.395953, 0.355497, 0.317032, 0.280832, 0.247096, 0.215953, 0.187469, 0.161650, 0.138452, 0.117787, 0.099535, 0.083546, 0.069656, 0.057685, 0.047451, 0.038771, 0.031467, 0.025367, 0.020313, 0.016156, 0.012764, 0.010017, 0.007808, 0.006046, 0.004650, 0.003552, 0.002696, 0.002032, 0.001523, 0.001136, 0.000846, 0.000633, 0.000484, 0.000390, 0.000344
0.000302, 0.000343, 0.000425, 0.000556, 0.000743, 0.000998, 0.001338, 0.001785, 0.002368, 0.003120, 0.004084, 0.005310, 0.006858, 0.008798, 0.011211, 0.014190, 0.017841, 0.022280, 0.027638, 0.034054, 0.041678, 0.050666, 0.061180, 0.073381, 0.087424, 0.103455, 0.121606, 0.141981, 0.164659, 0.189677, 0.217030, 0.246662, 0.278458, 0.312242, 0.347776, 0.384753, 0.422806, 0.461502, 0.500359, 0.538846, 0.576397, 0.612425, 0.646337, 0.677547, 0.705495, 0.729664, 0.749594, 0.764899, 0.775275, 0.780516, 0.780516, 0.775275, 0.764899, 0.749595, 0.729665, 0.705497, 0.677548, 0.646339, 0.612427, 0.576399, 0.538848, 0.500362, 0.461505, 0.422808, 0.384756, 0.347778, 0.312244, 0.278460, 0.246664, 0.217032, 0.189679, 0.164660, 0.141983, 0.121607, 0.103456, 0.087425, 0.073381, 0.061181, 0.050667, 0.041678, 0.034054, 0.027638, 0.022281, 0.017841, 0.014191, 0.011211, 0.008798, 0.006858, 0.005310, 0.004084, 0.003120, 0.002368, 0.001785, 0.001338, 0.000998, 0.000743, 0.000556, 0.000425, 0.000343, 0.000302
0.000264, 0.000299, 0.000371, 0.000485, 0.000648, 0.000870, 0.001167, 0.001557, 0.002065, 0.002721, 0.003562, 0.004632, 0.005982, 0.007675, 0.009780, 0.012378, 0.015563, 0.019435, 0.024109, 0.029705, 0.036356, 0.044196, 0.053368, 0.064010, 0.076260, 0.090245, 0.106077, 0.123851, 0.143633, 0.165457, 0.189317, 0.215165, 0.242900, 0.272371, 0.303367, 0.335622, 0.368815, 0.402571, 0.436466, 0.470037, 0.502793, 0.534221, 0.563803, 0.591027, 0.615407, 0.636490, 0.653875, 0.667225, 0.676276, 0.680848, 0.680848, 0.676277, 0.667226, 0.653876, 0.636491, 0.615408, 0.591029, 0.563805, 0.534223, 0.502795, 0.470039, 0.436468, 0.402573, 0.368818, 0.335625, 0.303369, 0.272373, 0.242902, 0.215166, 0.189319, 0.165458, 0.143634, 0.123852, 0.106078, 0.090246, 0.076261, 0.064011, 0.053369, 0.044197, 0.036356, 0.029706, 0.024109, 0.019436, 0.015563, 0.012379, 0.009780, 0.007675, 0.005982, 0.004632, 0.003562, 0.002722, 0.002065, 0.001557, 0.001167, 0.000870, 0.000648, 0.000485, 0.000371, 0.000299, 0.000264
0.000228, 0.000259, 0.000322, 0.000420, 0.000561, 0.000754, 0.001011, 0.001349, 0.001789, 0.002358, 0.003086, 0.004013, 0.005183, 0.006649, 0.008472, 0.010724, 0.013482, 0.016837, 0.020886, 0.025734, 0.031496, 0.038288, 0.046234, 0.055454, 0.066066, 0.078181, 0.091897, 0.107295, 0.124432, 0.143338, 0.164009, 0.186402, 0.210429, 0.235960, 0.262813, 0.290756, 0.319512, 0.348755, 0.378118, 0.407202, 0.435579, 0.462806, 0.488433, 0.512018, 0.533139, 0.551403, 0.566465, 0.578030, 0.585871, 0.589831, 0.589832, 0.585871, 0.578030, 0.566465, 0.551404, 0.533140, 0.512020, 0.488435, 0.462808, 0.435581, 0.407204, 0.378120, 0.348756, 0.319514, 0.290758, 0.262814, 0.235962, 0.210431, 0.186403, 0.164011, 0.143340, 0.124433, 0.107296, 0.091898, 0.078182, 0.066066, 0.055454, 0.046234, 0.038289, 0.031496, 0.025735, 0.020886, 0.016838, 0.013483, 0.010724, 0.008472, 0.006649, 0.005183, 0.004013, 0.003086, 0.002358, 0.001789, 0.001349, 0.001011, 0.000754, 0.000561, 0.000420, 0.000322, 0.000259, 0.000228
0.000197, 0.000223, 0.000277, 0.000362, 0.000483, 0.000649, 0.000870, 0.001161, 0.001539, 0.002029, 0.002655, 0.003452, 0.004459, 0.005720, 0.007289, 0.009226, 0.011600, 0.014486, 0.017970, 0.022141, 0.027098, 0.032942, 0.039778, 0.047711, 0.056841, 0.067265, 0.079066, 0.092314, 0.107058, 0.123325, 0.141109, 0.160375, 0.181048, 0.203014, 0.226117, 0.250159, 0.274900, 0.300060, 0.325323, 0.350346, 0.374761, 0.398186, 0.420235, 0.440527, 0.458699, 0.474413, 0.487371, 0.497322, 0.504068, 0.507476, 0.507476, 0.504068, 0.497322, 0.487372, 0.474414, 0.458700, 0.440528, 0.420236, 0.398187, 0.374762, 0.350348, 0.325325, 0.300061, 0.274902, 0.250161, 0.226119, 0.203016, 0.181050, 0.160376, 0.141111, 0.123326, 0.107059, 0.092315, 0.079067, 0.067266, 0.056842, 0.047711, 0.039779, 0.032943, 0.027098, 0.022142, 0.017970, 0.014487, 0.011600, 0.009227, 0.007289, 0.005720, 0.004459, 0.003453, 0.002655, 0.002029, 0.001539, 0.001161, 0.000870, 0.000649, 0.000483, 0.000362, 0.000277, 0.000223, 0.000197
0.000168, 0.000190, 0.000236, 0.000309, 0.000413, 0.000554, 0.000743, 0.000992, 0.001315, 0.001733, 0.002269, 0.002950, 0.003810, 0.004888, 0.006229, 0.007884, 0.009912, 0.012378, 0.015355, 0.018919, 0.023155, 0.028148, 0.033989, 0.040768, 0.048569, 0.057476, 0.067560, 0.078879, 0.091478, 0.105377, 0.120574, 0.137036, 0.154700, 0.173469, 0.193210, 0.213754, 0.234894, 0.256392, 0.277979, 0.299360, 0.320222, 0.340237, 0.359077, 0.376416, 0.391943, 0.405371, 0.416443, 0.424946, 0.430710, 0.433622, 0.433622, 0.430710, 0.424946, 0.416444, 0.405372, 0.391944, 0.376417, 0.359079, 0.340239, 0.320223, 0.299361, 0.277980, 0.256393, 0.234895, 0.213755, 0.193212, 0.173471, 0.154701, 0.137037, 0.120575, 0.105378, 0.091479, 0.078880, 0.067560, 0.057477, 0.048570, 0.040768, 0.033990, 0.028149, 0.023155, 0.018919, 0.015355, 0.012378, 0.009912, 0.007884, 0.006229, 0.004888, 0.003810, 0.002950, 0.002269, 0.001733, 0.001315, 0.000992, 0.000743, 0.000554, 0.000413, 0.000309, 0.000236, 0.000190, 0.000168
0.000143, 0.000162, 0.000201, 0.000262, 0.000350, 0.000470, 0.000631, 0.000842, 0.001116, 0.001471, 0.001925, 0.002503, 0.003233, 0.004148, 0.005286, 0.006690, 0.008411, 0.010504, 0.013030, 0.016055, 0.019649, 0.023887, 0.028844, 0.034596, 0.041216, 0.048774, 0.057331, 0.066938, 0.077629, 0.089424, 0.102319, 0.116289, 0.131279, 0.147207, 0.163959, 0.181392, 0.199332, 0.217575, 0.235894, 0.254038, 0.271741, 0.288727, 0.304715, 0.319428, 0.332605, 0.343999, 0.353395, 0.360610, 0.365502, 0.367973, 0.367973, 0.365503, 0.360611, 0.353396, 0.344000, 0.332605, 0.319429, 0.304716, 0.288728, 0.271742, 0.254039, 0.235895, 0.217576, 0.199333, 0.181393, 0.163960, 0.147208, 0.131280, 0.116290, 0.102320, 0.089425, 0.077630, 0.066938, 0.057332, 0.048775, 0.041217, 0.034596, 0.028844, 0.023887, 0.019649, 0.016055, 0.013030, 0.010504, 0.008411, 0.006690, 0.005286, 0.004148, 0.003233, 0.002503, 0.001925, 0.001471, 0.001116, 0.000842, 0.000631, 0.000470, 0.000350, 0.000262, 0.000201, 0.000162, 0.000143
0.000120, 0.000136, 0.000169, 0.000221, 0.000295, 0.000396, 0.000532, 0.000709, 0.000941, 0.001240, 0.001623, 0.002110, 0.002725, 0.003496, 0.004455, 0.005638, 0.007089, 0.008853, 0.010981, 0.013531, 0.016560, 0.020131, 0.024309, 0.029157, 0.034736, 0.041106, 0.048318, 0.056414, 0.065424, 0.075365, 0.086233, 0.098006, 0.110640, 0.124063, 0.138182, 0.152874, 0.167993, 0.183368, 0.198806, 0.214098, 0.229018, 0.243333, 0.256807, 0.269208, 0.280312, 0.289915, 0.297834, 0.303915, 0.308038, 0.310120, 0.310120, 0.308038, 0.303915, 0.297835, 0.289916, 0.280313, 0.269208, 0.256808, 0.243334, 0.229019, 0.214099, 0.198807, 0.183369, 0.167994, 0.152875, 0.138182, 0.124064, 0.110640, 0.098007, 0.086233, 0.075365, 0.065425, 0.056414, 0.048318, 0.041107, 0.034737, 0.029157, 0.024309, 0.020132, 0.016560, 0.013531, 0.010982, 0.008853, 0.007089, 0.005638, 0.004455, 0.003496, 0.002725, 0.002110, 0.001623, 0.001240, 0.000941, 0.000709, 0.000532, 0.000396, 0.000295, 0.000221, 0.000169, 0.000136, 0.000120
0.000101, 0.000114, 0.000142, 0.000185, 0.000247, 0.000332, 0.000445, 0.000594, 0.000787, 0.001038, 0.001358, 0.001766, 0.002281, 0.002926, 0.003728, 0.004719, 0.005933, 0.007410, 0.009191, 0.011325, 0.013861, 0.016850, 0.020346, 0.024404, 0.029074, 0.034406, 0.040442, 0.047218, 0.054760, 0.063080, 0.072176, 0.082031, 0.092605, 0.103840, 0.115657, 0.127954, 0.140609, 0.153478, 0.166400, 0.179199, 0.191686, 0.203668, 0.214946, 0.225325, 0.234619, 0.242657, 0.249285, 0.254375, 0.257825, 0.259568, 0.259568, 0.257825, 0.254375, 0.249285, 0.242657, 0.234620, 0.225326, 0.214946, 0.203669, 0.191687, 0.179199, 0.166400, 0.153479, 0.140610, 0.127955, 0.115658, 0.103841, 0.092605, 0.082031, 0.072177, 0.063080, 0.054760, 0.047218, 0.040442, 0.034406, 0.029074, 0.024404, 0.020347, 0.016850, 0.013861, 0.011325, 0.009192, 0.007410, 0.005933, 0.004719, 0.003729, 0.002926, 0.002281, 0.001766, 0.001358, 0.001038, 0.000787, 0.000594, 0.000445, 0.000332, 0.000247, 0.000185, 0.000142, 0.000114, 0.000101
0.000084, 0.000095, 0.000118, 0.000154, 0.000205, 0.000276, 0.000370, 0.000493, 0.000655, 0.000862, 0.001129, 0.001468, 0.001896, 0.002432, 0.003099, 0.003923, 0.004932, 0.006159, 0.007640, 0.009414, 0.011522, 0.014006, 0.016913, 0.020286, 0.024168, 0.028600, 0.033617, 0.039250, 0.045519, 0.052435, 0.059996, 0.068188, 0.076977, 0.086317, 0.096140, 0.106362, 0.116881, 0.127578, 0.138319, 0.148958, 0.159339, 0.169298, 0.178673, 0.187301, 0.195027, 0.201708, 0.207217, 0.211448, 0.214316, 0.215765, 0.215765, 0.214317, 0.211448, 0.207218, 0.201708, 0.195027, 0.187301, 0.178674, 0.169299, 0.159339, 0.148959, 0.138320, 0.127579, 0.116881, 0.106362, 0.096140, 0.086317, 0.076978, 0.068188, 0.059997, 0.052435, 0.045519, 0.039250, 0.033617, 0.028600, 0.024168, 0.020286, 0.016913, 0.014007, 0.011522, 0.009414, 0.007640, 0.006159, 0.004932, 0.003923, 0.003099, 0.002432, 0.001896, 0.001468, 0.001129, 0.000863, 0.000655, 0.000493, 0.000370, 0.000276, 0.000205, 0.000154, 0.000118, 0.000095, 0.000084
0.000069, 0.000078, 0.000097, 0.000127, 0.000169, 0.000228, 0.000305, 0.000407, 0.000540, 0.000712, 0.000932, 0.001212, 0.001565, 0.002008, 0.002559, 0.003239, 0.004072, 0.005085, 0.006307, 0.007772, 0.009512, 0.011563, 0.013962, 0.016747, 0.019951, 0.023610, 0.027752, 0.032402, 0.037578, 0.043287, 0.049529, 0.056292, 0.063548, 0.071258, 0.079367, 0.087806, 0.096490, 0.105321, 0.114188, 0.122971, 0.131541, 0.139763, 0.147502, 0.154624, 0.161002, 0.166518, 0.171066, 0.174559, 0.176927, 0.178123, 0.178123, 0.176927, 0.174559, 0.171067, 0.166518, 0.161003, 0.154625, 0.147502, 0.139763, 0.131541, 0.122972, 0.114189, 0.105321, 0.096490, 0.087806, 0.079368, 0.071258, 0.063548, 0.056292, 0.049530, 0.043287, 0.037578, 0.032403, 0.027753, 0.023610, 0.019952, 0.016747, 0.013962, 0.011563, 0.009512, 0.007772, 0.006308, 0.005085, 0.004072, 0.003239, 0.002559, 0.002008, 0.001565, 0.001212, 0.000932, 0.000712, 0.000540, 0.000407, 0.000305, 0.000228, 0.000169, 0.000127, 0.000097, 0.000078, 0.000069
0.000057, 0.000064, 0.000080, 0.000104, 0.000139, 0.000187, 0.000250, 0.000334, 0.000443, 0.000584, 0.000764, 0.000994, 0.001283, 0.001646, 0.002098, 0.002655, 0.003338, 0.004169, 0.005171, 0.006372, 0.007798, 0.009480, 0.011447, 0.013730, 0.016358, 0.019357, 0.022753, 0.026566, 0.030809, 0.035490, 0.040608, 0.046152, 0.052101, 0.058422, 0.065071, 0.071990, 0.079109, 0.086349, 0.093620, 0.100821, 0.107846, 0.114587, 0.120932, 0.126772, 0.132001, 0.136523, 0.140252, 0.143116, 0.145057, 0.146038, 0.146038, 0.145057, 0.143116, 0.140252, 0.136523, 0.132001, 0.126772, 0.120933, 0.114588, 0.107847, 0.100821, 0.093620, 0.086350, 0.079110, 0.071990, 0.065071, 0.058423, 0.052102, 0.046152, 0.040608, 0.035490, 0.030809, 0.026566, 0.022754, 0.019357, 0.016358, 0.013730, 0.011447, 0.009480, 0.007798, 0.006372, 0.005171, 0.004169, 0.003338, 0.002655, 0.002098, 0.001646, 0.001283, 0.000994, 0.000764, 0.000584, 0.000443, 0.000334, 0.000250, 0.000187, 0.000139, 0.000104, 0.000080, 0.000064, 0.000057
0.000046, 0.000052, 0.000065, 0.000085, 0.000113, 0.000152, 0.000204, 0.000272, 0.000361, 0.000475, 0.000622, 0.000809, 0.001045, 0.001340, 0.001708, 0.002162, 0.002718, 0.003394, 0.004211, 0.005188, 0.006350, 0.007719, 0.009321, 0.011180, 0.013319, 0.015762, 0.018527, 0.021631, 0.025086, 0.028897, 0.033065, 0.037579, 0.042423, 0.047570, 0.052983, 0.058617, 0.064414, 0.070309, 0.076229, 0.082092, 0.087813, 0.093302, 0.098468, 0.103223, 0.107481, 0.111163, 0.114199, 0.116531, 0.118111, 0.118910, 0.118910, 0.118111, 0.116531, 0.114199, 0.111163, 0.107481, 0.103223, 0.098468, 0.093302, 0.087813, 0.082093, 0.076229, 0.070310, 0.064414, 0.058617, 0.052984, 0.047570, 0.042423, 0.037579, 0.033065, 0.028898, 0.025086, 0.021631, 0.018527, 0.015762, 0.013319, 0.011180, 0.009321, 0.007719, 0.006350, 0.005188, 0.004211, 0.003395, 0.002718, 0.002162, 0.001708, 0.001340, 0.001045, 0.000809, 0.000622, 0.000475, 0.000361, 0.000272, 0.000204, 0.000152, 0.000113, 0.000085, 0.000065, 0.000052, 0.000046
0.000037, 0.000042, 0.000052, 0.000069, 0.000092, 0.000123, 0.000165, 0.000220, 0.000292, 0.000384, 0.000503, 0.000654, 0.000845, 0.001084, 0.001381, 0.001748, 0.002198, 0.002745, 0.003405, 0.004195, 0.005135, 0.006242, 0.007537, 0.009040, 0.010770, 0.012746, 0.014982, 0.017492, 0.020286, 0.023368, 0.026738, 0.030388, 0.034305, 0.038467, 0.042845, 0.047400, 0.052088, 0.056856, 0.061642, 0.066384, 0.071010, 0.075448, 0.079626, 0.083471, 0.086914, 0.089892, 0.092347, 0.094232, 0.095511, 0.096156, 0.096156, 0.095511, 0.094232, 0.092347, 0.089892, 0.086914, 0.083471, 0.079626, 0.075449, 0.071010, 0.066384, 0.061643, 0.056856, 0.052089, 0.047401, 0.042845, 0.038468, 0.034305, 0.030388, 0.026738, 0.023368, 0.020286, 0.017492, 0.014982, 0.012746, 0.010771, 0.009041, 0.007537, 0.006242, 0.005135, 0.004195, 0.003405, 0.002745, 0.002198, 0.001748, 0.001381, 0.001084, 0.000845, 0.000654, 0.000503, 0.000384, 0.000292, 0.000220, 0.000165, 0.000123, 0.000092, 0.000069, 0.000052, 0.000042, 0.000037
0.000030, 0.000034, 0.000042, 0.000055, 0.000073, 0.000099, 0.000132, 0.000177, 0.000234, 0.000309, 0.000404, 0.000525, 0.000679, 0.000871, 0.001109, 0.001404, 0.001765, 0.002204, 0.002735, 0.003369, 0.004124, 0.005013, 0.006053, 0.007260, 0.008650, 0.010236, 0.012032, 0.014048, 0.016291, 0.018767, 0.021473, 0.024405, 0.027550, 0.030893, 0.034409, 0.038067, 0.041832, 0.045660, 0.049505, 0.053313, 0.057028, 0.060592, 0.063947, 0.067035, 0.069800, 0.072192, 0.074163, 0.075678, 0.076704, 0.077223, 0.077223, 0.076704, 0.075678, 0.074164, 0.072192, 0.069801, 0.067035, 0.063948, 0.060593, 0.057028, 0.053313, 0.049505, 0.045661, 0.041832, 0.038067, 0.034409, 0.030893, 0.027551, 0.024405, 0.021473, 0.018767, 0.016291, 0.014048, 0.012032, 0.010236, 0.008650, 0.007260, 0.006053, 0.005013, 0.004124, 0.003369, 0.002735, 0.002205, 0.001765, 0.001404, 0.001109, 0.000871, 0.000679, 0.000525, 0.000404, 0.000309, 0.000234, 0.000177, 0.000132, 0.000099, 0.000073, 0.000055, 0.000042, 0.000034, 0.000030
0.000024, 0.000027, 0.000034, 0.000044, 0.000059, 0.000079, 0.000106, 0.000141, 0.000187, 0.000246, 0.000322, 0.000419, 0.000541, 0.000694, 0.000885, 0.001120, 0.001408, 0.001758, 0.002181, 0.002687, 0.003289, 0.003998, 0.004828, 0.005791, 0.006899, 0.008164, 0.009596, 0.011204, 0.012994, 0.014968, 0.017126, 0.019465, 0.021974, 0.024640, 0.027444, 0.030362, 0.033364, 0.036418, 0.039484, 0.042521, 0.045484, 0.048327, 0.051003, 0.053466, 0.055671, 0.057579, 0.059151, 0.060359, 0.061178, 0.061591, 0.061591, 0.061178, 0.060359, 0.059151, 0.057579, 0.055671, 0.053466, 0.051003, 0.048327, 0.045484, 0.042521, 0.039484, 0.036418, 0.033364, 0.030362, 0.027444, 0.024640, 0.021974, 0.019465, 0.017126, 0.014968, 0.012994, 0.011204, 0.009596, 0.008164, 0.006899, 0.005791, 0.004828, 0.003998, 0.003289, 0.002687, 0.002181, 0.001758, 0.001408, 0.001120, 0.000885, 0.000694, 0.000541, 0.000419, 0.000322, 0.000246, 0.000187, 0.000141, 0.000106, 0.000079, 0.000059, 0.000044, 0.000034, 0.000027, 0.000024
0.000019, 0.000021, 0.000027, 0.000035, 0.000046, 0.000062, 0.000084, 0.000112, 0.000148, 0.000195, 0.000255, 0.000332, 0.000429, 0.000550, 0.000701, 0.000887, 0.001115, 0.001393, 0.001728, 0.002129, 0.002605, 0.003167, 0.003824, 0.004587, 0.005465, 0.006467, 0.007601, 0.008875, 0.010292, 0.011856, 0.013566, 0.015418, 0.017405, 0.019517, 0.021738, 0.024049, 0.026428, 0.028847, 0.031275, 0.033681, 0.036028, 0.038280, 0.040400, 0.042350, 0.044097, 0.045608, 0.046854, 0.047810, 0.048459, 0.048786, 0.048786, 0.048459, 0.047810, 0.046854, 0.045608, 0.044097, 0.042351, 0.040400, 0.038280, 0.036028, 0.033681, 0.031275, 0.028847, 0.026428, 0.024050, 0.021738, 0.019517, 0.017405, 0.015418, 0.013566, 0.011856, 0.010292, 0.008875, 0.007601, 0.006467, 0.005465, 0.004587, 0.003824, 0.003167, 0.002605, 0.002129, 0.001728, 0.001393, 0.001115, 0.000887, 0.000701, 0.000550, 0.000429, 0.000332, 0.000255, 0.000195, 0.000148, 0.000112, 0.000084, 0.000062, 0.000046, 0.000035, 0.000027, 0.000021, 0.000019
0.000015, 0.000017, 0.000021, 0.000027, 0.000037, 0.000049, 0.000066, 0.000088, 0.000116, 0.000153, 0.000201, 0.000261, 0.000337, 0.000433, 0.000551, 0.000698, 0.000877, 0.001096, 0.001359, 0.001675, 0.002049, 0.002491, 0.003008, 0.003608, 0.004299, 0.005087, 0.005980, 0.006981, 0.008097, 0.009327, 0.010672, 0.012129, 0.013692, 0.015353, 0.017101, 0.018919, 0.020790, 0.022692, 0.024603, 0.026495, 0.028342, 0.030113, 0.031781, 0.033315, 0.034690, 0.035878, 0.036858, 0.037610, 0.038121, 0.038378, 0.038378, 0.038121, 0.037610, 0.036858, 0.035878, 0.034690, 0.033315, 0.031781, 0.030113, 0.028342, 0.026496, 0.024603, 0.022693, 0.020790, 0.018919, 0.017101, 0.015353, 0.013692, 0.012129, 0.010672, 0.009327, 0.008097, 0.006982, 0.005980, 0.005087, 0.004299, 0.003608, 0.003008, 0.002491, 0.002049, 0.001675, 0.001359, 0.001096, 0.000877, 0.000698, 0.000551, 0.000433, 0.000337, 0.000261, 0.000201, 0.000153, 0.000116, 0.000088, 0.000066, 0.000049, 0.000037, 0.000027, 0.000021, 0.000017, 0.000015
0.000012, 0.000013, 0.000016, 0.000021, 0.000029, 0.000038, 0.000051, 0.000069, 0.000091, 0.000120, 0.000157, 0.000204, 0.000263, 0.000338, 0.000431, 0.000545, 0.000685, 0.000856, 0.001062, 0.001308, 0.001601, 0.001946, 0.002350, 0.002819, 0.003358, 0.003974, 0.004672, 0.005454, 0.006325, 0.007287, 0.008337, 0.009476, 0.010697, 0.011995, 0.013360, 0.014780, 0.016242, 0.017729, 0.019221, 0.020700, 0.022142, 0.023526, 0.024829, 0.026028, 0.027101, 0.028030, 0.028795, 0.029383, 0.029782, 0.029983, 0.029983, 0.029782, 0.029383, 0.028795, 0.028030, 0.027101, 0.026028, 0.024829, 0.023526, 0.022142, 0.020700, 0.019221, 0.017729, 0.016242, 0.014780, 0.013360, 0.011995, 0.010697, 0.009476, 0.008337, 0.007287, 0.006326, 0.005454, 0.004672, 0.003974, 0.003358, 0.002819, 0.002350, 0.001946, 0.001601, 0.001308, 0.001062, 0.000856, 0.000685, 0.000545, 0.000431, 0.000338, 0.000263, 0.000204, 0.000157, 0.000120, 0.000091, 0.000069, 0.000051, 0.000038, 0.000029, 0.000021, 0.000016, 0.000013, 0.000012
0.000009, 0.000010, 0.000013, 0.000017, 0.000022, 0.000030, 0.000040, 0.000053, 0.000071, 0.000093, 0.000122, 0.000158, 0.000204, 0.000262, 0.000334, 0.000423, 0.000532, 0.000664, 0.000824, 0.001015, 0.001242, 0.001510, 0.001824, 0.002187, 0.002606, 0.003084, 0.003625, 0.004232, 0.004908, 0.005654, 0.006469, 0.007352, 0.008300, 0.009307, 0.010366, 0.011468, 0.012602, 0.013755, 0.014914, 0.016061, 0.017180, 0.018254, 0.019264, 0.020195, 0.021028, 0.021748, 0.022342, 0.022798, 0.023107, 0.023264, 0.023264, 0.023107, 0.022798, 0.022342, 0.021748, 0.021028, 0.020195, 0.019264, 0.018254, 0.017180, 0.016061, 0.014914, 0.013755, 0.012602, 0.011468, 0.010366, 0.009307, 0.008300, 0.007352, 0.006469, 0.005654, 0.004908, 0.004232, 0.003625, 0.003084, 0.002606, 0.002187, 0.001824, 0.001510, 0.001242, 0.001015, 0.000824, 0.000664, 0.000532, 0.000423, 0.000334, 0.000262, 0.000204, 0.000158, 0.000122, 0.000093, 0.000071, 0.000053, 0.000040, 0.000030, 0.000022, 0.000017, 0.000013, 0.000010, 0.000009
0.000007, 0.000008, 0.000010, 0.000013, 0.000017, 0.000023, 0.000031, 0.000041, 0.000054, 0.000072, 0.000094, 0.000122, 0.000158, 0.000202, 0.000258, 0.000326, 0.000410, 0.000512, 0.000635, 0.000782, 0.000957, 0.001164, 0.001405, 0.001685, 0.002008, 0.002376, 0.002793, 0.003261, 0.003782, 0.004356, 0.004985, 0.005665, 0.006395, 0.007171, 0.007987, 0.008837, 0.009711, 0.010599, 0.011492, 0.012376, 0.013238, 0.014066, 0.014844, 0.015561, 0.016203, 0.016758, 0.017216, 0.017567, 0.017806, 0.017926, 0.017926, 0.017806, 0.017567, 0.017216, 0.016758, 0.016203, 0.015561, 0.014844, 0.014066, 0.013238, 0.012376, 0.011492, 0.010599, 0.009711, 0.008837, 0.007987, 0.007171, 0.006395, 0.005665, 0.004985, 0.004356, 0.003782, 0.003261, 0.002793, 0.002376, 0.002008, 0.001685, 0.001405, 0.001164, 0.000957, 0.000782, 0.000635, 0.000512, 0.000410, 0.000326, 0.000258, 0.000202, 0.000158, 0.000122, 0.000094, 0.000072, 0.000054, 0.000041, 0.000031, 0.000023, 0.000017, 0.000013, 0.000010, 0.000008, 0.000007
0.000005, 0.000006, 0.000007, 0.000010, 0.000013, 0.000018, 0.000024, 0.000031, 0.000042, 0.000055, 0.000072, 0.000093, 0.000121, 0.000155, 0.000197, 0.000249, 0.000314, 0.000392, 0.000486, 0.000599, 0.000733, 0.000891, 0.001075, 0.001290, 0.001537, 0.001818, 0.002137, 0.002495, 0.002894, 0.003334, 0.003815, 0.004335, 0.004894, 0.005488, 0.006112, 0.006762, 0.007431, 0.008111, 0.008794, 0.009471, 0.010131, 0.010764, 0.011360, 0.011908, 0.012400, 0.012824, 0.013175, 0.013444, 0.013626, 0.013718, 0.013718, 0.013626, 0.013444, 0.013175, 0.012824, 0.012400, 0.011908, 0.011360, 0.010764, 0.010131, 0.009471, 0.008794, 0.008111, 0.007431, 0.006762, 0.006113, 0.005488, 0.004894, 0.004335, 0.003815, 0.003334, 0.002894, 0.002496, 0.002137, 0.001818, 0.001537, 0.001290, 0.001075, 0.000891, 0.000733, 0.000599, 0.000486, 0.000392, 0.000314, 0.000249, 0.000197, 0.000155, 0.000121, 0.000093, 0.000072, 0.000055, 0.000042, 0.000031, 0.000024, 0.000018, 0.000013, 0.000010, 0.000007, 0.000006, 0.000005
0.000004, 0.000005, 0.000006, 0.000007, 0.000010, 0.000013, 0.000018, 0.000024, 0.000032, 0.000042, 0.000055, 0.000071, 0.000092, 0.000118, 0.000150, 0.000190, 0.000238, 0.000298, 0.000369, 0.000455, 0.000557, 0.000677, 0.000817, 0.000980, 0.001168, 0.001382, 0.001624, 0.001897, 0.002200, 0.002534, 0.002899, 0.003295, 0.003720, 0.004171, 0.004646, 0.005139, 0.005648, 0.006165, 0.006684, 0.007198, 0.007699, 0.008181, 0.008634, 0.009050, 0.009424, 0.009747, 0.010013, 0.010217, 0.010356, 0.010426, 0.010426, 0.010356, 0.010217, 0.010013, 0.009747, 0.009424, 0.009051, 0.008634, 0.008181, 0.007699, 0.007198, 0.006684, 0.006165, 0.005648, 0.005140, 0.004646, 0.004171, 0.003720, 0.003295, 0.002899, 0.002534, 0.002200, 0.001897, 0.001624, 0.001382, 0.001168, 0.000980, 0.000817, 0.000677, 0.000557, 0.000455, 0.000369, 0.000298, 0.000238, 0.000190, 0.000150, 0.000118, 0.000092, 0.000071, 0.000055, 0.000042, 0.000032, 0.000024, 0.000018, 0.000013, 0.000010, 0.000007, 0.000006, 0.000005, 0.000004
0.000003, 0.000003, 0.000004, 0.000006, 0.000007, 0.000010, 0.000013, 0.000018, 0.000024, 0.000031, 0.000041, 0.000054, 0.000069, 0.000089, 0.000113, 0.000143, 0.000180, 0.000225, 0.000279, 0.000343, 0.000420, 0.000511, 0.000617, 0.000740, 0.000881, 0.001043, 0.001226, 0.001432, 0.001660, 0.001912, 0.002188, 0.002487, 0.002808, 0.003148, 0.003506, 0.003879, 0.004263, 0.004653, 0.005045, 0.005433, 0.005812, 0.006175, 0.006517, 0.006831, 0.007113, 0.007357, 0.007558, 0.007712, 0.007817, 0.007870, 0.007870, 0.007817, 0.007712, 0.007558, 0.007357, 0.007113, 0.006831, 0.006517, 0.006175, 0.005812, 0.005433, 0.005045, 0.004653, 0.004263, 0.003879, 0.003507, 0.003148, 0.002808, 0.002487, 0.002188, 0.001912, 0.001660, 0.001432, 0.001226, 0.001043, 0.000881, 0.000740, 0.000617, 0.000511, 0.000420, 0.000343, 0.000279, 0.000225, 0.000180, 0.000143, 0.000113, 0.000089, 0.000069, 0.000054, 0.000041, 0.000031, 0.000024, 0.000018, 0.000013, 0.000010, 0.000007, 0.000006, 0.000004, 0.000003, 0.000003
0.000002, 0.000003, 0.000003, 0.000004, 0.000006, 0.000008, 0.000010, 0.000013, 0.000018, 0.000024, 0.000031, 0.000040, 0.000052, 0.000067, 0.000085, 0.000107, 0.000135, 0.000168, 0.000209, 0.000257, 0.000315, 0.000383, 0.000462, 0.000555, 0.000661, 0.000782, 0.000919, 0.001073, 0.001245, 0.001434, 0.001640, 0.001864, 0.002105, 0.002360, 0.002629, 0.002908, 0.003196, 0.003488, 0.003782, 0.004073, 0.004357, 0.004629, 0.004885, 0.005121, 0.005333, 0.005515, 0.005666, 0.005782, 0.005860, 0.005900, 0.005900, 0.005860, 0.005782, 0.005666, 0.005515, 0.005333, 0.005121, 0.004885, 0.004629, 0.004357, 0.004073, 0.003782, 0.003488, 0.003196, 0.002908, 0.002629, 0.002360, 0.002105, 0.001864, 0.001640, 0.001434, 0.001245, 0.001073, 0.000919, 0.000782, 0.000661, 0.000555, 0.000462, 0.000383, 0.000315, 0.000257, 0.000209, 0.000168, 0.000135, 0.000107, 0.000085, 0.000067, 0.000052, 0.000040, 0.000031, 0.000024, 0.000018, 0.000013, 0.000010, 0.000008, 0.000006, 0.000004, 0.000003, 0.000003, 0.000002
0.000002, 0.000002, 0.000002, 0.000003, 0.000004, 0.000006, 0.000008, 0.000010, 0.000013, 0.000018, 0.000023, 0.000030, 0.000039, 0.000050, 0.000063, 0.000080, 0.000100, 0.000125, 0.000156, 0.000192, 0.000235, 0.000285, 0.000344, 0.000413, 0.000492, 0.000582, 0.000685, 0.000799, 0.000927, 0.001068, 0.001222, 0.001389, 0.001568, 0.001758, 0.001958, 0.002166, 0.002380, 0.002598, 0.002817, 0.003033, 0.003245, 0.003447, 0.003638, 0.003814, 0.003971, 0.004107, 0.004220, 0.004306, 0.004364, 0.004394, 0.004394, 0.004364, 0.004306, 0.004220, 0.004107, 0.003971, 0.003814, 0.003638, 0.003447, 0.003245, 0.003033, 0.002817, 0.002598, 0.002380, 0.002166, 0.001958, 0.001758, 0.001568, 0.001389, 0.001222, 0.001068, 0.000927, 0.000799, 0.000685, 0.000582, 0.000492, 0.000413, 0.000344, 0.000285, 0.000235, 0.000192, 0.000156, 0.000125, 0.000100, 0.000080, 0.000063, 0.000050, 0.000039, 0.000030, 0.000023, 0.000018, 0.000013, 0.000010, 0.000008, 0.000006, 0.000004, 0.000003, 0.000002, 0.000002, 0.000002
0.000001, 0.000001, 0.000002, 0.000002, 0.000003, 0.000004, 0.000006, 0.000007, 0.000010, 0.000013, 0.000017, 0.000022, 0.000029, 0.000037, 0.000047, 0.000059, 0.000074, 0.000093, 0.000115, 0.000142, 0.000174, 0.000211, 0.000255, 0.000306, 0.000364, 0.000431, 0.000507, 0.000592, 0.000686, 0.000790, 0.000904, 0.001028, 0.001160, 0.001301, 0.001449, 0.001603, 0.001762, 0.001923, 0.002085, 0.002246, 0.002402, 0.002552, 0.002694, 0.002824, 0.002940, 0.003041, 0.003124, 0.003188, 0.003231, 0.003253, 0.003253, 0.003231, 0.003188, 0.003124, 0.003041, 0.002940, 0.002824, 0.002694, 0.002552, 0.002402, 0.002246, 0.002085, 0.001923, 0.001762, 0.001603, 0.001449, 0.001301, 0.001161, 0.001028, 0.000905, 0.000791, 0.000686, 0.000592, 0.000507, 0.000431, 0.000364, 0.000306, 0.000255, 0.000211, 0.000174, 0.000142, 0.000115, 0.000093, 0.000074, 0.000059, 0.000047, 0.000037, 0.000029, 0.000022, 0.000017, 0.000013, 0.000010, 0.000007, 0.000006, 0.000004, 0.000003, 0.000002, 0.000002, 0.000001, 0.000001
0.000001, 0.000001, 0.000001, 0.000002, 0.000002, 0.000003, 0.000004, 0.000005, 0.000007, 0.000010, 0.000013, 0.000016, 0.000021, 0.000027, 0.000034, 0.000044, 0.000055, 0.000068, 0.000085, 0.000105, 0.000128, 0.000156, 0.000188, 0.000226, 0.000269, 0.000318, 0.000374, 0.000436, 0.000506, 0.000583, 0.000667, 0.000758, 0.000856, 0.000960, 0.001069, 0.001182, 0.001299, 0.001418, 0.001538, 0.001656, 0.001771, 0.001882, 0.001986, 0.002082, 0.002168, 0.002242, 0.002304, 0.002351, 0.002383, 0.002399, 0.002399, 0.002383, 0.002351, 0.002304, 0.002242, 0.002168, 0.002082, 0.001986, 0.001882, 0.001771, 0.001656, 0.001538, 0.001418, 0.001299, 0.001182, 0.001069, 0.000960, 0.000856, 0.000758, 0.000667, 0.000583, 0.000506, 0.000436, 0.000374, 0.000318, 0.000269, 0.000226, 0.000188, 0.000156, 0.000128, 0.000105, 0.000085, 0.000068, 0.000055, 0.000044, 0.000034, 0.000027, 0.000021, 0.000016, 0.000013, 0.000010, 0.000007, 0.000005, 0.000004, 0.000003, 0.000002, 0.000002, 0.000001, 0.000001, 0.000001
0.000001, 0.000001, 0.000001, 0.000001, 0.000002, 0.000002, 0.000003, 0.000004, 0.000005, 0.000007, 0.000009, 0.000012, 0.000016, 0.000020, 0.000025, 0.000032, 0.000040, 0.000051, 0.000063, 0.000077, 0.000095, 0.000115, 0.000139, 0.000167, 0.000198, 0.000235, 0.000276, 0.000322, 0.000374, 0.000431, 0.000493, 0.000560, 0.000632, 0.000709, 0.000789, 0.000873, 0.000960, 0.001048, 0.001136, 0.001223, 0.001308, 0.001390, 0.001467, 0.001538, 0.001601, 0.001656, 0.001701, 0.001736, 0.001760, 0.001772, 0.001772, 0.001760, 0.001736, 0.001701, 0.001656, 0.001601, 0.001538, 0.001467, 0.001390, 0.001308, 0.001223, 0.001136, 0.001048, 0.000960, 0.000873, 0.000789, 0.000709, 0.000632, 0.000560, 0.000493, 0.000431, 0.000374, 0.000322, 0.000276, 0.000235, 0.000198, 0.000167, 0.000139, 0.000115, 0.000095, 0.000077, 0.000063, 0.000051, 0.000040, 0.000032, 0.000025, 0.000020, 0.000016, 0.000012, 0.000009, 0.000007, 0.000005, 0.000004, 0.000003, 0.000002, 0.000002, 0.000001, 0.000001, 0.000001, 0.000001
0.000001, 0.000001, 0.000001, 0.000001, 0.000001, 0.000002, 0.000002, 0.000003, 0.000004, 0.000005, 0.000007, 0.000009, 0.000012, 0.000015, 0.000019, 0.000024, 0.000030, 0.000038, 0.000047, 0.000058, 0.000071, 0.000086, 0.000104, 0.000125, 0.000149, 0.000176, 0.000207, 0.000242, 0.000280, 0.000323, 0.000369, 0.000420, 0.000474, 0.000531, 0.000592, 0.000655, 0.000720, 0.000786, 0.000852, 0.000917, 0.000981, 0.001042, 0.001100, 0.001153, 0.001201, 0.001242, 0.001276, 0.001302, 0.001320, 0.001329, 0.001329, 0.001320, 0.001302, 0.001276, 0.001242, 0.001201, 0.001153, 0.001100, 0.001042, 0.000981, 0.000917, 0.000852, 0.000786, 0.000720, 0.000655, 0.000592, 0.000531, 0.000474, 0.000420, 0.000369, 0.000323, 0.000280, 0.000242, 0.000207, 0.000176, 0.000149, 0.000125, 0.000104, 0.000086, 0.000071, 0.000058, 0.000047, 0.000038, 0.000030, 0.000024, 0.000019, 0.000015, 0.000012, 0.000009, 0.000007, 0.000005, 0.000004, 0.000003, 0.000002, 0.000002, 0.000001, 0.000001, 0.000001, 0.000001, 0.000001
0.000000, 0.000000, 0.000001, 0.000001, 0.000001, 0.000001, 0.000002, 0.000002, 0.000003, 0.000004, 0.000005, 0.000007, 0.000009, 0.000012, 0.000015, 0.000019, 0.000024, 0.000030, 0.000037, 0.000045, 0.000056, 0.000068, 0.000082, 0.000098, 0.000117, 0.000138, 0.000162, 0.000189, 0.000220, 0.000253, 0.000289, 0.000329, 0.000371, 0.000416, 0.000464, 0.000513, 0.000564, 0.000616, 0.000667, 0.000719, 0.000769, 0.000817, 0.000862, 0.000904, 0.000941, 0.000973, 0.001000, 0.001020, 0.001034, 0.001041, 0.001041, 0.001034, 0.001020, 0.001000, 0.000973, 0.000941, 0.000904, 0.000862, 0.000817, 0.000769, 0.000719, 0.000667, 0.000616, 0.000564, 0.000513, 0.000464, 0.000416, 0.000371, 0.000329, 0.000289, 0.000253, 0.000220, 0.000189, 0.000162, 0.000138, 0.000117, 0.000098, 0.000082, 0.000068, 0.000056, 0.000045, 0.000037, 0.000030, 0.000024, 0.000019, 0.000015, 0.000012, 0.000009, 0.000007, 0.000005, 0.000004, 0.000003, 0.000002, 0.000002, 0.000001, 0.000001, 0.000001, 0.000001, 0.000000, 0.000000
0.000000, 0.000000, 0.000000, 0.000001, 0.000001, 0.000001, 0.000002, 0.000002, 0.000003, 0.000004, 0.000005, 0.000006, 0.000008, 0.000010, 0.000013, 0.000016, 0.000020, 0.000025, 0.000032, 0.000039, 0.000048, 0.000058, 0.000070, 0.000084, 0.000100, 0.000118, 0.000139, 0.000162, 0.000188, 0.000217, 0.000248, 0.000282, 0.000319, 0.000357, 0.000398, 0.000440, 0.000484, 0.000528, 0.000573, 0.000617, 0.000660, 0.000701, 0.000740, 0.000775, 0.000807, 0.000835, 0.000858, 0.000875, 0.000887, 0.000893, 0.000893, 0.000887, 0.000875, 0.000858, 0.000835, 0.000807, 0.000775, 0.000740, 0.000701, 0.000660, 0.000617, 0.000573, 0.000528, 0.000484, 0.000440, 0.000398, 0.000357, 0.000319, 0.000282, 0.000248, 0.000217, 0.000188, 0.000162, 0.000139, 0.000118, 0.000100, 0.000084, 0.000070, 0.000058, 0.000048, 0.000039, 0.000032, 0.000025, 0.000020, 0.000016, 0.000013, 0.000010, 0.000008, 0.000006, 0.000005, 0.000004, 0.000003, 0.000002, 0.000002, 0.000001, 0.000001, 0.000001, 0.000000, 0.000000, 0.000000
0.000000, 0.000000, 0.000000, 0.000001, 0.000001, 0.000001, 0.000002, 0.000002, 0.000003, 0.000004, 0.000005, 0.000006, 0.000008, 0.000010, 0.000013, 0.000016, 0.000020, 0.000025, 0.000031, 0.000038, 0.000047, 0.000057, 0.000069, 0.000083, 0.000098, 0.000116, 0.000137, 0.000160, 0.000185, 0.000214, 0.000244, 0.000278, 0.000314, 0.000352, 0.000392, 0.000433, 0.000476, 0.000520, 0.000563, 0.000607, 0.000649, 0.000690, 0.000728, 0.000763, 0.000794, 0.000822, 0.000844, 0.000861, 0.000873, 0.000879, 0.000879, 0.000873, 0.000861, 0.000844, 0.000822, 0.000794, 0.000763, 0.000728, 0.000690, 0.000649, 0.000607, 0.000563, 0.000520, 0.000476, 0.000433, 0.000392, 0.000352, 0.000314, 0.000278, 0.000244, 0.000214, 0.000185, 0.000160, 0.000137, 0.000116, 0.000098, 0.000083, 0.000069, 0.000057, 0.000047, 0.000038, 0.000031, 0.000025, 0.000020, 0.000016, 0.000013, 0.000010, 0.000008, 0.000006, 0.000005, 0.000004, 0.000003, 0.000002, 0.000002, 0.000001, 0.000001, 0.000001, 0.000000, 0.000000, 0.000000
0.000000, 0.000000, 0.000001, 0.000001, 0.000001, 0.000001, 0.000002, 0.000002, 0.000003, 0.000004, 0.000005, 0.000007, 0.000009, 0.000011, 0.000014, 0.000018, 0.000023, 0.000028, 0.000035, 0.000044, 0.000053, 0.000065, 0.000078, 0.000094, 0.000112, 0.000132, 0.000156, 0.000182, 0.000211, 0.000243, 0.000278, 0.000315, 0.000356, 0.000399, 0.000445, 0.000492, 0.000541, 0.000590, 0.000640, 0.000689, 0.000737, 0.000783, 0.000827, 0.000867, 0.000902, 0.000933, 0.000959, 0.000978, 0.000992, 0.000998, 0.000998, 0.000992, 0.000978, 0.000959, 0.000933, 0.000902, 0.000867, 0.000827, 0.000783, 0.000737, 0.000689, 0.000640, 0.000590, 0.000541, 0.000492, 0.000445, 0.000399, 0.000356, 0.000315, 0.000278, 0.000243, 0.000211, 0.000182, 0.000156, 0.000132, 0.000112, 0.000094, 0.000078, 0.000065, 0.000053, 0.000044, 0.000035, 0.000028, 0.000023, 0.000018, 0.000014, 0.000011, 0.000009, 0.000007, 0.000005, 0.000004, 0.000003, 0.000002, 0.000002, 0.000001, 0.000001, 0.000001, 0.000001, 0.000000, 0.000000
0.000000, 0.000001, 0.000001, 0.000001, 0.000001, 0.000002, 0.000002, 0.000003, 0.000004, 0.000005, 0.000007, 0.000009, 0.000011, 0.000014, 0.000018, 0.000023, 0.000029, 0.000036, 0.000045, 0.000055, 0.000067, 0.000082, 0.000099, 0.000118, 0.000141, 0.000167, 0.000196, 0.000229, 0.000265, 0.000306, 0.000350, 0.000397, 0.000449, 0.000503, 0.000560, 0.000620, 0.000681, 0.000744, 0.000806, 0.000868, 0.000929, 0.000987, 0.001042, 0.001092, 0.001137, 0.001176, 0.001208, 0.001233, 0.001249, 0.001258, 0.001258, 0.001249, 0.001233, 0.001208, 0.001176, 0.001137, 0.001092, 0.001042, 0.000987, 0.000929, 0.000868, 0.000806, 0.000744, 0.000681, 0.000620, 0.000560, 0.000503, 0.000449, 0.000397, 0.000350, 0.000306, 0.000265, 0.000229, 0.000196, 0.000167, 0.000141, 0.000118, 0.000099, 0.000082, 0.000067, 0.000055, 0.000045, 0.000036, 0.000029, 0.000023, 0.000018, 0.000014, 0.000011, 0.000009, 0.000007, 0.000005, 0.000004, 0.000003, 0.000002, 0.000002, 0.000001, 0.000001, 0.000001, 0.000001, 0.000000
