0.000000, 0.000000, 0.000000, 0.000001, 0.000001, 0.000001, 0.000001, 0.000002, 0.000002, 0.000003, 0.000004, 0.000005, 0.000007, 0.000009, 0.000012, 0.000015, 0.000019, 0.000024, 0.000030, 0.000037, 0.000045, 0.000056, 0.000067, 0.000081, 0.000097, 0.000116, 0.000137, 0.000161, 0.000187, 0.000217, 0.000249, 0.000284, 0.000322, 0.000363, 0.000405, 0.000450, 0.000496, 0.000543, 0.000590, 0.000637, 0.000682, 0.000727, 0.000768, 0.000806, 0.000841, 0.000870, 0.000895, 0.000914, 0.000927, 0.000933, 0.000933, 0.000927, 0.000914, 0.000895, 0.000870, 0.000841, 0.000806, 0.000768, 0.000727, 0.000682, 0.000637, 0.000590, 0.000543, 0.000496, 0.000450, 0.000405, 0.000363, 0.000322, 0.000284, 0.000249, 0.000217, 0.000187, 0.000161, 0.000137, 0.000116, 0.000097, 0.000081, 0.000067, 0.000056, 0.000045, 0.000037, 0.000030, 0.000024, 0.000019, 0.000015, 0.000012, 0.000009, 0.000007, 0.000005, 0.000004, 0.000003, 0.000002, 0.000002, 0.000001, 0.000001, 0.000001, 0.000001, 0.000000, 0.000000, 0.000000
0.000000, 0.000000, 0.000001, 0.000001, 0.000001, 0.000001, 0.000002, 0.000002, 0.000003, 0.000004, 0.000006, 0.000007, 0.000010, 0.000012, 0.000016, 0.000020, 0.000026, 0.000032, 0.000040, 0.000050, 0.000061, 0.000075, 0.000091, 0.000110, 0.000132, 0.000157, 0.000186, 0.000218, 0.000254, 0.000294, 0.000337, 0.000385, 0.000436, 0.000491, 0.000549, 0.000609, 0.000671, 0.000735, 0.000799, 0.000862, 0.000924, 0.000984, 0.001040, 0.001092, 0.001139, 0.001179, 0.001212, 0.001238, 0.001255, 0.001264, 0.001264, 0.001255, 0.001238, 0.001212, 0.001179, 0.001139, 0.001092, 0.001040, 0.000984, 0.000924, 0.000862, 0.000799, 0.000735, 0.000671, 0.000609, 0.000549, 0.000491, 0.000436, 0.000385, 0.000337, 0.000294, 0.000254, 0.000218, 0.000186, 0.000157, 0.000132, 0.000110, 0.000091, 0.000075, 0.000061, 0.000050, 0.000040, 0.000032, 0.000026, 0.000020, 0.000016, 0.000012, 0.000010, 0.000007, 0.000006, 0.000004, 0.000003, 0.000002, 0.000002, 0.000001, 0.000001, 0.000001, 0.000001, 0.000000, 0.000000
0.000000, 0.000001, 0.000001, 0.000001, 0.000001, 0.000002, 0.000002, 0.000003, 0.000004, 0.000006, 0.000008, 0.000010, 0.000013, 0.000017, 0.000022, 0.000028, 0.000035, 0.000044, 0.000055, 0.000069, 0.000085, 0.000103, 0.000126, 0.000152, 0.000182, 0.000216, 0.000255, 0.000300, 0.000349, 0.000404, 0.000464, 0.000530, 0.000600, 0.000676, 0.000755, 0.000838, 0.000924, 0.001011, 0.001099, 0.001187, 0.001272, 0.001354, 0.001432, 0.001503, 0.001567, 0.001622, 0.001668, 0.001703, 0.001727, 0.001739, 0.001739, 0.001727, 0.001703, 0.001668, 0.001622, 0.001567, 0.001503, 0.001432, 0.001354, 0.001272, 0.001187, 0.001099, 0.001011, 0.000924, 0.000838, 0.000755, 0.000676, 0.000600, 0.000530, 0.000464, 0.000404, 0.000349, 0.000300, 0.000255, 0.000216, 0.000182, 0.000152, 0.000126, 0.000103, 0.000085, 0.000069, 0.000055, 0.000044, 0.000035, 0.000028, 0.000022, 0.000017, 0.000013, 0.000010, 0.000008, 0.000006, 0.000004, 0.000003, 0.000002, 0.000002, 0.000001, 0.000001, 0.000001, 0.000001, 0.000000
0.000001, 0.000001, 0.000001, 0.000001, 0.000002, 0.000002, 0.000003, 0.000004, 0.000006, 0.000008, 0.000011, 0.000014, 0.000018, 0.000023, 0.000030, 0.000038, 0.000048, 0.000061, 0.000076, 0.000094, 0.000116, 0.000142, 0.000173, 0.000208, 0.000250, 0.000297, 0.000351, 0.000412, 0.000480, 0.000555, 0.000638, 0.000728, 0.000825, 0.000929, 0.001038, 0.001152, 0.001270, 0.001390, 0.001511, 0.001631, 0.001748, 0.001861, 0.001967, 0.002065, 0.002153, 0.002229, 0.002292, 0.002341, 0.002373, 0.002390, 0.002390, 0.002373, 0.002341, 0.002292, 0.002229, 0.002153, 0.002065, 0.001967, 0.001861, 0.001748, 0.001631, 0.001511, 0.001390, 0.001270, 0.001152, 0.001038, 0.000929, 0.000825, 0.000728, 0.000638, 0.000555, 0.000480, 0.000412, 0.000351, 0.000297, 0.000250, 0.000208, 0.000173, 0.000142, 0.000116, 0.000094, 0.000076, 0.000061, 0.000048, 0.000038, 0.000030, 0.000023, 0.000018, 0.000014, 0.000011, 0.000008, 0.000006, 0.000004, 0.000003, 0.000002, 0.000002, 0.000001, 0.000001, 0.000001, 0.000001
0.000001, 0.000001, 0.000001, 0.000002, 0.000002, 0.000003, 0.000005, 0.000006, 0.000008, 0.000011, 0.000014, 0.000019, 0.000025, 0.000032, 0.000041, 0.000052, 0.000066, 0.000083, 0.000104, 0.000129, 0.000159, 0.000194, 0.000236, 0.000285, 0.000341, 0.000406, 0.000479, 0.000562, 0.000655, 0.000758, 0.000871, 0.000994, 0.001127, 0.001268, 0.001418, 0.001573, 0.001734, 0.001898, 0.002063, 0.002227, 0.002387, 0.002542, 0.002687, 0.002821, 0.002941, 0.003045, 0.003131, 0.003197, 0.003242, 0.003264, 0.003264, 0.003242, 0.003197, 0.003131, 0.003045, 0.002941, 0.002821, 0.002687, 0.002542, 0.002387, 0.002227, 0.002063, 0.001898, 0.001734, 0.001573, 0.001418, 0.001268, 0.001127, 0.000994, 0.000871, 0.000758, 0.000655, 0.000562, 0.000479, 0.000406, 0.000341, 0.000285, 0.000236, 0.000194, 0.000159, 0.000129, 0.000104, 0.000083, 0.000066, 0.000052, 0.000041, 0.000032, 0.000025, 0.000019, 0.000014, 0.000011, 0.000008, 0.000006, 0.000005, 0.000003, 0.000002, 0.000002, 0.000001, 0.000001, 0.000001
0.000001, 0.000001, 0.000002, 0.000002, 0.000003, 0.000005, 0.000006, 0.000008, 0.000011, 0.000015, 0.000020, 0.000026, 0.000033, 0.000043, 0.000056, 0.000071, 0.000090, 0.000113, 0.000141, 0.000175, 0.000215, 0.000263, 0.000320, 0.000386, 0.000463, 0.000550, 0.000650, 0.000763, 0.000889, 0.001029, 0.001182, 0.001349, 0.001529, 0.001721, 0.001923, 0.002134, 0.002352, 0.002575, 0.002799, 0.003021, 0.003239, 0.003448, 0.003645, 0.003827, 0.003990, 0.004131, 0.004247, 0.004337, 0.004398, 0.004428, 0.004428, 0.004398, 0.004337, 0.004247, 0.004131, 0.003990, 0.003827, 0.003645, 0.003448, 0.003239, 0.003021, 0.002799, 0.002575, 0.002352, 0.002134, 0.001923, 0.001721, 0.001529, 0.001349, 0.001182, 0.001029, 0.000889, 0.000763, 0.000650, 0.000550, 0.000463, 0.000386, 0.000320, 0.000263, 0.000215, 0.000175, 0.000141, 0.000113, 0.000090, 0.000071, 0.000056, 0.000043, 0.000033, 0.000026, 0.000020, 0.000015, 0.000011, 0.000008, 0.000006, 0.000005, 0.000003, 0.000002, 0.000002, 0.000001, 0.000001
0.000002, 0.000002, 0.000002, 0.000003, 0.000005, 0.000006, 0.000008, 0.000011, 0.000015, 0.000020, 0.000026, 0.000035, 0.000045, 0.000058, 0.000075, 0.000095, 0.000121, 0.000152, 0.000190, 0.000236, 0.000290, 0.000355, 0.000431, 0.000520, 0.000623, 0.000741, 0.000876, 0.001028, 0.001198, 0.001386, 0.001593, 0.001817, 0.002060, 0.002318, 0.002591, 0.002875, 0.003169, 0.003469, 0.003771, 0.004070, 0.004363, 0.004645, 0.004910, 0.005155, 0.005375, 0.005565, 0.005722, 0.005842, 0.005924, 0.005965, 0.005965, 0.005924, 0.005842, 0.005722, 0.005565, 0.005375, 0.005155, 0.004910, 0.004645, 0.004363, 0.004070, 0.003771, 0.003469, 0.003169, 0.002875, 0.002591, 0.002318, 0.002060, 0.001817, 0.001593, 0.001386, 0.001198, 0.001028, 0.000876, 0.000741, 0.000623, 0.000520, 0.000431, 0.000355, 0.000290, 0.000236, 0.000190, 0.000152, 0.000121, 0.000095, 0.000075, 0.000058, 0.000045, 0.000035, 0.000026, 0.000020, 0.000015, 0.000011, 0.000008, 0.000006, 0.000005, 0.000003, 0.000002, 0.000002, 0.000002
0.000002, 0.000003, 0.000003, 0.000004, 0.000006, 0.000008, 0.000011, 0.000015, 0.000020, 0.000027, 0.000035, 0.000046, 0.000060, 0.000078, 0.000100, 0.000128, 0.000162, 0.000203, 0.000254, 0.000315, 0.000388, 0.000475, 0.000577, 0.000696, 0.000834, 0.000992, 0.001172, 0.001375, 0.001602, 0.001854, 0.002131, 0.002431, 0.002755, 0.003101, 0.003466, 0.003846, 0.004240, 0.004640, 0.005044, 0.005445, 0.005837, 0.006214, 0.006569, 0.006897, 0.007190, 0.007445, 0.007654, 0.007816, 0.007925, 0.007980, 0.007980, 0.007925, 0.007816, 0.007654, 0.007445, 0.007190, 0.006897, 0.006569, 0.006214, 0.005837, 0.005445, 0.005044, 0.004641, 0.004240, 0.003846, 0.003466, 0.003101, 0.002755, 0.002431, 0.002131, 0.001854, 0.001602, 0.001375, 0.001172, 0.000992, 0.000834, 0.000696, 0.000577, 0.000475, 0.000388, 0.000315, 0.000254, 0.000203, 0.000162, 0.000128, 0.000100, 0.000078, 0.000060, 0.000046, 0.000035, 0.000027, 0.000020, 0.000015, 0.000011, 0.000008, 0.000006, 0.000004, 0.000003, 0.000003, 0.000002
0.000003, 0.000003, 0.000004, 0.000006, 0.000008, 0.000011, 0.000015, 0.000020, 0.000027, 0.000036, 0.000047, 0.000062, 0.000080, 0.000104, 0.000133, 0.000170, 0.000215, 0.000270, 0.000337, 0.000419, 0.000516, 0.000631, 0.000766, 0.000924, 0.001108, 0.001318, 0.001557, 0.001827, 0.002128, 0.002463, 0.002830, 0.003230, 0.003660, 0.004119, 0.004604, 0.005110, 0.005632, 0.006165, 0.006701, 0.007233, 0.007754, 0.008254, 0.008726, 0.009162, 0.009552, 0.009890, 0.010168, 0.010383, 0.010528, 0.010601, 0.010601, 0.010528, 0.010383, 0.010168, 0.009890, 0.009552, 0.009162, 0.008727, 0.008255, 0.007754, 0.007233, 0.006701, 0.006165, 0.005632, 0.005110, 0.004604, 0.004119, 0.003660, 0.003230, 0.002830, 0.002463, 0.002128, 0.001827, 0.001557, 0.001318, 0.001108, 0.000924, 0.000766, 0.000631, 0.000516, 0.000419, 0.000337, 0.000270, 0.000215, 0.000170, 0.000133, 0.000104, 0.000080, 0.000062, 0.000047, 0.000036, 0.000027, 0.000020, 0.000015, 0.000011, 0.000008, 0.000006, 0.000004, 0.000003, 0.000003
0.000004, 0.000004, 0.000006, 0.000008, 0.000011, 0.000014, 0.000020, 0.000026, 0.000035, 0.000047, 0.000062, 0.000081, 0.000106, 0.000137, 0.000175, 0.000224, 0.000283, 0.000356, 0.000445, 0.000552, 0.000680, 0.000832, 0.001011, 0.001219, 0.001461, 0.001738, 0.002054, 0.002410, 0.002808, 0.003249, 0.003734, 0.004261, 0.004828, 0.005434, 0.006073, 0.006741, 0.007430, 0.008132, 0.008840, 0.009542, 0.010229, 0.010889, 0.011512, 0.012086, 0.012600, 0.013046, 0.013414, 0.013697, 0.013888, 0.013985, 0.013985, 0.013888, 0.013697, 0.013414, 0.013046, 0.012600, 0.012086, 0.011512, 0.010889, 0.010229, 0.009542, 0.008840, 0.008132, 0.007430, 0.006741, 0.006073, 0.005434, 0.004829, 0.004261, 0.003734, 0.003249, 0.002808, 0.002410, 0.002054, 0.001738, 0.001461, 0.001219, 0.001011, 0.000832, 0.000680, 0.000552, 0.000445, 0.000356, 0.000283, 0.000224, 0.000175, 0.000137, 0.000106, 0.000081, 0.000062, 0.000047, 0.000035, 0.000026, 0.000020, 0.000014, 0.000011, 0.000008, 0.000006, 0.000004, 0.000004
0.000005, 0.000006, 0.000008, 0.000010, 0.000014, 0.000019, 0.000026, 0.000034, 0.000046, 0.000061, 0.000081, 0.000106, 0.000138, 0.000179, 0.000230, 0.000293, 0.000371, 0.000467, 0.000583, 0.000723, 0.000891, 0.001090, 0.001324, 0.001597, 0.001914, 0.002277, 0.002690, 0.003157, 0.003678, 0.004256, 0.004891, 0.005581, 0.006325, 0.007119, 0.007956, 0.008830, 0.009733, 0.010653, 0.011580, 0.012500, 0.013399, 0.014264, 0.015080, 0.015832, 0.016506, 0.017090, 0.017572, 0.017942, 0.018193, 0.018320, 0.018320, 0.018193, 0.017942, 0.017572, 0.017090, 0.016506, 0.015832, 0.015080, 0.014264, 0.013399, 0.012500, 0.011580, 0.010653, 0.009733, 0.008830, 0.007956, 0.007119, 0.006325, 0.005581, 0.004891, 0.004256, 0.003678, 0.003157, 0.002690, 0.002277, 0.001914, 0.001598, 0.001324, 0.001090, 0.000891, 0.000723, 0.000583, 0.000467, 0.000371, 0.000293, 0.000230, 0.000179, 0.000138, 0.000106, 0.000081, 0.000061, 0.000046, 0.000034, 0.000026, 0.000019, 0.000014, 0.000010, 0.000008, 0.000006, 0.000005
0.000006, 0.000008, 0.000010, 0.000013, 0.000018, 0.000025, 0.000033, 0.000045, 0.000060, 0.000080, 0.000105, 0.000138, 0.000180, 0.000233, 0.000299, 0.000381, 0.000483, 0.000607, 0.000759, 0.000941, 0.001159, 0.001418, 0.001723, 0.002078, 0.002490, 0.002962, 0.003500, 0.004106, 0.004785, 0.005537, 0.006362, 0.007260, 0.008228, 0.009260, 0.010349, 0.011487, 0.012660, 0.013858, 0.015063, 0.016260, 0.017430, 0.018556, 0.019617, 0.020595, 0.021472, 0.022231, 0.022858, 0.023340, 0.023666, 0.023832, 0.023832, 0.023666, 0.023340, 0.022858, 0.022231, 0.021472, 0.020595, 0.019617, 0.018556, 0.017430, 0.016260, 0.015063, 0.013858, 0.012661, 0.011487, 0.010349, 0.009260, 0.008228, 0.007261, 0.006362, 0.005537, 0.004785, 0.004106, 0.003500, 0.002962, 0.002490, 0.002078, 0.001723, 0.001418, 0.001159, 0.000941, 0.000759, 0.000607, 0.000483, 0.000381, 0.000299, 0.000233, 0.000180, 0.000138, 0.000105, 0.000080, 0.000060, 0.000045, 0.000033, 0.000025, 0.000018, 0.000013, 0.000010, 0.000008, 0.000006
0.000008, 0.000010, 0.000013, 0.000017, 0.000023, 0.000032, 0.000043, 0.000058, 0.000078, 0.000103, 0.000136, 0.000179, 0.000233, 0.000301, 0.000386, 0.000493, 0.000624, 0.000785, 0.000980, 0.001216, 0.001497, 0.001832, 0.002225, 0.002684, 0.003216, 0.003826, 0.004521, 0.005304, 0.006181, 0.007152, 0.008219, 0.009379, 0.010629, 0.011962, 0.013369, 0.014838, 0.016354, 0.017901, 0.019458, 0.021004, 0.022516, 0.023970, 0.025340, 0.026604, 0.027737, 0.028718, 0.029527, 0.030149, 0.030571, 0.030785, 0.030785, 0.030571, 0.030149, 0.029527, 0.028718, 0.027737, 0.026604, 0.025340, 0.023970, 0.022516, 0.021004, 0.019458, 0.017901, 0.016354, 0.014838, 0.013369, 0.011962, 0.010629, 0.009379, 0.008219, 0.007152, 0.006181, 0.005304, 0.004521, 0.003826, 0.003216, 0.002684, 0.002225, 0.001832, 0.001497, 0.001216, 0.000980, 0.000785, 0.000624, 0.000493, 0.000386, 0.000301, 0.000233, 0.000179, 0.000136, 0.000103, 0.000078, 0.000058, 0.000043, 0.000032, 0.000023, 0.000017, 0.000013, 0.000010, 0.000008
0.000011, 0.000013, 0.000016, 0.000022, 0.000030, 0.000041, 0.000055, 0.000074, 0.000100, 0.000132, 0.000175, 0.000229, 0.000298, 0.000386, 0.000495, 0.000632, 0.000800, 0.001006, 0.001257, 0.001559, 0.001921, 0.002350, 0.002854, 0.003443, 0.004125, 0.004908, 0.005799, 0.006804, 0.007928, 0.009174, 0.010542, 0.012031, 0.013634, 0.015344, 0.017149, 0.019033, 0.020979, 0.022962, 0.024960, 0.026943, 0.028882, 0.030747, 0.032505, 0.034126, 0.035579, 0.036837, 0.037876, 0.038674, 0.039216, 0.039489, 0.039489, 0.039216, 0.038674, 0.037876, 0.036838, 0.035579, 0.034126, 0.032505, 0.030747, 0.028883, 0.026943, 0.024960, 0.022963, 0.020979, 0.019033, 0.017149, 0.015344, 0.013634, 0.012031, 0.010543, 0.009174, 0.007928, 0.006804, 0.005799, 0.004908, 0.004125, 0.003443, 0.002854, 0.002350, 0.001921, 0.001559, 0.001257, 0.001006, 0.000800, 0.000632, 0.000495, 0.000386, 0.000298, 0.000229, 0.000175, 0.000132, 0.000100, 0.000074, 0.000055, 0.000041, 0.000030, 0.000022, 0.000016, 0.000013, 0.000011
0.000014, 0.000016, 0.000021, 0.000028, 0.000038, 0.000052, 0.000070, 0.000095, 0.000127, 0.000169, 0.000223, 0.000292, 0.000380, 0.000491, 0.000631, 0.000805, 0.001019, 0.001282, 0.001601, 0.001986, 0.002447, 0.002993, 0.003636, 0.004386, 0.005255, 0.006252, 0.007387, 0.008667, 0.010099, 0.011686, 0.013429, 0.015325, 0.017367, 0.019545, 0.021844, 0.024245, 0.026723, 0.029250, 0.031794, 0.034320, 0.036791, 0.039166, 0.041405, 0.043470, 0.045321, 0.046924, 0.048247, 0.049263, 0.049953, 0.050301, 0.050301, 0.049953, 0.049263, 0.048247, 0.046924, 0.045321, 0.043470, 0.041405, 0.039166, 0.036791, 0.034320, 0.031794, 0.029250, 0.026723, 0.024245, 0.021845, 0.019545, 0.017367, 0.015325, 0.013429, 0.011686, 0.010099, 0.008667, 0.007387, 0.006252, 0.005255, 0.004386, 0.003636, 0.002993, 0.002447, 0.001986, 0.001601, 0.001282, 0.001019, 0.000805, 0.000631, 0.000491, 0.000380, 0.000292, 0.000223, 0.000169, 0.000127, 0.000095, 0.000070, 0.000052, 0.000038, 0.000028, 0.000021, 0.000016, 0.000014
0.000017, 0.000020, 0.000026, 0.000035, 0.000048, 0.000065, 0.000089, 0.000120, 0.000160, 0.000213, 0.000282, 0.000369, 0.000481, 0.000622, 0.000798, 0.001018, 0.001289, 0.001622, 0.002026, 0.002512, 0.003095, 0.003786, 0.004599, 0.005548, 0.006647, 0.007908, 0.009344, 0.010963, 0.012775, 0.014782, 0.016987, 0.019385, 0.021968, 0.024723, 0.027631, 0.030668, 0.033802, 0.036998, 0.040217, 0.043412, 0.046537, 0.049541, 0.052374, 0.054985, 0.057327, 0.059355, 0.061028, 0.062314, 0.063186, 0.063627, 0.063627, 0.063186, 0.062314, 0.061028, 0.059355, 0.057327, 0.054986, 0.052374, 0.049541, 0.046537, 0.043412, 0.040217, 0.036999, 0.033802, 0.030668, 0.027631, 0.024723, 0.021968, 0.019385, 0.016987, 0.014782, 0.012775, 0.010964, 0.009344, 0.007908, 0.006647, 0.005548, 0.004599, 0.003786, 0.003095, 0.002512, 0.002026, 0.001622, 0.001289, 0.001018, 0.000798, 0.000622, 0.000481, 0.000369, 0.000282, 0.000213, 0.000160, 0.000120, 0.000089, 0.000065, 0.000048, 0.000035, 0.000026, 0.000020, 0.000017
0.000022, 0.000025, 0.000033, 0.000044, 0.000060, 0.000082, 0.000112, 0.000150, 0.000201, 0.000268, 0.000354, 0.000464, 0.000604, 0.000781, 0.001003, 0.001279, 0.001620, 0.002037, 0.002544, 0.003156, 0.003887, 0.004755, 0.005777, 0.006969, 0.008349, 0.009934, 0.011737, 0.013771, 0.016046, 0.018568, 0.021337, 0.024349, 0.027594, 0.031055, 0.034707, 0.038521, 0.042458, 0.046473, 0.050516, 0.054530, 0.058455, 0.062228, 0.065787, 0.069067, 0.072008, 0.074555, 0.076657, 0.078272, 0.079368, 0.079921, 0.079921, 0.079368, 0.078272, 0.076657, 0.074555, 0.072008, 0.069067, 0.065787, 0.062228, 0.058455, 0.054530, 0.050516, 0.046473, 0.042458, 0.038521, 0.034708, 0.031055, 0.027594, 0.024349, 0.021337, 0.018568, 0.016046, 0.013771, 0.011737, 0.009934, 0.008349, 0.006969, 0.005777, 0.004755, 0.003887, 0.003156, 0.002544, 0.002037, 0.001620, 0.001279, 0.001003, 0.000781, 0.000604, 0.000464, 0.000354, 0.000268, 0.000201, 0.000150, 0.000112, 0.000082, 0.000060, 0.000044, 0.000033, 0.000025, 0.000022
0.000027, 0.000032, 0.000041, 0.000055, 0.000075, 0.000103, 0.000139, 0.000188, 0.000251, 0.000334, 0.000441, 0.000578, 0.000753, 0.000974, 0.001251, 0.001595, 0.002020, 0.002541, 0.003174, 0.003936, 0.004849, 0.005931, 0.007206, 0.008693, 0.010414, 0.012390, 0.014639, 0.017177, 0.020015, 0.023160, 0.026614, 0.030371, 0.034418, 0.038735, 0.043291, 0.048048, 0.052959, 0.057967, 0.063009, 0.068016, 0.072912, 0.077619, 0.082057, 0.086148, 0.089817, 0.092994, 0.095616, 0.097630, 0.098997, 0.099688, 0.099688, 0.098997, 0.097630, 0.095616, 0.092994, 0.089818, 0.086149, 0.082057, 0.077619, 0.072912, 0.068016, 0.063010, 0.057967, 0.052959, 0.048049, 0.043292, 0.038735, 0.034419, 0.030371, 0.026614, 0.023160, 0.020015, 0.017177, 0.014640, 0.012391, 0.010414, 0.008693, 0.007206, 0.005932, 0.004849, 0.003936, 0.003174, 0.002541, 0.002020, 0.001595, 0.001251, 0.000974, 0.000753, 0.000578, 0.000441, 0.000334, 0.000251, 0.000188, 0.000139, 0.000103, 0.000075, 0.000055, 0.000041, 0.000032, 0.000027
0.000034, 0.000039, 0.000051, 0.000068, 0.000093, 0.000127, 0.000172, 0.000232, 0.000311, 0.000414, 0.000546, 0.000716, 0.000933, 0.001206, 0.001549, 0.001976, 0.002502, 0.003147, 0.003931, 0.004876, 0.006006, 0.007347, 0.008925, 0.010767, 0.012899, 0.015347, 0.018133, 0.021276, 0.024791, 0.028686, 0.032964, 0.037618, 0.042631, 0.047978, 0.053621, 0.059514, 0.065596, 0.071799, 0.078045, 0.084246, 0.090310, 0.096140, 0.101637, 0.106705, 0.111249, 0.115183, 0.118431, 0.120927, 0.122619, 0.123475, 0.123475, 0.122619, 0.120927, 0.118431, 0.115184, 0.111249, 0.106705, 0.101638, 0.096140, 0.090310, 0.084246, 0.078045, 0.071799, 0.065596, 0.059514, 0.053622, 0.047978, 0.042631, 0.037618, 0.032965, 0.028687, 0.024791, 0.021276, 0.018133, 0.015347, 0.012900, 0.010767, 0.008925, 0.007347, 0.006006, 0.004876, 0.003931, 0.003147, 0.002502, 0.001976, 0.001549, 0.001206, 0.000933, 0.000716, 0.000546, 0.000414, 0.000311, 0.000232, 0.000172, 0.000127, 0.000093, 0.000068, 0.000051, 0.000039, 0.000034
0.000041, 0.000048, 0.000062, 0.000084, 0.000115, 0.000156, 0.000212, 0.000286, 0.000383, 0.000509, 0.000672, 0.000881, 0.001147, 0.001484, 0.001905, 0.002430, 0.003078, 0.003871, 0.004835, 0.005997, 0.007387, 0.009036, 0.010977, 0.013243, 0.015866, 0.018876, 0.022303, 0.026169, 0.030492, 0.035283, 0.040545, 0.046269, 0.052435, 0.059011, 0.065953, 0.073200, 0.080681, 0.088311, 0.095993, 0.103620, 0.111078, 0.118249, 0.125011, 0.131244, 0.136833, 0.141672, 0.145667, 0.148736, 0.150818, 0.151870, 0.151870, 0.150818, 0.148736, 0.145667, 0.141672, 0.136833, 0.131244, 0.125011, 0.118250, 0.111079, 0.103620, 0.095993, 0.088311, 0.080682, 0.073201, 0.065953, 0.059012, 0.052435, 0.046269, 0.040545, 0.035284, 0.030492, 0.026169, 0.022303, 0.018877, 0.015866, 0.013243, 0.010978, 0.009036, 0.007387, 0.005997, 0.004835, 0.003871, 0.003078, 0.002430, 0.001905, 0.001484, 0.001147, 0.000881, 0.000672, 0.000509, 0.000383, 0.000286, 0.000212, 0.000156, 0.000115, 0.000084, 0.000062, 0.000048, 0.000041
0.000050, 0.000059, 0.000076, 0.000103, 0.000140, 0.000191, 0.000259, 0.000349, 0.000468, 0.000622, 0.000821, 0.001076, 0.001401, 0.001812, 0.002327, 0.002968, 0.003759, 0.004728, 0.005905, 0.007325, 0.009022, 0.011037, 0.013408, 0.016175, 0.019378, 0.023055, 0.027240, 0.031962, 0.037242, 0.043095, 0.049521, 0.056512, 0.064043, 0.072076, 0.080554, 0.089405, 0.098543, 0.107861, 0.117244, 0.126560, 0.135669, 0.144428, 0.152686, 0.160299, 0.167126, 0.173036, 0.177915, 0.181664, 0.184207, 0.185492, 0.185492, 0.184207, 0.181664, 0.177915, 0.173036, 0.167126, 0.160299, 0.152687, 0.144428, 0.135670, 0.126560, 0.117244, 0.107862, 0.098543, 0.089406, 0.080554, 0.072076, 0.064044, 0.056513, 0.049522, 0.043095, 0.037243, 0.031962, 0.027241, 0.023056, 0.019379, 0.016175, 0.013408, 0.011037, 0.009023, 0.007325, 0.005905, 0.004728, 0.003759, 0.002968, 0.002327, 0.001812, 0.001401, 0.001076, 0.000821, 0.000622, 0.000468, 0.000349, 0.000259, 0.000191, 0.000140, 0.000103, 0.000076, 0.000059, 0.000050
0.000061, 0.000071, 0.000092, 0.000124, 0.000170, 0.000232, 0.000314, 0.000424, 0.000567, 0.000754, 0.000995, 0.001305, 0.001700, 0.002198, 0.002823, 0.003600, 0.004559, 0.005734, 0.007162, 0.008884, 0.010943, 0.013386, 0.016262, 0.019618, 0.023503, 0.027963, 0.033039, 0.038765, 0.045170, 0.052268, 0.060062, 0.068541, 0.077676, 0.087418, 0.097700, 0.108436, 0.119518, 0.130821, 0.142200, 0.153499, 0.164547, 0.175170, 0.185186, 0.194420, 0.202699, 0.209868, 0.215785, 0.220332, 0.223416, 0.224975, 0.224975, 0.223416, 0.220332, 0.215785, 0.209868, 0.202700, 0.194420, 0.185187, 0.175171, 0.164548, 0.153499, 0.142201, 0.130821, 0.119519, 0.108437, 0.097701, 0.087418, 0.077676, 0.068542, 0.060063, 0.052268, 0.045170, 0.038766, 0.033039, 0.027963, 0.023504, 0.019618, 0.016262, 0.013386, 0.010943, 0.008884, 0.007162, 0.005734, 0.004559, 0.003600, 0.002823, 0.002198, 0.001700, 0.001305, 0.000995, 0.000754, 0.000567, 0.000424, 0.000314, 0.000232, 0.000170, 0.000124, 0.000092, 0.000071, 0.000061
0.000074, 0.000086, 0.000111, 0.000150, 0.000204, 0.000279, 0.000378, 0.000510, 0.000683, 0.000908, 0.001199, 0.001572, 0.002047, 0.002647, 0.003400, 0.004336, 0.005491, 0.006906, 0.008626, 0.010699, 0.013180, 0.016122, 0.019585, 0.023628, 0.028307, 0.033678, 0.039791, 0.046689, 0.054402, 0.062951, 0.072338, 0.082550, 0.093552, 0.105285, 0.117669, 0.130599, 0.143946, 0.157559, 0.171264, 0.184872, 0.198179, 0.210972, 0.223036, 0.234156, 0.244128, 0.252762, 0.259888, 0.265365, 0.269080, 0.270957, 0.270957, 0.269080, 0.265365, 0.259889, 0.252763, 0.244129, 0.234157, 0.223037, 0.210973, 0.198180, 0.184873, 0.171265, 0.157559, 0.143947, 0.130600, 0.117670, 0.105285, 0.093552, 0.082551, 0.072339, 0.062951, 0.054402, 0.046689, 0.039792, 0.033679, 0.028307, 0.023628, 0.019586, 0.016122, 0.013180, 0.010700, 0.008626, 0.006906, 0.005491, 0.004336, 0.003400, 0.002647, 0.002047, 0.001572, 0.001199, 0.000908, 0.000683, 0.000510, 0.000378, 0.000279, 0.000204, 0.000150, 0.000111, 0.000086, 0.000074
0.000088, 0.000103, 0.000133, 0.000179, 0.000245, 0.000334, 0.000453, 0.000610, 0.000817, 0.001086, 0.001434, 0.001880, 0.002448, 0.003166, 0.004066, 0.005185, 0.006567, 0.008260, 0.010316, 0.012796, 0.015763, 0.019282, 0.023424, 0.028258, 0.033855, 0.040279, 0.047590, 0.055838, 0.065063, 0.075288, 0.086515, 0.098728, 0.111886, 0.125918, 0.140729, 0.156194, 0.172156, 0.188436, 0.204828, 0.221102, 0.237017, 0.252318, 0.266746, 0.280046, 0.291972, 0.302297, 0.310820, 0.317370, 0.321813, 0.324058, 0.324058, 0.321813, 0.317370, 0.310821, 0.302298, 0.291972, 0.280046, 0.266747, 0.252319, 0.237018, 0.221103, 0.204829, 0.188437, 0.172157, 0.156195, 0.140730, 0.125919, 0.111886, 0.098729, 0.086516, 0.075288, 0.065064, 0.055839, 0.047590, 0.040279, 0.033855, 0.028259, 0.023424, 0.019282, 0.015763, 0.012797, 0.010317, 0.008260, 0.006567, 0.005185, 0.004066, 0.003166, 0.002448, 0.001880, 0.001434, 0.001086, 0.000817, 0.000610, 0.000453, 0.000334, 0.000245, 0.000179, 0.000133, 0.000103, 0.000088
0.000105, 0.000122, 0.000158, 0.000213, 0.000290, 0.000396, 0.000537, 0.000725, 0.000970, 0.001290, 0.001703, 0.002233, 0.002908, 0.003760, 0.004829, 0.006158, 0.007799, 0.009809, 0.012252, 0.015197, 0.018720, 0.022900, 0.027819, 0.033560, 0.040207, 0.047836, 0.056519, 0.066315, 0.077271, 0.089413, 0.102747, 0.117252, 0.132878, 0.149543, 0.167134, 0.185499, 0.204457, 0.223792, 0.243258, 0.262587, 0.281487, 0.299659, 0.316794, 0.332588, 0.346752, 0.359015, 0.369137, 0.376916, 0.382192, 0.384858, 0.384858, 0.382192, 0.376916, 0.369138, 0.359016, 0.346753, 0.332589, 0.316795, 0.299660, 0.281489, 0.262588, 0.243259, 0.223793, 0.204458, 0.185500, 0.167135, 0.149545, 0.132879, 0.117253, 0.102748, 0.089414, 0.077272, 0.066316, 0.056519, 0.047836, 0.040207, 0.033561, 0.027819, 0.022900, 0.018720, 0.015198, 0.012252, 0.009809, 0.007799, 0.006158, 0.004829, 0.003760, 0.002908, 0.002233, 0.001703, 0.001290, 0.000970, 0.000725, 0.000538, 0.000396, 0.000290, 0.000213, 0.000158, 0.000122, 0.000105
0.000123, 0.000144, 0.000186, 0.000251, 0.000343, 0.000467, 0.000634, 0.000854, 0.001144, 0.001521, 0.002008, 0.002633, 0.003429, 0.004434, 0.005695, 0.007262, 0.009198, 0.011568, 0.014449, 0.017923, 0.022077, 0.027006, 0.032807, 0.039579, 0.047417, 0.056414, 0.066654, 0.078208, 0.091128, 0.105448, 0.121173, 0.138279, 0.156707, 0.176361, 0.197106, 0.218765, 0.241122, 0.263924, 0.286881, 0.309676, 0.331966, 0.353396, 0.373603, 0.392231, 0.408935, 0.423397, 0.435334, 0.444507, 0.450730, 0.453874, 0.453874, 0.450730, 0.444508, 0.435335, 0.423398, 0.408936, 0.392232, 0.373605, 0.353397, 0.331967, 0.309677, 0.286883, 0.263925, 0.241123, 0.218766, 0.197107, 0.176362, 0.156708, 0.138280, 0.121174, 0.105449, 0.091129, 0.078208, 0.066655, 0.056415, 0.047418, 0.039579, 0.032808, 0.027007, 0.022077, 0.017923, 0.014450, 0.011569, 0.009198, 0.007263, 0.005695, 0.004434, 0.003429, 0.002633, 0.002008, 0.001521, 0.001144, 0.000854, 0.000634, 0.000467, 0.000343, 0.000251, 0.000186, 0.000144, 0.000123
0.000144, 0.000169, 0.000218, 0.000294, 0.000401, 0.000547, 0.000742, 0.001001, 0.001340, 0.001781, 0.002352, 0.003084, 0.004016, 0.005193, 0.006669, 0.008505, 0.010772, 0.013548, 0.016922, 0.020989, 0.025854, 0.031627, 0.038421, 0.046350, 0.055530, 0.066066, 0.078058, 0.091588, 0.106719, 0.123489, 0.141905, 0.161937, 0.183518, 0.206535, 0.230829, 0.256193, 0.282376, 0.309079, 0.335963, 0.362658, 0.388762, 0.413858, 0.437523, 0.459338, 0.478899, 0.495836, 0.509815, 0.520558, 0.527845, 0.531527, 0.531527, 0.527845, 0.520558, 0.509816, 0.495837, 0.478901, 0.459339, 0.437525, 0.413860, 0.388763, 0.362660, 0.335965, 0.309080, 0.282377, 0.256195, 0.230830, 0.206536, 0.183519, 0.161938, 0.141906, 0.123490, 0.106720, 0.091589, 0.078059, 0.066067, 0.055530, 0.046351, 0.038421, 0.031627, 0.025855, 0.020989, 0.016922, 0.013548, 0.010772, 0.008505, 0.006669, 0.005193, 0.004016, 0.003084, 0.002352, 0.001781, 0.001340, 0.001001, 0.000742, 0.000547, 0.000401, 0.000294, 0.000218, 0.000169, 0.000144
0.000168, 0.000196, 0.000253, 0.000342, 0.000466, 0.000636, 0.000863, 0.001164, 0.001558, 0.002071, 0.002735, 0.003586, 0.004670, 0.006039, 0.007755, 0.009891, 0.012526, 0.015755, 0.019678, 0.024409, 0.030066, 0.036779, 0.044680, 0.053901, 0.064576, 0.076829, 0.090775, 0.106509, 0.124105, 0.143607, 0.165022, 0.188318, 0.213415, 0.240181, 0.268433, 0.297929, 0.328377, 0.359430, 0.390695, 0.421738, 0.452095, 0.481279, 0.508799, 0.534168, 0.556916, 0.576611, 0.592868, 0.605361, 0.613835, 0.618117, 0.618117, 0.613836, 0.605362, 0.592869, 0.576613, 0.556917, 0.534169, 0.508801, 0.481281, 0.452096, 0.421740, 0.390697, 0.359432, 0.328379, 0.297931, 0.268434, 0.240183, 0.213417, 0.188320, 0.165024, 0.143608, 0.124106, 0.106510, 0.090776, 0.076830, 0.064577, 0.053902, 0.044680, 0.036780, 0.030067, 0.024409, 0.019678, 0.015755, 0.012527, 0.009891, 0.007755, 0.006039, 0.004670, 0.003586, 0.002735, 0.002071, 0.001558, 0.001164, 0.000863, 0.000636, 0.000466, 0.000342, 0.000253, 0.000196, 0.000168
0.000194, 0.000227, 0.000292, 0.000395, 0.000539, 0.000735, 0.000997, 0.001344, 0.001799, 0.002392, 0.003158, 0.004141, 0.005393, 0.006974, 0.008956, 0.011422, 0.014465, 0.018194, 0.022724, 0.028187, 0.034720, 0.042472, 0.051596, 0.062245, 0.074572, 0.088721, 0.104825, 0.122995, 0.143314, 0.165835, 0.190565, 0.217467, 0.246448, 0.277358, 0.309982, 0.344044, 0.379205, 0.415064, 0.451168, 0.487016, 0.522071, 0.555773, 0.587553, 0.616847, 0.643117, 0.665861, 0.684634, 0.699060, 0.708847, 0.713791, 0.713791, 0.708847, 0.699061, 0.684635, 0.665862, 0.643119, 0.616849, 0.587555, 0.555775, 0.522073, 0.487018, 0.451170, 0.415066, 0.379207, 0.344046, 0.309984, 0.277360, 0.246450, 0.217469, 0.190567, 0.165836, 0.143316, 0.122996, 0.104826, 0.088722, 0.074572, 0.062245, 0.051596, 0.042473, 0.034721, 0.028187, 0.022724, 0.018194, 0.014466, 0.011422, 0.008956, 0.006974, 0.005393, 0.004142, 0.003158, 0.002392, 0.001799, 0.001344, 0.000997, 0.000735, 0.000539, 0.000395, 0.000292, 0.000227, 0.000194
0.000222, 0.000260, 0.000335, 0.000452, 0.000618, 0.000843, 0.001143, 0.001541, 0.002063, 0.002743, 0.003622, 0.004749, 0.006184, 0.007997, 0.010270, 0.013097, 0.016588, 0.020863, 0.026058, 0.032322, 0.039814, 0.048704, 0.059165, 0.071377, 0.085512, 0.101738, 0.120205, 0.141040, 0.164341, 0.190165, 0.218524, 0.249373, 0.282606, 0.318050, 0.355460, 0.394520, 0.434839, 0.475960, 0.517361, 0.558468, 0.598666, 0.637313, 0.673755, 0.707348, 0.737471, 0.763552, 0.785079, 0.801622, 0.812844, 0.818514, 0.818514, 0.812845, 0.801623, 0.785081, 0.763553, 0.737473, 0.707350, 0.673757, 0.637315, 0.598669, 0.558471, 0.517363, 0.475963, 0.434842, 0.394523, 0.355463, 0.318052, 0.282608, 0.249375, 0.218526, 0.190167, 0.164343, 0.141042, 0.120206, 0.101739, 0.085513, 0.071378, 0.059166, 0.048704, 0.039815, 0.032323, 0.026059, 0.020863, 0.016588, 0.013097, 0.010270, 0.007997, 0.006184, 0.004749, 0.003622, 0.002743, 0.002063, 0.001541, 0.001143, 0.000843, 0.000618, 0.000452, 0.000335, 0.000260, 0.000222
0.000253, 0.000296, 0.000382, 0.000515, 0.000703, 0.000959, 0.001302, 0.001755, 0.002349, 0.003124, 0.004124, 0.005408, 0.007042, 0.009106, 0.011694, 0.014914, 0.018888, 0.023757, 0.029673, 0.036805, 0.045337, 0.055459, 0.067372, 0.081277, 0.097373, 0.115850, 0.136878, 0.160603, 0.187135, 0.216542, 0.248834, 0.283961, 0.321803, 0.362164, 0.404763, 0.449240, 0.495152, 0.541976, 0.589119, 0.635928, 0.681702, 0.725709, 0.767205, 0.805457, 0.839759, 0.869457, 0.893970, 0.912807, 0.925586, 0.932042, 0.932042, 0.925587, 0.912808, 0.893971, 0.869459, 0.839761, 0.805459, 0.767208, 0.725711, 0.681705, 0.635931, 0.589122, 0.541979, 0.495155, 0.449243, 0.404766, 0.362166, 0.321806, 0.283964, 0.248836, 0.216544, 0.187137, 0.160604, 0.136879, 0.115851, 0.097374, 0.081278, 0.067373, 0.055460, 0.045337, 0.036806, 0.029673, 0.023757, 0.018889, 0.014914, 0.011694, 0.009106, 0.007042, 0.005408, 0.004124, 0.003124, 0.002349, 0.001755, 0.001302, 0.000959, 0.000703, 0.000515, 0.000382, 0.000296, 0.000253
0.000286, 0.000334, 0.000432, 0.000583, 0.000795, 0.001085, 0.001472, 0.001984, 0.002656, 0.003532, 0.004663, 0.006115, 0.007963, 0.010297, 0.013223, 0.016864, 0.021358, 0.026863, 0.033552, 0.041618, 0.051264, 0.062710, 0.076180, 0.091904, 0.110104, 0.130996, 0.154774, 0.181601, 0.211602, 0.244853, 0.281367, 0.321087, 0.363877, 0.409514, 0.457683, 0.507975, 0.559890, 0.612835, 0.666142, 0.719071, 0.770829, 0.820589, 0.867511, 0.910764, 0.949551, 0.983131, 1.010849, 1.032150, 1.046599, 1.053899, 1.053899, 1.046599, 1.032151, 1.010851, 0.983133, 0.949553, 0.910767, 0.867514, 0.820592, 0.770832, 0.719074, 0.666146, 0.612839, 0.559893, 0.507978, 0.457686, 0.409517, 0.363880, 0.321090, 0.281370, 0.244855, 0.211604, 0.181602, 0.154775, 0.130998, 0.110106, 0.091905, 0.076181, 0.062711, 0.051265, 0.041618, 0.033553, 0.026863, 0.021358, 0.016864, 0.013223, 0.010297, 0.007963, 0.006115, 0.004664, 0.003532, 0.002656, 0.001984, 0.001472, 0.001085, 0.000795, 0.000583, 0.000432, 0.000334, 0.000286
0.000322, 0.000376, 0.000485, 0.000654, 0.000893, 0.001218, 0.001653, 0.002228, 0.002983, 0.003966, 0.005236, 0.006866, 0.008941, 0.011562, 0.014848, 0.018935, 0.023982, 0.030163, 0.037674, 0.046730, 0.057562, 0.070414, 0.085539, 0.103193, 0.123630, 0.147088, 0.173786, 0.203909, 0.237596, 0.274931, 0.315930, 0.360529, 0.408576, 0.459818, 0.513905, 0.570375, 0.628666, 0.688116, 0.747971, 0.807401, 0.865517, 0.921390, 0.974075, 1.022641, 1.066192, 1.103898, 1.135021, 1.158938, 1.175161, 1.183358, 1.183358, 1.175162, 1.158939, 1.135022, 1.103900, 1.066195, 1.022644, 0.974078, 0.921393, 0.865520, 0.807405, 0.747974, 0.688119, 0.628670, 0.570378, 0.513908, 0.459822, 0.408579, 0.360532, 0.315932, 0.274933, 0.237598, 0.203911, 0.173788, 0.147090, 0.123631, 0.103194, 0.085540, 0.070414, 0.057562, 0.046731, 0.037674, 0.030163, 0.023982, 0.018936, 0.014848, 0.011562, 0.008941, 0.006866, 0.005236, 0.003966, 0.002983, 0.002228, 0.001653, 0.001218, 0.000893, 0.000654, 0.000485, 0.000376, 0.000322
0.000359, 0.000419, 0.000541, 0.000729, 0.000996, 0.001358, 0.001843, 0.002484, 0.003326, 0.004422, 0.005838, 0.007656, 0.009969, 0.012891, 0.016555, 0.021113, 0.026739, 0.033631, 0.042006, 0.052104, 0.064181, 0.078511, 0.095375, 0.115060, 0.137846, 0.164002, 0.193770, 0.227356, 0.264917, 0.306545, 0.352259, 0.401987, 0.455558, 0.512693, 0.572999, 0.635963, 0.700957, 0.767242, 0.833980, 0.900244, 0.965043, 1.027340, 1.086084, 1.140235, 1.188794, 1.230835, 1.265536, 1.292203, 1.310293, 1.319432, 1.319432, 1.310294, 1.292205, 1.265538, 1.230837, 1.188796, 1.140238, 1.086088, 1.027344, 0.965047, 0.900248, 0.833984, 0.767246, 0.700961, 0.635966, 0.573002, 0.512697, 0.455562, 0.401990, 0.352262, 0.306548, 0.264920, 0.227359, 0.193772, 0.164004, 0.137848, 0.115061, 0.095376, 0.078512, 0.064182, 0.052104, 0.042007, 0.033632, 0.026740, 0.021113, 0.016555, 0.012891, 0.009969, 0.007656, 0.005839, 0.004422, 0.003326, 0.002484, 0.001843, 0.001358, 0.000996, 0.000729, 0.000541, 0.000419, 0.000359
0.000397, 0.000464, 0.000599, 0.000807, 0.001102, 0.001504, 0.002040, 0.002750, 0.003682, 0.004896, 0.006464, 0.008476, 0.011037, 0.014273, 0.018330, 0.023376, 0.029606, 0.037236, 0.046509, 0.057689, 0.071061, 0.086927, 0.105599, 0.127394, 0.152623, 0.181583, 0.214542, 0.251728, 0.293315, 0.339406, 0.390020, 0.445078, 0.504392, 0.567652, 0.634422, 0.704135, 0.776096, 0.849487, 0.923379, 0.996746, 1.068491, 1.137467, 1.202507, 1.262462, 1.316226, 1.362775, 1.401196, 1.430721, 1.450749, 1.460868, 1.460869, 1.450750, 1.430723, 1.401198, 1.362777, 1.316229, 1.262465, 1.202511, 1.137471, 1.068495, 0.996751, 0.923383, 0.849492, 0.776101, 0.704139, 0.634426, 0.567656, 0.504396, 0.445082, 0.390023, 0.339409, 0.293318, 0.251731, 0.214544, 0.181585, 0.152625, 0.127395, 0.105600, 0.086928, 0.071062, 0.057690, 0.046510, 0.037237, 0.029606, 0.023377, 0.018330, 0.014273, 0.011038, 0.008476, 0.006464, 0.004896, 0.003682, 0.002751, 0.002040, 0.001504, 0.001102, 0.000808, 0.000599, 0.000464, 0.000397
0.000436, 0.000510, 0.000658, 0.000888, 0.001212, 0.001653, 0.002243, 0.003024, 0.004049, 0.005383, 0.007107, 0.009319, 0.012135, 0.015693, 0.020153, 0.025701, 0.032550, 0.040940, 0.051135, 0.063427, 0.078129, 0.095572, 0.116101, 0.140064, 0.167802, 0.199642, 0.235879, 0.276764, 0.322487, 0.373162, 0.428810, 0.489344, 0.554557, 0.624108, 0.697518, 0.774165, 0.853283, 0.933973, 1.015213, 1.095877, 1.174757, 1.250593, 1.322101, 1.388018, 1.447130, 1.498309, 1.540551, 1.573012, 1.595033, 1.606158, 1.606158, 1.595034, 1.573014, 1.540553, 1.498311, 1.447134, 1.388022, 1.322106, 1.250597, 1.174762, 1.095882, 1.015218, 0.933978, 0.853288, 0.774170, 0.697523, 0.624112, 0.554561, 0.489348, 0.428813, 0.373165, 0.322490, 0.276766, 0.235881, 0.199644, 0.167804, 0.140066, 0.116103, 0.095573, 0.078130, 0.063427, 0.051135, 0.040940, 0.032551, 0.025702, 0.020153, 0.015693, 0.012135, 0.009319, 0.007107, 0.005383, 0.004049, 0.003024, 0.002243, 0.001653, 0.001212, 0.000888, 0.000658, 0.000510, 0.000436
0.000476, 0.000557, 0.000719, 0.000969, 0.001323, 0.001805, 0.002449, 0.003302, 0.004420, 0.005877, 0.007760, 0.010175, 0.013249, 0.017133, 0.022002, 0.028060, 0.035538, 0.044697, 0.055827, 0.069247, 0.085298, 0.104343, 0.126756, 0.152917, 0.183201, 0.217963, 0.257525, 0.302162, 0.352081, 0.407406, 0.468161, 0.534250, 0.605447, 0.681381, 0.761528, 0.845208, 0.931586, 1.019681, 1.108376, 1.196442, 1.282561, 1.365356, 1.443427, 1.515393, 1.579929, 1.635803, 1.681921, 1.717362, 1.741403, 1.753550, 1.753550, 1.741404, 1.717364, 1.681924, 1.635806, 1.579932, 1.515398, 1.443432, 1.365360, 1.282566, 1.196448, 1.108382, 1.019686, 0.931592, 0.845213, 0.761533, 0.681386, 0.605452, 0.534254, 0.468165, 0.407410, 0.352084, 0.302165, 0.257528, 0.217965, 0.183203, 0.152919, 0.126757, 0.104344, 0.085300, 0.069248, 0.055828, 0.044697, 0.035538, 0.028060, 0.022003, 0.017133, 0.013249, 0.010175, 0.007760, 0.005877, 0.004420, 0.003302, 0.002449, 0.001805, 0.001323, 0.000969, 0.000719, 0.000557, 0.000477
0.000517, 0.000603, 0.000779, 0.001051, 0.001435, 0.001957, 0.002655, 0.003579, 0.004792, 0.006371, 0.008412, 0.011031, 0.014364, 0.018574, 0.023853, 0.030421, 0.038528, 0.048457, 0.060524, 0.075073, 0.092475, 0.113122, 0.137421, 0.165783, 0.198615, 0.236301, 0.279192, 0.327584, 0.381703, 0.441683, 0.507549, 0.579198, 0.656385, 0.738708, 0.825598, 0.916318, 1.009963, 1.105469, 1.201627, 1.297102, 1.390466, 1.480226, 1.564866, 1.642887, 1.712851, 1.773426, 1.823425, 1.861847, 1.887911, 1.901080, 1.901080, 1.887912, 1.861849, 1.823428, 1.773430, 1.712856, 1.642892, 1.564871, 1.480231, 1.390472, 1.297108, 1.201632, 1.105475, 1.009969, 0.916323, 0.825603, 0.738713, 0.656390, 0.579203, 0.507553, 0.441687, 0.381707, 0.327587, 0.279195, 0.236304, 0.198617, 0.165785, 0.137422, 0.113123, 0.092476, 0.075074, 0.060525, 0.048458, 0.038528, 0.030421, 0.023854, 0.018575, 0.014364, 0.011031, 0.008413, 0.006371, 0.004792, 0.003579, 0.002655, 0.001957, 0.001435, 0.001051, 0.000779, 0.000603, 0.000517
0.000556, 0.000650, 0.000839, 0.001131, 0.001545, 0.002107, 0.002859, 0.003853, 0.005159, 0.006859, 0.009056, 0.011875, 0.015463, 0.019996, 0.025680, 0.032750, 0.041477, 0.052167, 0.065158, 0.080821, 0.099554, 0.121782, 0.147941, 0.178474, 0.213819, 0.254391, 0.300565, 0.352662, 0.410923, 0.475495, 0.546403, 0.623537, 0.706633, 0.795257, 0.888798, 0.986463, 1.087277, 1.190094, 1.293612, 1.396396, 1.496907, 1.593538, 1.684658, 1.768651, 1.843972, 1.909183, 1.963009, 2.004373, 2.032432, 2.046609, 2.046609, 2.032433, 2.004375, 1.963012, 1.909187, 1.843976, 1.768656, 1.684663, 1.593544, 1.496913, 1.396403, 1.293619, 1.190101, 1.087283, 0.986469, 0.888804, 0.795263, 0.706638, 0.623542, 0.546407, 0.475499, 0.410927, 0.352665, 0.300568, 0.254393, 0.213822, 0.178476, 0.147942, 0.121783, 0.099556, 0.080822, 0.065159, 0.052168, 0.041478, 0.032750, 0.025680, 0.019997, 0.015464, 0.011875, 0.009057, 0.006859, 0.005159, 0.003853, 0.002859, 0.002107, 0.001545, 0.001131, 0.000839, 0.000650, 0.000556
0.000595, 0.000694, 0.000897, 0.001209, 0.001651, 0.002252, 0.003056, 0.004119, 0.005515, 0.007332, 0.009682, 0.012695, 0.016531, 0.021377, 0.027452, 0.035010, 0.044340, 0.055768, 0.069655, 0.086399, 0.106426, 0.130188, 0.158152, 0.190793, 0.228578, 0.271950, 0.321311, 0.377004, 0.439286, 0.508315, 0.584117, 0.666575, 0.755406, 0.850147, 0.950145, 1.054551, 1.162323, 1.272236, 1.382900, 1.492778, 1.600226, 1.703526, 1.800935, 1.890726, 1.971245, 2.040957, 2.098499, 2.142717, 2.172713, 2.187868, 2.187868, 2.172714, 2.142719, 2.098501, 2.040961, 1.971250, 1.890731, 1.800941, 1.703533, 1.600232, 1.492785, 1.382907, 1.272243, 1.162329, 1.054557, 0.950151, 0.850153, 0.755412, 0.666580, 0.584121, 0.508319, 0.439290, 0.377007, 0.321314, 0.271952, 0.228580, 0.190795, 0.158154, 0.130189, 0.106427, 0.086400, 0.069656, 0.055769, 0.044341, 0.035011, 0.027452, 0.021377, 0.016531, 0.012695, 0.009682, 0.007333, 0.005515, 0.004119, 0.003056, 0.002252, 0.001651, 0.001209, 0.000897, 0.000694, 0.000595
0.000631, 0.000737, 0.000952, 0.001284, 0.001753, 0.002391, 0.003244, 0.004373, 0.005854, 0.007784, 0.010277, 0.013476, 0.017548, 0.022692, 0.029142, 0.037165, 0.047069, 0.059200, 0.073943, 0.091717, 0.112976, 0.138200, 0.167886, 0.202536, 0.242646, 0.288687, 0.341086, 0.400207, 0.466323, 0.539599, 0.620066, 0.707599, 0.801898, 0.902470, 1.008621, 1.119452, 1.233857, 1.350536, 1.468009, 1.584650, 1.698711, 1.808369, 1.911772, 2.007089, 2.092563, 2.166566, 2.227649, 2.274589, 2.306430, 2.322518, 2.322519, 2.306432, 2.274591, 2.227652, 2.166570, 2.092568, 2.007095, 1.911778, 1.808375, 1.698718, 1.584657, 1.468017, 1.350543, 1.233864, 1.119459, 1.008628, 0.902476, 0.801904, 0.707605, 0.620071, 0.539604, 0.466327, 0.400210, 0.341090, 0.288690, 0.242649, 0.202538, 0.167888, 0.138202, 0.112978, 0.091718, 0.073943, 0.059201, 0.047070, 0.037165, 0.029142, 0.022693, 0.017548, 0.013476, 0.010278, 0.007784, 0.005855, 0.004373, 0.003244, 0.002391, 0.001753, 0.001284, 0.000952, 0.000737, 0.000631
0.000665, 0.000777, 0.001003, 0.001353, 0.001848, 0.002520, 0.003420, 0.004610, 0.006171, 0.008205, 0.010834, 0.014206, 0.018498, 0.023921, 0.030719, 0.039176, 0.049617, 0.062404, 0.077944, 0.096681, 0.119091, 0.145680, 0.176972, 0.213497, 0.255778, 0.304311, 0.359546, 0.421866, 0.491560, 0.568802, 0.653624, 0.745894, 0.845296, 0.951311, 1.063207, 1.180036, 1.300632, 1.423625, 1.547456, 1.670409, 1.790642, 1.906235, 2.015234, 2.115710, 2.205809, 2.283817, 2.348205, 2.397686, 2.431251, 2.448208, 2.448209, 2.431252, 2.397688, 2.348209, 2.283822, 2.205815, 2.115715, 2.015241, 1.906242, 1.790650, 1.670417, 1.547464, 1.423633, 1.300640, 1.180044, 1.063214, 0.951317, 0.845302, 0.745900, 0.653629, 0.568807, 0.491564, 0.421870, 0.359550, 0.304314, 0.255781, 0.213500, 0.176974, 0.145682, 0.119092, 0.096682, 0.077945, 0.062405, 0.049617, 0.039177, 0.030719, 0.023921, 0.018498, 0.014206, 0.010834, 0.008205, 0.006171, 0.004610, 0.003420, 0.002520, 0.001848, 0.001353, 0.001003, 0.000777, 0.000665
0.000696, 0.000813, 0.001050, 0.001417, 0.001934, 0.002638, 0.003579, 0.004825, 0.006460, 0.008589, 0.011340, 0.014870, 0.019363, 0.025039, 0.032155, 0.041008, 0.051936, 0.065322, 0.081588, 0.101200, 0.124658, 0.152490, 0.185245, 0.223477, 0.267735, 0.318536, 0.376353, 0.441586, 0.514538, 0.595391, 0.684178, 0.780762, 0.884810, 0.995780, 1.112907, 1.235197, 1.361430, 1.490172, 1.619792, 1.748492, 1.874345, 1.995341, 2.109435, 2.214607, 2.308919, 2.390573, 2.457970, 2.509763, 2.544897, 2.562648, 2.562649, 2.544899, 2.509766, 2.457974, 2.390577, 2.308925, 2.214613, 2.109442, 1.995348, 1.874353, 1.748500, 1.619800, 1.490180, 1.361438, 1.235204, 1.112914, 0.995786, 0.884816, 0.780768, 0.684184, 0.595396, 0.514543, 0.441590, 0.376357, 0.318540, 0.267738, 0.223480, 0.185247, 0.152492, 0.124659, 0.101202, 0.081589, 0.065322, 0.051937, 0.041008, 0.032155, 0.025039, 0.019363, 0.014870, 0.011340, 0.008589, 0.006460, 0.004825, 0.003580, 0.002638, 0.001934, 0.001417, 0.001050, 0.000813, 0.000696
0.000724, 0.000845, 0.001092, 0.001472, 0.002010, 0.002742, 0.003721, 0.005015, 0.006714, 0.008927, 0.011787, 0.015456, 0.020126, 0.026026, 0.033423, 0.042625, 0.053984, 0.067897, 0.084805, 0.105190, 0.129572, 0.158502, 0.192548, 0.232288, 0.278290, 0.331094, 0.391190, 0.458995, 0.534822, 0.618863, 0.711150, 0.811541, 0.919691, 1.035035, 1.156780, 1.283890, 1.415100, 1.548917, 1.683647, 1.817420, 1.948235, 2.074000, 2.192591, 2.301909, 2.399939, 2.484811, 2.554866, 2.608701, 2.645220, 2.663670, 2.663671, 2.645221, 2.608703, 2.554870, 2.484816, 2.399944, 2.301916, 2.192598, 2.074007, 1.948243, 1.817428, 1.683655, 1.548926, 1.415109, 1.283898, 1.156787, 1.035043, 0.919698, 0.811547, 0.711156, 0.618868, 0.534827, 0.458999, 0.391194, 0.331098, 0.278293, 0.232290, 0.192550, 0.158504, 0.129574, 0.105191, 0.084806, 0.067898, 0.053984, 0.042625, 0.033423, 0.026026, 0.020126, 0.015456, 0.011787, 0.008927, 0.006715, 0.005015, 0.003721, 0.002742, 0.002010, 0.001472, 0.001092, 0.000845, 0.000724
0.000747, 0.000873, 0.001127, 0.001520, 0.002075, 0.002830, 0.003840, 0.005177, 0.006930, 0.009214, 0.012166, 0.015953, 0.020773, 0.026863, 0.034497, 0.043995, 0.055719, 0.070080, 0.087531, 0.108572, 0.133738, 0.163598, 0.198738, 0.239756, 0.287237, 0.341739, 0.403767, 0.473752, 0.552017, 0.638759, 0.734013, 0.837632, 0.949258, 1.068311, 1.193969, 1.325167, 1.460595, 1.598714, 1.737774, 1.875848, 2.010868, 2.140676, 2.263080, 2.375912, 2.477093, 2.564695, 2.637001, 2.692566, 2.730259, 2.749304, 2.749304, 2.730261, 2.692569, 2.637005, 2.564700, 2.477098, 2.375919, 2.263088, 2.140684, 2.010876, 1.875857, 1.737783, 1.598723, 1.460603, 1.325175, 1.193977, 1.068318, 0.949265, 0.837638, 0.734020, 0.638765, 0.552022, 0.473756, 0.403771, 0.341742, 0.287240, 0.239759, 0.198741, 0.163600, 0.133740, 0.108573, 0.087532, 0.070081, 0.055720, 0.043996, 0.034498, 0.026863, 0.020773, 0.015953, 0.012166, 0.009214, 0.006930, 0.005177, 0.003840, 0.002830, 0.002075, 0.001520, 0.001127, 0.000873, 0.000747
0.000766, 0.000894, 0.001155, 0.001558, 0.002127, 0.002901, 0.003936, 0.005306, 0.007103, 0.009444, 0.012470, 0.016351, 0.021291, 0.027533, 0.035357, 0.045092, 0.057108, 0.071827, 0.089713, 0.111279, 0.137072, 0.167676, 0.203693, 0.245733, 0.294397, 0.350258, 0.413833, 0.485561, 0.565778, 0.654682, 0.752311, 0.858512, 0.972921, 1.094941, 1.223731, 1.358199, 1.497002, 1.638564, 1.781091, 1.922607, 2.060992, 2.194036, 2.319491, 2.435135, 2.538837, 2.628623, 2.702732, 2.759684, 2.798315, 2.817835, 2.817836, 2.798316, 2.759686, 2.702736, 2.628628, 2.538843, 2.435141, 2.319499, 2.194044, 2.061000, 1.922616, 1.781100, 1.638573, 1.497011, 1.358207, 1.223740, 1.094949, 0.972928, 0.858519, 0.752317, 0.654688, 0.565783, 0.485566, 0.413837, 0.350262, 0.294401, 0.245736, 0.203695, 0.167678, 0.137074, 0.111280, 0.089715, 0.071828, 0.057109, 0.045092, 0.035358, 0.027533, 0.021291, 0.016351, 0.012470, 0.009444, 0.007103, 0.005306, 0.003936, 0.002901, 0.002127, 0.001558, 0.001155, 0.000894, 0.000766
0.000779, 0.000910, 0.001175, 0.001585, 0.002164, 0.002952, 0.004006, 0.005400, 0.007229, 0.009612, 0.012691, 0.016641, 0.021669, 0.028021, 0.035985, 0.045893, 0.058123, 0.073102, 0.091306, 0.113255, 0.139506, 0.170653, 0.207309, 0.250096, 0.299625, 0.356477, 0.421181, 0.494183, 0.575824, 0.666306, 0.765668, 0.873755, 0.990195, 1.114382, 1.245459, 1.382313, 1.523579, 1.667656, 1.812714, 1.956741, 2.097583, 2.232990, 2.360673, 2.478367, 2.583913, 2.675296, 2.750721, 2.808683, 2.848001, 2.867866, 2.867866, 2.848003, 2.808686, 2.750726, 2.675302, 2.583919, 2.478374, 2.360680, 2.232997, 2.097592, 1.956750, 1.812723, 1.667665, 1.523588, 1.382322, 1.245467, 1.114390, 0.990202, 0.873762, 0.765675, 0.666312, 0.575829, 0.494188, 0.421185, 0.356481, 0.299628, 0.250099, 0.207312, 0.170655, 0.139508, 0.113256, 0.091308, 0.073103, 0.058123, 0.045893, 0.035986, 0.028022, 0.021669, 0.016641, 0.012691, 0.009612, 0.007229, 0.005400, 0.004006, 0.002952, 0.002165, 0.001585, 0.001175, 0.000910, 0.000779
0.000788, 0.000920, 0.001188, 0.001602, 0.002187, 0.002984, 0.004048, 0.005457, 0.007306, 0.009714, 0.012826, 0.016818, 0.021900, 0.028319, 0.036368, 0.046381, 0.058741, 0.073880, 0.092277, 0.114459, 0.140990, 0.172468, 0.209514, 0.252756, 0.302811, 0.360268, 0.425659, 0.499438, 0.581946, 0.673391, 0.773809, 0.883045, 1.000723, 1.126230, 1.258701, 1.397010, 1.539780, 1.685388, 1.831987, 1.977546, 2.119885, 2.256736, 2.385775, 2.504724, 2.611389, 2.703740, 2.779966, 2.838543, 2.878278, 2.898354, 2.898355, 2.878280, 2.838546, 2.779970, 2.703745, 2.611396, 2.504731, 2.385783, 2.256743, 2.119893, 1.977555, 1.831996, 1.685397, 1.539789, 1.397019, 1.258709, 1.126238, 1.000731, 0.883052, 0.773816, 0.673397, 0.581952, 0.499442, 0.425663, 0.360272, 0.302814, 0.252758, 0.209516, 0.172470, 0.140991, 0.114460, 0.092279, 0.073881, 0.058742, 0.046381, 0.036368, 0.028320, 0.021900, 0.016818, 0.012826, 0.009714, 0.007306, 0.005457, 0.004049, 0.002984, 0.002188, 0.001602, 0.001188, 0.000920, 0.000788
0.000790, 0.000923, 0.001192, 0.001608, 0.002195, 0.002994, 0.004063, 0.005477, 0.007332, 0.009749, 0.012872, 0.016878, 0.021978, 0.028420, 0.036497, 0.046546, 0.058950, 0.074143, 0.092606, 0.114866, 0.141492, 0.173082, 0.210260, 0.253656, 0.303889, 0.361550, 0.427175, 0.501216, 0.584018, 0.675788, 0.776564, 0.886188, 1.004285, 1.130239, 1.263180, 1.401982, 1.545261, 1.691386, 1.838508, 1.984587, 2.127434, 2.264767, 2.394266, 2.513638, 2.620682, 2.713361, 2.789858, 2.848643, 2.888519, 2.908667, 2.908668, 2.888521, 2.848646, 2.789862, 2.713366, 2.620688, 2.513645, 2.394273, 2.264775, 2.127443, 1.984596, 1.838517, 1.691395, 1.545270, 1.401991, 1.263188, 1.130247, 1.004292, 0.886195, 0.776570, 0.675794, 0.584023, 0.501220, 0.427179, 0.361554, 0.303892, 0.253658, 0.210263, 0.173084, 0.141493, 0.114868, 0.092607, 0.074144, 0.058951, 0.046547, 0.036498, 0.028421, 0.021978, 0.016878, 0.012872, 0.009749, 0.007332, 0.005477, 0.004063, 0.002994, 0.002195, 0.001608, 0.001192, 0.000923, 0.000790
0.000788, 0.000920, 0.001188, 0.001602, 0.002188, 0.002984, 0.004049, 0.005458, 0.007307, 0.009715, 0.012827, 0.016819, 0.021902, 0.028322, 0.036371, 0.046385, 0.058746, 0.073886, 0.092285, 0.114469, 0.141002, 0.172483, 0.209532, 0.252777, 0.302837, 0.360298, 0.425695, 0.499479, 0.581995, 0.673447, 0.773873, 0.883118, 1.000805, 1.126322, 1.258803, 1.397125, 1.539908, 1.685526, 1.832138, 1.977710, 2.120062, 2.256918, 2.385967, 2.504925, 2.611599, 2.703957, 2.780190, 2.838771, 2.878510, 2.898587, 2.898588, 2.878511, 2.838774, 2.780194, 2.703963, 2.611606, 2.504933, 2.385975, 2.256926, 2.120070, 1.977719, 1.832147, 1.685535, 1.539917, 1.397133, 1.258812, 1.126330, 1.000813, 0.883125, 0.773880, 0.673453, 0.582000, 0.499484, 0.425699, 0.360302, 0.302840, 0.252780, 0.209534, 0.172485, 0.141003, 0.114470, 0.092287, 0.073887, 0.058747, 0.046385, 0.036372, 0.028322, 0.021902, 0.016820, 0.012827, 0.009715, 0.007307, 0.005458, 0.004049, 0.002984, 0.002188, 0.001602, 0.001188, 0.000920, 0.000788
0.000780, 0.000910, 0.001175, 0.001586, 0.002165, 0.002953, 0.004007, 0.005401, 0.007231, 0.009613, 0.012693, 0.016644, 0.021673, 0.028026, 0.035991, 0.045901, 0.058133, 0.073115, 0.091322, 0.113274, 0.139530, 0.170682, 0.207344, 0.250138, 0.299675, 0.356537, 0.421251, 0.494265, 0.575919, 0.666416, 0.765794, 0.873898, 0.990357, 1.114563, 1.245662, 1.382541, 1.523830, 1.667928, 1.813009, 1.957060, 2.097926, 2.233353, 2.361055, 2.478771, 2.584331, 2.675725, 2.751161, 2.809131, 2.848455, 2.868324, 2.868324, 2.848457, 2.809134, 2.751165, 2.675730, 2.584337, 2.478778, 2.361063, 2.233361, 2.097934, 1.957069, 1.813018, 1.667937, 1.523839, 1.382549, 1.245670, 1.114571, 0.990364, 0.873905, 0.765800, 0.666422, 0.575924, 0.494269, 0.421255, 0.356540, 0.299678, 0.250141, 0.207347, 0.170684, 0.139532, 0.113275, 0.091323, 0.073116, 0.058133, 0.045901, 0.035992, 0.028027, 0.021673, 0.016644, 0.012694, 0.009614, 0.007231, 0.005401, 0.004007, 0.002953, 0.002165, 0.001586, 0.001175, 0.000910, 0.000780
0.000766, 0.000895, 0.001155, 0.001558, 0.002127, 0.002902, 0.003937, 0.005307, 0.007105, 0.009447, 0.012473, 0.016355, 0.021297, 0.027540, 0.035366, 0.045103, 0.057123, 0.071845, 0.089736, 0.111307, 0.137107, 0.167718, 0.203744, 0.245794, 0.294471, 0.350345, 0.413935, 0.485681, 0.565917, 0.654842, 0.752494, 0.858720, 0.973157, 1.095206, 1.224029, 1.358529, 1.497365, 1.638960, 1.781520, 1.923069, 2.061487, 2.194563, 2.320047, 2.435719, 2.539446, 2.629252, 2.703378, 2.760341, 2.798982, 2.818505, 2.818506, 2.798984, 2.760344, 2.703382, 2.629257, 2.539452, 2.435725, 2.320055, 2.194571, 2.061496, 1.923078, 1.781529, 1.638968, 1.497373, 1.358537, 1.224037, 1.095213, 0.973164, 0.858727, 0.752500, 0.654848, 0.565922, 0.485685, 0.413939, 0.350348, 0.294474, 0.245797, 0.203746, 0.167720, 0.137108, 0.111308, 0.089737, 0.071846, 0.057124, 0.045104, 0.035367, 0.027540, 0.021297, 0.016355, 0.012473, 0.009447, 0.007105, 0.005307, 0.003937, 0.002902, 0.002127, 0.001558, 0.001155, 0.000895, 0.000766
0.000747, 0.000873, 0.001127, 0.001520, 0.002076, 0.002831, 0.003842, 0.005178, 0.006933, 0.009218, 0.012171, 0.015958, 0.020780, 0.026872, 0.034509, 0.044010, 0.055738, 0.070103, 0.087561, 0.108608, 0.133783, 0.163652, 0.198804, 0.239835, 0.287331, 0.341850, 0.403899, 0.473905, 0.552195, 0.638964, 0.734248, 0.837899, 0.949561, 1.068653, 1.194350, 1.325589, 1.461058, 1.599220, 1.738324, 1.876440, 2.011502, 2.141350, 2.263791, 2.376658, 2.477870, 2.565498, 2.637827, 2.693409, 2.731113, 2.750163, 2.750164, 2.731115, 2.693412, 2.637831, 2.565503, 2.477875, 2.376665, 2.263798, 2.141358, 2.011510, 1.876448, 1.738332, 1.599229, 1.461067, 1.325597, 1.194358, 1.068661, 0.949568, 0.837905, 0.734254, 0.638970, 0.552200, 0.473909, 0.403903, 0.341854, 0.287334, 0.239837, 0.198806, 0.163654, 0.133784, 0.108609, 0.087562, 0.070104, 0.055739, 0.044011, 0.034510, 0.026872, 0.020781, 0.015959, 0.012171, 0.009218, 0.006933, 0.005178, 0.003842, 0.002831, 0.002076, 0.001520, 0.001127, 0.000873, 0.000747
0.000724, 0.000846, 0.001092, 0.001473, 0.002011, 0.002743, 0.003722, 0.005017, 0.006717, 0.008931, 0.011792, 0.015462, 0.020135, 0.026037, 0.033437, 0.042642, 0.054006, 0.067925, 0.084839, 0.105233, 0.129625, 0.158566, 0.192626, 0.232381, 0.278401, 0.331226, 0.391346, 0.459177, 0.535034, 0.619107, 0.711430, 0.811859, 0.920051, 1.035442, 1.157232, 1.284391, 1.415650, 1.549518, 1.684298, 1.818122, 1.948986, 2.074799, 2.193435, 2.302794, 2.400860, 2.485765, 2.555846, 2.609700, 2.646232, 2.664690, 2.664691, 2.646234, 2.609703, 2.555850, 2.485770, 2.400866, 2.302801, 2.193442, 2.074806, 1.948994, 1.818130, 1.684306, 1.549526, 1.415659, 1.284399, 1.157240, 1.035449, 0.920058, 0.811865, 0.711435, 0.619112, 0.535039, 0.459181, 0.391350, 0.331230, 0.278405, 0.232384, 0.192628, 0.158568, 0.129627, 0.105234, 0.084841, 0.067926, 0.054007, 0.042643, 0.033437, 0.026037, 0.020135, 0.015463, 0.011793, 0.008931, 0.006717, 0.005018, 0.003722, 0.002743, 0.002011, 0.001473, 0.001092, 0.000846, 0.000724
0.000697, 0.000814, 0.001051, 0.001417, 0.001935, 0.002639, 0.003581, 0.004828, 0.006463, 0.008593, 0.011346, 0.014877, 0.019372, 0.025051, 0.032171, 0.041028, 0.051961, 0.065353, 0.081627, 0.101249, 0.124717, 0.152562, 0.185332, 0.223583, 0.267861, 0.318686, 0.376529, 0.441791, 0.514776, 0.595666, 0.684493, 0.781121, 0.885217, 0.996237, 1.113416, 1.235760, 1.362050, 1.490849, 1.620525, 1.749282, 1.875191, 1.996240, 2.110385, 2.215603, 2.309956, 2.391647, 2.459074, 2.510889, 2.546037, 2.563796, 2.563797, 2.546039, 2.510892, 2.459078, 2.391652, 2.309962, 2.215609, 2.110392, 1.996248, 1.875199, 1.749290, 1.620533, 1.490857, 1.362058, 1.235768, 1.113423, 0.996244, 0.885223, 0.781127, 0.684499, 0.595671, 0.514781, 0.441796, 0.376533, 0.318689, 0.267864, 0.223586, 0.185335, 0.152564, 0.124719, 0.101250, 0.081628, 0.065354, 0.051962, 0.041028, 0.032171, 0.025052, 0.019373, 0.014877, 0.011346, 0.008593, 0.006463, 0.004828, 0.003581, 0.002640, 0.001935, 0.001417, 0.001051, 0.000814, 0.000697
0.000666, 0.000778, 0.001004, 0.001354, 0.001849, 0.002522, 0.003422, 0.004612, 0.006175, 0.008210, 0.010840, 0.014214, 0.018508, 0.023934, 0.030736, 0.039198, 0.049644, 0.062438, 0.077987, 0.096733, 0.119155, 0.145758, 0.177067, 0.213612, 0.255915, 0.304473, 0.359736, 0.422088, 0.491818, 0.569100, 0.653965, 0.746283, 0.845736, 0.951805, 1.063758, 1.180646, 1.301302, 1.424357, 1.548250, 1.671264, 1.791558, 1.907208, 2.016262, 2.116787, 2.206932, 2.284978, 2.349399, 2.398903, 2.432484, 2.449450, 2.449451, 2.432486, 2.398905, 2.349402, 2.284983, 2.206937, 2.116793, 2.016268, 1.907215, 1.791565, 1.671272, 1.548258, 1.424365, 1.301310, 1.180653, 1.063765, 0.951812, 0.845743, 0.746289, 0.653971, 0.569105, 0.491822, 0.422092, 0.359740, 0.304476, 0.255917, 0.213614, 0.177069, 0.145760, 0.119157, 0.096734, 0.077988, 0.062439, 0.049645, 0.039199, 0.030736, 0.023934, 0.018509, 0.014214, 0.010840, 0.008210, 0.006175, 0.004612, 0.003422, 0.002522, 0.001849, 0.001354, 0.001004, 0.000778, 0.000666
0.000632, 0.000738, 0.000952, 0.001285, 0.001754, 0.002392, 0.003246, 0.004376, 0.005858, 0.007789, 0.010284, 0.013485, 0.017559, 0.022706, 0.029160, 0.037188, 0.047098, 0.059236, 0.073987, 0.091772, 0.113044, 0.138283, 0.167985, 0.202656, 0.242789, 0.288856, 0.341286, 0.400439, 0.466593, 0.539911, 0.620423, 0.708006, 0.802358, 0.902987, 1.009198, 1.120090, 1.234559, 1.351301, 1.468840, 1.585545, 1.699668, 1.809386, 1.912847, 2.008216, 2.093738, 2.167781, 2.228897, 2.275862, 2.307720, 2.323817, 2.323817, 2.307722, 2.275864, 2.228900, 2.167785, 2.093743, 2.008222, 1.912853, 1.809393, 1.699675, 1.585552, 1.468847, 1.351309, 1.234566, 1.120097, 1.009205, 0.902993, 0.802364, 0.708011, 0.620429, 0.539915, 0.466597, 0.400443, 0.341289, 0.288859, 0.242791, 0.202658, 0.167987, 0.138284, 0.113045, 0.091773, 0.073988, 0.059237, 0.047099, 0.037188, 0.029160, 0.022707, 0.017559, 0.013485, 0.010284, 0.007789, 0.005858, 0.004376, 0.003246, 0.002392, 0.001754, 0.001285, 0.000952, 0.000738, 0.000632
0.000595, 0.000695, 0.000897, 0.001210, 0.001652, 0.002254, 0.003058, 0.004122, 0.005519, 0.007338, 0.009688, 0.012703, 0.016542, 0.021391, 0.027470, 0.035033, 0.044369, 0.055804, 0.069701, 0.086455, 0.106495, 0.130272, 0.158254, 0.190915, 0.228723, 0.272122, 0.321514, 0.377241, 0.439562, 0.508632, 0.584480, 0.666989, 0.755875, 0.850673, 0.950731, 1.055199, 1.163036, 1.273015, 1.383744, 1.493688, 1.601199, 1.704561, 1.802027, 1.891871, 1.972437, 2.042192, 2.099767, 2.144011, 2.174024, 2.189188, 2.189189, 2.174026, 2.144014, 2.099771, 2.042195, 1.972441, 1.891876, 1.802033, 1.704567, 1.601205, 1.493694, 1.383751, 1.273021, 1.163042, 1.055205, 0.950737, 0.850679, 0.755880, 0.666994, 0.584485, 0.508636, 0.439566, 0.377244, 0.321517, 0.272125, 0.228726, 0.190917, 0.158255, 0.130273, 0.106496, 0.086457, 0.069702, 0.055805, 0.044370, 0.035034, 0.027471, 0.021391, 0.016542, 0.012704, 0.009688, 0.007338, 0.005519, 0.004122, 0.003058, 0.002254, 0.001652, 0.001210, 0.000897, 0.000695, 0.000595
0.000557, 0.000650, 0.000839, 0.001132, 0.001546, 0.002108, 0.002861, 0.003856, 0.005163, 0.006864, 0.009063, 0.011884, 0.015474, 0.020011, 0.025698, 0.032773, 0.041506, 0.052203, 0.065203, 0.080876, 0.099623, 0.121865, 0.148041, 0.178595, 0.213964, 0.254562, 0.300766, 0.352897, 0.411196, 0.475809, 0.546763, 0.623947, 0.707097, 0.795777, 0.889378, 0.987105, 1.087983, 1.190865, 1.294448, 1.397297, 1.497870, 1.594562, 1.685739, 1.769785, 1.845152, 1.910405, 1.964265, 2.005654, 2.033730, 2.047915, 2.047916, 2.033731, 2.005656, 1.964268, 1.910409, 1.845156, 1.769789, 1.685744, 1.594568, 1.497877, 1.397303, 1.294455, 1.190871, 1.087989, 0.987111, 0.889384, 0.795783, 0.707102, 0.623952, 0.546767, 0.475813, 0.411200, 0.352900, 0.300769, 0.254565, 0.213966, 0.178597, 0.148043, 0.121867, 0.099624, 0.080877, 0.065204, 0.052204, 0.041507, 0.032773, 0.025698, 0.020011, 0.015475, 0.011884, 0.009063, 0.006864, 0.005163, 0.003856, 0.002861, 0.002108, 0.001546, 0.001132, 0.000839, 0.000650, 0.000557
0.000517, 0.000604, 0.000780, 0.001052, 0.001436, 0.001959, 0.002657, 0.003582, 0.004796, 0.006376, 0.008419, 0.011039, 0.014374, 0.018588, 0.023871, 0.030443, 0.038556, 0.048493, 0.060568, 0.075128, 0.092541, 0.113203, 0.137518, 0.165900, 0.198755, 0.236467, 0.279387, 0.327812, 0.381967, 0.441987, 0.507897, 0.579594, 0.656834, 0.739211, 0.826158, 0.916938, 1.010645, 1.106214, 1.202434, 1.297972, 1.391395, 1.481214, 1.565909, 1.643981, 1.713991, 1.774605, 1.824637, 1.863083, 1.889164, 1.902341, 1.902341, 1.889165, 1.863085, 1.824639, 1.774608, 1.713995, 1.643986, 1.565914, 1.481219, 1.391400, 1.297977, 1.202440, 1.106220, 1.010651, 0.916943, 0.826163, 0.739216, 0.656839, 0.579599, 0.507901, 0.441991, 0.381971, 0.327815, 0.279390, 0.236469, 0.198757, 0.165902, 0.137520, 0.113204, 0.092543, 0.075128, 0.060569, 0.048493, 0.038556, 0.030444, 0.023871, 0.018589, 0.014375, 0.011039, 0.008419, 0.006376, 0.004796, 0.003582, 0.002657, 0.001959, 0.001436, 0.001052, 0.000780, 0.000604, 0.000517
0.000477, 0.000557, 0.000719, 0.000970, 0.001324, 0.001807, 0.002451, 0.003304, 0.004424, 0.005881, 0.007766, 0.010182, 0.013259, 0.017146, 0.022019, 0.028081, 0.035564, 0.044730, 0.055869, 0.069299, 0.085361, 0.104419, 0.126848, 0.153028, 0.183333, 0.218120, 0.257710, 0.302377, 0.352330, 0.407694, 0.468489, 0.534624, 0.605869, 0.681856, 0.762057, 0.845793, 0.932229, 1.020382, 1.109137, 1.197261, 1.283437, 1.366286, 1.444410, 1.516424, 1.581002, 1.636913, 1.683061, 1.718525, 1.742583, 1.754737, 1.754738, 1.742584, 1.718527, 1.683064, 1.636916, 1.581005, 1.516428, 1.444414, 1.366291, 1.283442, 1.197267, 1.109142, 1.020388, 0.932234, 0.845798, 0.762062, 0.681860, 0.605874, 0.534628, 0.468493, 0.407697, 0.352334, 0.302380, 0.257712, 0.218122, 0.183335, 0.153030, 0.126850, 0.104421, 0.085362, 0.069299, 0.055870, 0.044731, 0.035565, 0.028082, 0.022019, 0.017146, 0.013259, 0.010183, 0.007766, 0.005882, 0.004424, 0.003304, 0.002451, 0.001807, 0.001324, 0.000970, 0.000719, 0.000557, 0.000477
0.000437, 0.000510, 0.000659, 0.000889, 0.001213, 0.001655, 0.002245, 0.003026, 0.004052, 0.005387, 0.007113, 0.009327, 0.012145, 0.015705, 0.020168, 0.025721, 0.032575, 0.040971, 0.051173, 0.063474, 0.078187, 0.095643, 0.116187, 0.140166, 0.167924, 0.199787, 0.236049, 0.276962, 0.322717, 0.373426, 0.429112, 0.489688, 0.554945, 0.624544, 0.698005, 0.774703, 0.853873, 0.934618, 1.015912, 1.096630, 1.175562, 1.251448, 1.323005, 1.388966, 1.448116, 1.499327, 1.541597, 1.574080, 1.596115, 1.607248, 1.607248, 1.596116, 1.574082, 1.541600, 1.499330, 1.448119, 1.388970, 1.323009, 1.251452, 1.175567, 1.096635, 1.015917, 0.934623, 0.853878, 0.774707, 0.698009, 0.624549, 0.554949, 0.489692, 0.429116, 0.373430, 0.322720, 0.276965, 0.236051, 0.199789, 0.167926, 0.140168, 0.116188, 0.095644, 0.078188, 0.063475, 0.051174, 0.040971, 0.032576, 0.025721, 0.020169, 0.015705, 0.012145, 0.009327, 0.007113, 0.005387, 0.004052, 0.003027, 0.002245, 0.001655, 0.001213, 0.000889, 0.000659, 0.000510, 0.000437
0.000397, 0.000464, 0.000599, 0.000808, 0.001103, 0.001505, 0.002042, 0.002753, 0.003685, 0.004900, 0.006469, 0.008483, 0.011046, 0.014284, 0.018344, 0.023394, 0.029628, 0.037264, 0.046544, 0.057732, 0.071113, 0.086990, 0.105676, 0.127486, 0.152733, 0.181713, 0.214694, 0.251906, 0.293521, 0.339644, 0.390292, 0.445387, 0.504741, 0.568043, 0.634858, 0.704617, 0.776626, 0.850065, 0.924005, 0.997420, 1.069211, 1.138232, 1.203315, 1.263309, 1.317108, 1.363686, 1.402132, 1.431676, 1.451718, 1.461843, 1.461844, 1.451719, 1.431678, 1.402134, 1.363688, 1.317111, 1.263313, 1.203319, 1.138236, 1.069216, 0.997424, 0.924009, 0.850070, 0.776630, 0.704621, 0.634862, 0.568047, 0.504744, 0.445391, 0.390295, 0.339647, 0.293524, 0.251909, 0.214696, 0.181714, 0.152734, 0.127487, 0.105677, 0.086991, 0.071114, 0.057732, 0.046544, 0.037265, 0.029629, 0.023394, 0.018344, 0.014284, 0.011046, 0.008483, 0.006470, 0.004900, 0.003685, 0.002753, 0.002042, 0.001505, 0.001103, 0.000808, 0.000599, 0.000464, 0.000397
0.000359, 0.000419, 0.000541, 0.000730, 0.000997, 0.001359, 0.001844, 0.002486, 0.003328, 0.004425, 0.005843, 0.007661, 0.009976, 0.012901, 0.016567, 0.021129, 0.026759, 0.033656, 0.042037, 0.052141, 0.064227, 0.078566, 0.095442, 0.115140, 0.137942, 0.164116, 0.193904, 0.227512, 0.265097, 0.306753, 0.352496, 0.402256, 0.455862, 0.513034, 0.573378, 0.636383, 0.701418, 0.767745, 0.834525, 0.900830, 0.965669, 1.028006, 1.086787, 1.140970, 1.189559, 1.231627, 1.266350, 1.293033, 1.311134, 1.320279, 1.320279, 1.311134, 1.293034, 1.266352, 1.231629, 1.189562, 1.140973, 1.086790, 1.028010, 0.965673, 0.900834, 0.834529, 0.767749, 0.701422, 0.636387, 0.573382, 0.513038, 0.455865, 0.402259, 0.352499, 0.306756, 0.265100, 0.227514, 0.193905, 0.164117, 0.137944, 0.115142, 0.095443, 0.078567, 0.064228, 0.052142, 0.042037, 0.033656, 0.026760, 0.021129, 0.016568, 0.012901, 0.009977, 0.007662, 0.005843, 0.004425, 0.003328, 0.002486, 0.001844, 0.001359, 0.000997, 0.000730, 0.000541, 0.000419, 0.000359
0.000322, 0.000376, 0.000485, 0.000655, 0.000894, 0.001219, 0.001654, 0.002230, 0.002985, 0.003969, 0.005240, 0.006871, 0.008947, 0.011570, 0.014858, 0.018949, 0.023999, 0.030184, 0.037700, 0.046762, 0.057601, 0.070461, 0.085596, 0.103262, 0.123711, 0.147184, 0.173899, 0.204040, 0.237748, 0.275106, 0.316130, 0.360757, 0.408832, 0.460106, 0.514224, 0.570729, 0.629054, 0.688539, 0.748429, 0.807894, 0.866044, 0.921949, 0.974666, 1.023259, 1.066835, 1.104563, 1.135704, 1.159634, 1.175868, 1.184069, 1.184070, 1.175868, 1.159635, 1.135705, 1.104565, 1.066838, 1.023262, 0.974669, 0.921953, 0.866047, 0.807897, 0.748433, 0.688543, 0.629058, 0.570732, 0.514228, 0.460109, 0.408835, 0.360760, 0.316133, 0.275109, 0.237750, 0.204042, 0.173901, 0.147186, 0.123713, 0.103263, 0.085597, 0.070462, 0.057602, 0.046763, 0.037700, 0.030184, 0.023999, 0.018949, 0.014858, 0.011570, 0.008947, 0.006871, 0.005240, 0.003969, 0.002985, 0.002230, 0.001654, 0.001219, 0.000894, 0.000655, 0.000485, 0.000376, 0.000322
0.000287, 0.000335, 0.000432, 0.000583, 0.000796, 0.001086, 0.001473, 0.001986, 0.002658, 0.003534, 0.004667, 0.006119, 0.007968, 0.010304, 0.013232, 0.016875, 0.021372, 0.026880, 0.033574, 0.041644, 0.051296, 0.062749, 0.076227, 0.091960, 0.110171, 0.131075, 0.154866, 0.181708, 0.211727, 0.244996, 0.281530, 0.321272, 0.364085, 0.409747, 0.457942, 0.508261, 0.560204, 0.613178, 0.666513, 0.719470, 0.771255, 0.821041, 0.867988, 0.911263, 0.950069, 0.983668, 1.011400, 1.032711, 1.047168, 1.054472, 1.054472, 1.047168, 1.032712, 1.011401, 0.983670, 0.950072, 0.911265, 0.867990, 0.821044, 0.771258, 0.719473, 0.666516, 0.613181, 0.560207, 0.508264, 0.457945, 0.409750, 0.364088, 0.321274, 0.281532, 0.244998, 0.211728, 0.181710, 0.154867, 0.131077, 0.110172, 0.091961, 0.076228, 0.062750, 0.051297, 0.041644, 0.033574, 0.026880, 0.021372, 0.016875, 0.013232, 0.010304, 0.007968, 0.006119, 0.004667, 0.003534, 0.002658, 0.001986, 0.001473, 0.001086, 0.000796, 0.000583, 0.000432, 0.000335, 0.000287
0.000253, 0.000296, 0.000382, 0.000516, 0.000704, 0.000960, 0.001303, 0.001756, 0.002351, 0.003125, 0.004127, 0.005411, 0.007046, 0.009112, 0.011701, 0.014923, 0.018899, 0.023770, 0.029690, 0.036826, 0.045362, 0.055490, 0.067409, 0.081321, 0.097425, 0.115911, 0.136950, 0.160686, 0.187232, 0.216652, 0.248960, 0.284104, 0.321964, 0.362343, 0.404963, 0.449461, 0.495393, 0.542239, 0.589404, 0.636234, 0.682028, 0.726054, 0.767570, 0.805838, 0.840155, 0.869866, 0.894390, 0.913236, 0.926020, 0.932479, 0.932479, 0.926021, 0.913237, 0.894392, 0.869868, 0.840157, 0.805841, 0.767572, 0.726057, 0.682031, 0.636237, 0.589407, 0.542242, 0.495396, 0.449463, 0.404965, 0.362346, 0.321967, 0.284106, 0.248962, 0.216654, 0.187234, 0.160688, 0.136951, 0.115912, 0.097426, 0.081322, 0.067409, 0.055490, 0.045363, 0.036827, 0.029690, 0.023771, 0.018900, 0.014923, 0.011701, 0.009112, 0.007046, 0.005411, 0.004127, 0.003126, 0.002351, 0.001756, 0.001303, 0.000960, 0.000704, 0.000516, 0.000382, 0.000296, 0.000253
0.000223, 0.000260, 0.000336, 0.000453, 0.000618, 0.000843, 0.001144, 0.001542, 0.002064, 0.002745, 0.003624, 0.004752, 0.006187, 0.008001, 0.010275, 0.013104, 0.016596, 0.020873, 0.026071, 0.032338, 0.039833, 0.048726, 0.059193, 0.071409, 0.085551, 0.101783, 0.120257, 0.141101, 0.164411, 0.190245, 0.218615, 0.249476, 0.282721, 0.318179, 0.355603, 0.394677, 0.435011, 0.476147, 0.517564, 0.558685, 0.598898, 0.637558, 0.674013, 0.707617, 0.737751, 0.763841, 0.785376, 0.801924, 0.813150, 0.818822, 0.818822, 0.813151, 0.801925, 0.785377, 0.763843, 0.737753, 0.707619, 0.674015, 0.637560, 0.598900, 0.558688, 0.517566, 0.476150, 0.435014, 0.394680, 0.355606, 0.318181, 0.282723, 0.249478, 0.218617, 0.190247, 0.164412, 0.141102, 0.120259, 0.101784, 0.085552, 0.071410, 0.059193, 0.048727, 0.039834, 0.032338, 0.026071, 0.020873, 0.016596, 0.013104, 0.010275, 0.008001, 0.006187, 0.004752, 0.003624, 0.002745, 0.002064, 0.001542, 0.001144, 0.000843, 0.000618, 0.000453, 0.000336, 0.000260, 0.000223
0.000194, 0.000227, 0.000293, 0.000395, 0.000539, 0.000735, 0.000997, 0.001344, 0.001800, 0.002393, 0.003160, 0.004143, 0.005395, 0.006977, 0.008959, 0.011426, 0.014471, 0.018200, 0.022733, 0.028197, 0.034733, 0.042487, 0.051614, 0.062266, 0.074597, 0.088751, 0.104860, 0.123034, 0.143360, 0.165886, 0.190624, 0.217533, 0.246522, 0.277439, 0.310072, 0.344143, 0.379313, 0.415181, 0.451294, 0.487151, 0.522215, 0.555925, 0.587712, 0.617014, 0.643290, 0.666039, 0.684816, 0.699246, 0.709034, 0.713980, 0.713980, 0.709035, 0.699247, 0.684817, 0.666040, 0.643291, 0.617016, 0.587714, 0.555927, 0.522217, 0.487153, 0.451296, 0.415183, 0.379315, 0.344145, 0.310074, 0.277441, 0.246524, 0.217535, 0.190625, 0.165888, 0.143361, 0.123036, 0.104861, 0.088752, 0.074598, 0.062267, 0.051614, 0.042488, 0.034733, 0.028197, 0.022733, 0.018201, 0.014471, 0.011426, 0.008960, 0.006977, 0.005395, 0.004143, 0.003160, 0.002393, 0.001800, 0.001344, 0.000997, 0.000735, 0.000539, 0.000395, 0.000293, 0.000227, 0.000194
0.000168, 0.000196, 0.000253, 0.000342, 0.000467, 0.000636, 0.000864, 0.001164, 0.001559, 0.002072, 0.002736, 0.003587, 0.004671, 0.006041, 0.007758, 0.009893, 0.012530, 0.015759, 0.019683, 0.024414, 0.030073, 0.036788, 0.044690, 0.053913, 0.064590, 0.076845, 0.090793, 0.106529, 0.124128, 0.143633, 0.165051, 0.188351, 0.213451, 0.240221, 0.268476, 0.297976, 0.328428, 0.359484, 0.390753, 0.421799, 0.452159, 0.481347, 0.508870, 0.534241, 0.556992, 0.576689, 0.592948, 0.605442, 0.613917, 0.618199, 0.618199, 0.613917, 0.605442, 0.592949, 0.576690, 0.556993, 0.534242, 0.508872, 0.481349, 0.452161, 0.421801, 0.390755, 0.359486, 0.328430, 0.297978, 0.268477, 0.240222, 0.213452, 0.188352, 0.165053, 0.143634, 0.124129, 0.106530, 0.090794, 0.076846, 0.064590, 0.053914, 0.044690, 0.036788, 0.030074, 0.024415, 0.019683, 0.015759, 0.012530, 0.009893, 0.007758, 0.006041, 0.004671, 0.003587, 0.002736, 0.002072, 0.001559, 0.001164, 0.000864, 0.000636, 0.000467, 0.000342, 0.000253, 0.000196, 0.000168
0.000144, 0.000169, 0.000218, 0.000294, 0.000401, 0.000547, 0.000743, 0.001001, 0.001340, 0.001782, 0.002352, 0.003084, 0.004016, 0.005194, 0.006670, 0.008506, 0.010773, 0.013549, 0.016923, 0.020991, 0.025857, 0.031629, 0.038423, 0.046353, 0.055533, 0.066070, 0.078062, 0.091592, 0.106723, 0.123493, 0.141908, 0.161941, 0.183521, 0.206537, 0.230830, 0.256194, 0.282376, 0.309078, 0.335962, 0.362655, 0.388758, 0.413853, 0.437517, 0.459330, 0.478891, 0.495827, 0.509805, 0.520548, 0.527834, 0.531516, 0.531516, 0.527835, 0.520548, 0.509806, 0.495827, 0.478892, 0.459331, 0.437518, 0.413855, 0.388759, 0.362657, 0.335964, 0.309080, 0.282378, 0.256196, 0.230832, 0.206539, 0.183523, 0.161942, 0.141909, 0.123494, 0.106724, 0.091593, 0.078063, 0.066071, 0.055534, 0.046354, 0.038424, 0.031630, 0.025857, 0.020991, 0.016923, 0.013549, 0.010773, 0.008506, 0.006670, 0.005194, 0.004016, 0.003084, 0.002352, 0.001782, 0.001340, 0.001001, 0.000743, 0.000547, 0.000401, 0.000294, 0.000218, 0.000169, 0.000144
0.000123, 0.000144, 0.000186, 0.000251, 0.000343, 0.000467, 0.000634, 0.000855, 0.001144, 0.001521, 0.002008, 0.002633, 0.003429, 0.004434, 0.005694, 0.007262, 0.009197, 0.011568, 0.014448, 0.017921, 0.022075, 0.027004, 0.032804, 0.039575, 0.047412, 0.056408, 0.066646, 0.078197, 0.091116, 0.105433, 0.121155, 0.138258, 0.156682, 0.176332, 0.197073, 0.218727, 0.241080, 0.263877, 0.286829, 0.309619, 0.331904, 0.353329, 0.373532, 0.392155, 0.408856, 0.423314, 0.435249, 0.444420, 0.450641, 0.453784, 0.453785, 0.450641, 0.444420, 0.435249, 0.423315, 0.408857, 0.392156, 0.373534, 0.353331, 0.331906, 0.309620, 0.286831, 0.263879, 0.241082, 0.218729, 0.197074, 0.176334, 0.156683, 0.138259, 0.121156, 0.105434, 0.091116, 0.078198, 0.066647, 0.056408, 0.047412, 0.039575, 0.032805, 0.027004, 0.022076, 0.017922, 0.014449, 0.011568, 0.009198, 0.007262, 0.005694, 0.004434, 0.003429, 0.002633, 0.002008, 0.001521, 0.001144, 0.000855, 0.000634, 0.000467, 0.000343, 0.000251, 0.000186, 0.000144, 0.000123
0.000105, 0.000122, 0.000158, 0.000213, 0.000290, 0.000396, 0.000537, 0.000724, 0.000970, 0.001289, 0.001703, 0.002232, 0.002907, 0.003759, 0.004828, 0.006157, 0.007797, 0.009807, 0.012249, 0.015193, 0.018715, 0.022893, 0.027811, 0.033550, 0.040194, 0.047821, 0.056501, 0.066293, 0.077245, 0.089383, 0.102712, 0.117211, 0.132831, 0.149490, 0.167073, 0.185431, 0.204381, 0.223708, 0.243166, 0.262486, 0.281379, 0.299543, 0.316670, 0.332458, 0.346616, 0.358874, 0.368992, 0.376767, 0.382041, 0.384706, 0.384706, 0.382041, 0.376767, 0.368992, 0.358875, 0.346617, 0.332459, 0.316671, 0.299544, 0.281380, 0.262487, 0.243167, 0.223709, 0.204382, 0.185432, 0.167074, 0.149491, 0.132832, 0.117212, 0.102713, 0.089384, 0.077246, 0.066294, 0.056501, 0.047821, 0.040195, 0.033551, 0.027811, 0.022893, 0.018715, 0.015193, 0.012249, 0.009807, 0.007797, 0.006157, 0.004828, 0.003759, 0.002907, 0.002233, 0.001703, 0.001290, 0.000970, 0.000724, 0.000537, 0.000396, 0.000290, 0.000213, 0.000158, 0.000122, 0.000105
0.000088, 0.000103, 0.000133, 0.000179, 0.000244, 0.000333, 0.000452, 0.000610, 0.000816, 0.001086, 0.001433, 0.001879, 0.002447, 0.003165, 0.004064, 0.005183, 0.006564, 0.008256, 0.010312, 0.012790, 0.015755, 0.019272, 0.023412, 0.028244, 0.033837, 0.040257, 0.047564, 0.055808, 0.065027, 0.075245, 0.086466, 0.098672, 0.111821, 0.125845, 0.140647, 0.156101, 0.172054, 0.188324, 0.204704, 0.220969, 0.236873, 0.252164, 0.266582, 0.279873, 0.291792, 0.302111, 0.310628, 0.317173, 0.321613, 0.323857, 0.323857, 0.321613, 0.317174, 0.310629, 0.302111, 0.291793, 0.279874, 0.266583, 0.252165, 0.236874, 0.220970, 0.204705, 0.188325, 0.172055, 0.156102, 0.140648, 0.125846, 0.111822, 0.098673, 0.086467, 0.075246, 0.065028, 0.055808, 0.047564, 0.040257, 0.033837, 0.028244, 0.023412, 0.019272, 0.015755, 0.012790, 0.010312, 0.008256, 0.006564, 0.005183, 0.004064, 0.003165, 0.002447, 0.001879, 0.001433, 0.001086, 0.000816, 0.000610, 0.000452, 0.000333, 0.000244, 0.000179, 0.000133, 0.000103, 0.000088
0.000074, 0.000086, 0.000111, 0.000150, 0.000204, 0.000279, 0.000378, 0.000510, 0.000683, 0.000907, 0.001198, 0.001571, 0.002046, 0.002645, 0.003397, 0.004333, 0.005487, 0.006901, 0.008620, 0.010692, 0.013170, 0.016110, 0.019571, 0.023610, 0.028285, 0.033652, 0.039760, 0.046651, 0.054358, 0.062900, 0.072279, 0.082483, 0.093474, 0.105198, 0.117571, 0.130490, 0.143825, 0.157425, 0.171118, 0.184714, 0.198009, 0.210791, 0.222844, 0.233954, 0.243917, 0.252543, 0.259663, 0.265134, 0.268846, 0.270721, 0.270721, 0.268846, 0.265135, 0.259663, 0.252544, 0.243918, 0.233955, 0.222845, 0.210792, 0.198010, 0.184715, 0.171119, 0.157426, 0.143826, 0.130490, 0.117572, 0.105198, 0.093475, 0.082483, 0.072280, 0.062900, 0.054359, 0.046652, 0.039761, 0.033652, 0.028286, 0.023610, 0.019571, 0.016110, 0.013170, 0.010692, 0.008620, 0.006901, 0.005487, 0.004333, 0.003397, 0.002645, 0.002046, 0.001571, 0.001198, 0.000907, 0.000683, 0.000510, 0.000378, 0.000279, 0.000204, 0.000150, 0.000111, 0.000086, 0.000074
0.000061, 0.000071, 0.000092, 0.000124, 0.000170, 0.000231, 0.000314, 0.000423, 0.000567, 0.000753, 0.000995, 0.001304, 0.001698, 0.002196, 0.002820, 0.003596, 0.004555, 0.005728, 0.007155, 0.008875, 0.010932, 0.013373, 0.016245, 0.019598, 0.023479, 0.027934, 0.033004, 0.038724, 0.045121, 0.052211, 0.059997, 0.068466, 0.077590, 0.087321, 0.097592, 0.108316, 0.119385, 0.130674, 0.142040, 0.153326, 0.164361, 0.174971, 0.184976, 0.194198, 0.202468, 0.209628, 0.215538, 0.220080, 0.223161, 0.224717, 0.224717, 0.223161, 0.220080, 0.215539, 0.209629, 0.202469, 0.194199, 0.184977, 0.174972, 0.164362, 0.153326, 0.142041, 0.130675, 0.119386, 0.108316, 0.097593, 0.087322, 0.077591, 0.068467, 0.059997, 0.052212, 0.045122, 0.038724, 0.033004, 0.027934, 0.023479, 0.019598, 0.016245, 0.013373, 0.010932, 0.008875, 0.007155, 0.005729, 0.004555, 0.003596, 0.002820, 0.002196, 0.001698, 0.001304, 0.000995, 0.000753, 0.000567, 0.000423, 0.000314, 0.000231, 0.000170, 0.000124, 0.000092, 0.000071, 0.000061
0.000050, 0.000059, 0.000076, 0.000102, 0.000140, 0.000191, 0.000259, 0.000349, 0.000467, 0.000621, 0.000820, 0.001075, 0.001400, 0.001810, 0.002324, 0.002964, 0.003754, 0.004722, 0.005897, 0.007315, 0.009011, 0.011022, 0.013390, 0.016153, 0.019352, 0.023024, 0.027203, 0.031918, 0.037191, 0.043035, 0.049453, 0.056433, 0.063954, 0.071975, 0.080440, 0.089279, 0.098403, 0.107708, 0.117077, 0.126379, 0.135475, 0.144220, 0.152467, 0.160068, 0.166885, 0.172786, 0.177658, 0.181401, 0.183940, 0.185223, 0.185223, 0.183940, 0.181401, 0.177658, 0.172787, 0.166885, 0.160069, 0.152467, 0.144221, 0.135476, 0.126379, 0.117077, 0.107709, 0.098404, 0.089280, 0.080441, 0.071975, 0.063954, 0.056434, 0.049453, 0.043036, 0.037192, 0.031919, 0.027204, 0.023025, 0.019353, 0.016154, 0.013390, 0.011023, 0.009011, 0.007315, 0.005898, 0.004722, 0.003754, 0.002964, 0.002324, 0.001810, 0.001400, 0.001075, 0.000820, 0.000621, 0.000467, 0.000349, 0.000259, 0.000191, 0.000140, 0.000102, 0.000076, 0.000059, 0.000050
0.000041, 0.000048, 0.000062, 0.000084, 0.000114, 0.000156, 0.000212, 0.000285, 0.000382, 0.000508, 0.000671, 0.000880, 0.001146, 0.001481, 0.001902, 0.002426, 0.003073, 0.003865, 0.004827, 0.005987, 0.007375, 0.009022, 0.010959, 0.013221, 0.015839, 0.018845, 0.022265, 0.026124, 0.030440, 0.035223, 0.040476, 0.046189, 0.052345, 0.058909, 0.065838, 0.073073, 0.080540, 0.088156, 0.095824, 0.103438, 0.110883, 0.118040, 0.124790, 0.131011, 0.136590, 0.141421, 0.145408, 0.148472, 0.150550, 0.151600, 0.151600, 0.150550, 0.148472, 0.145408, 0.141421, 0.136591, 0.131012, 0.124790, 0.118041, 0.110883, 0.103438, 0.095825, 0.088157, 0.080541, 0.073073, 0.065839, 0.058910, 0.052345, 0.046190, 0.040476, 0.035223, 0.030440, 0.026125, 0.022265, 0.018845, 0.015840, 0.013221, 0.010959, 0.009022, 0.007375, 0.005987, 0.004827, 0.003865, 0.003073, 0.002426, 0.001902, 0.001481, 0.001146, 0.000880, 0.000671, 0.000508, 0.000382, 0.000285, 0.000212, 0.000156, 0.000114, 0.000084, 0.000062, 0.000048, 0.000041
0.000033, 0.000039, 0.000051, 0.000068, 0.000093, 0.000127, 0.000172, 0.000232, 0.000311, 0.000413, 0.000545, 0.000715, 0.000931, 0.001204, 0.001546, 0.001972, 0.002497, 0.003141, 0.003923, 0.004866, 0.005994, 0.007332, 0.008907, 0.010745, 0.012873, 0.015316, 0.018096, 0.021232, 0.024740, 0.028627, 0.032896, 0.037540, 0.042542, 0.047878, 0.053509, 0.059389, 0.065458, 0.071648, 0.077880, 0.084067, 0.090118, 0.095935, 0.101421, 0.106477, 0.111012, 0.114938, 0.118178, 0.120668, 0.122357, 0.123211, 0.123211, 0.122357, 0.120668, 0.118178, 0.114938, 0.111012, 0.106478, 0.101421, 0.095936, 0.090119, 0.084068, 0.077880, 0.071648, 0.065458, 0.059389, 0.053509, 0.047878, 0.042543, 0.037540, 0.032896, 0.028627, 0.024740, 0.021232, 0.018096, 0.015316, 0.012873, 0.010745, 0.008907, 0.007332, 0.005994, 0.004866, 0.003923, 0.003141, 0.002497, 0.001972, 0.001546, 0.001204, 0.000931, 0.000715, 0.000545, 0.000413, 0.000311, 0.000232, 0.000172, 0.000127, 0.000093, 0.000068, 0.000051, 0.000039, 0.000033
0.000027, 0.000032, 0.000041, 0.000055, 0.000075, 0.000102, 0.000139, 0.000187, 0.000251, 0.000333, 0.000440, 0.000577, 0.000751, 0.000972, 0.001248, 0.001591, 0.002015, 0.002535, 0.003166, 0.003927, 0.004837, 0.005917, 0.007188, 0.008672, 0.010389, 0.012360, 0.014604, 0.017135, 0.019966, 0.023103, 0.026548, 0.030296, 0.034333, 0.038639, 0.043184, 0.047929, 0.052827, 0.057822, 0.062852, 0.067845, 0.072729, 0.077423, 0.081850, 0.085931, 0.089591, 0.092759, 0.095374, 0.097384, 0.098747, 0.099436, 0.099436, 0.098747, 0.097384, 0.095374, 0.092759, 0.089591, 0.085932, 0.081851, 0.077424, 0.072729, 0.067846, 0.062852, 0.057823, 0.052827, 0.047929, 0.043184, 0.038639, 0.034333, 0.030296, 0.026548, 0.023103, 0.019966, 0.017135, 0.014604, 0.012361, 0.010389, 0.008672, 0.007188, 0.005917, 0.004837, 0.003927, 0.003166, 0.002535, 0.002015, 0.001591, 0.001248, 0.000972, 0.000751, 0.000577, 0.000440, 0.000333, 0.000251, 0.000187, 0.000139, 0.000102, 0.000075, 0.000055, 0.000041, 0.000032, 0.000027
0.000022, 0.000025, 0.000033, 0.000044, 0.000060, 0.000082, 0.000111, 0.000150, 0.000201, 0.000267, 0.000353, 0.000462, 0.000602, 0.000779, 0.001000, 0.001275, 0.001615, 0.002031, 0.002537, 0.003147, 0.003877, 0.004742, 0.005761, 0.006949, 0.008326, 0.009905, 0.011703, 0.013732, 0.016000, 0.018514, 0.021275, 0.024278, 0.027514, 0.030964, 0.034607, 0.038409, 0.042334, 0.046338, 0.050368, 0.054370, 0.058283, 0.062046, 0.065593, 0.068863, 0.071796, 0.074335, 0.076431, 0.078041, 0.079134, 0.079686, 0.079686, 0.079134, 0.078041, 0.076431, 0.074335, 0.071796, 0.068864, 0.065593, 0.062046, 0.058283, 0.054370, 0.050368, 0.046338, 0.042335, 0.038409, 0.034607, 0.030965, 0.027514, 0.024279, 0.021275, 0.018514, 0.016000, 0.013732, 0.011703, 0.009905, 0.008326, 0.006950, 0.005761, 0.004742, 0.003877, 0.003147, 0.002537, 0.002031, 0.001615, 0.001275, 0.001000, 0.000779, 0.000602, 0.000462, 0.000353, 0.000267, 0.000201, 0.000150, 0.000111, 0.000082, 0.000060, 0.000044, 0.000033, 0.000025, 0.000022
0.000017, 0.000020, 0.000026, 0.000035, 0.000048, 0.000065, 0.000089, 0.000119, 0.000160, 0.000213, 0.000281, 0.000368, 0.000479, 0.000620, 0.000796, 0.001015, 0.001285, 0.001616, 0.002019, 0.002504, 0.003085, 0.003773, 0.004584, 0.005530, 0.006625, 0.007882, 0.009313, 0.010927, 0.012732, 0.014733, 0.016930, 0.019320, 0.021894, 0.024640, 0.027538, 0.030564, 0.033688, 0.036874, 0.040081, 0.043265, 0.046379, 0.049373, 0.052196, 0.054799, 0.057132, 0.059153, 0.060820, 0.062102, 0.062971, 0.063411, 0.063411, 0.062971, 0.062102, 0.060821, 0.059153, 0.057132, 0.054799, 0.052197, 0.049373, 0.046380, 0.043266, 0.040081, 0.036874, 0.033688, 0.030565, 0.027539, 0.024640, 0.021895, 0.019320, 0.016930, 0.014733, 0.012732, 0.010927, 0.009313, 0.007882, 0.006625, 0.005530, 0.004584, 0.003774, 0.003085, 0.002504, 0.002019, 0.001616, 0.001285, 0.001015, 0.000796, 0.000620, 0.000479, 0.000368, 0.000281, 0.000213, 0.000160, 0.000119, 0.000089, 0.000065, 0.000048, 0.000035, 0.000026, 0.000020, 0.000017
0.000014, 0.000016, 0.000021, 0.000028, 0.000038, 0.000052, 0.000070, 0.000094, 0.000126, 0.000168, 0.000222, 0.000291, 0.000379, 0.000490, 0.000629, 0.000802, 0.001016, 0.001277, 0.001595, 0.001979, 0.002438, 0.002982, 0.003622, 0.004370, 0.005235, 0.006228, 0.007359, 0.008634, 0.010061, 0.011642, 0.013378, 0.015266, 0.017301, 0.019470, 0.021760, 0.024151, 0.026620, 0.029137, 0.031671, 0.034187, 0.036648, 0.039014, 0.041245, 0.043301, 0.045145, 0.046741, 0.048059, 0.049072, 0.049759, 0.050106, 0.050106, 0.049759, 0.049072, 0.048059, 0.046741, 0.045145, 0.043301, 0.041245, 0.039014, 0.036648, 0.034188, 0.031671, 0.029137, 0.026620, 0.024152, 0.021761, 0.019470, 0.017301, 0.015266, 0.013378, 0.011642, 0.010061, 0.008635, 0.007359, 0.006229, 0.005235, 0.004370, 0.003622, 0.002982, 0.002438, 0.001979, 0.001595, 0.001277, 0.001016, 0.000802, 0.000629, 0.000490, 0.000379, 0.000291, 0.000222, 0.000168, 0.000126, 0.000094, 0.000070, 0.000052, 0.000038, 0.000028, 0.000021, 0.000016, 0.000014
0.000011, 0.000012, 0.000016, 0.000022, 0.000030, 0.000040, 0.000055, 0.000074, 0.000099, 0.000132, 0.000174, 0.000228, 0.000297, 0.000384, 0.000493, 0.000629, 0.000797, 0.001002, 0.001252, 0.001553, 0.001913, 0.002340, 0.002842, 0.003429, 0.004108, 0.004887, 0.005774, 0.006775, 0.007894, 0.009135, 0.010497, 0.011978, 0.013575, 0.015277, 0.017074, 0.018950, 0.020887, 0.022862, 0.024850, 0.026825, 0.028756, 0.030612, 0.032362, 0.033976, 0.035422, 0.036675, 0.037709, 0.038504, 0.039043, 0.039315, 0.039315, 0.039043, 0.038504, 0.037709, 0.036675, 0.035423, 0.033976, 0.032362, 0.030612, 0.028756, 0.026825, 0.024850, 0.022862, 0.020887, 0.018950, 0.017074, 0.015277, 0.013575, 0.011979, 0.010497, 0.009135, 0.007894, 0.006775, 0.005774, 0.004887, 0.004108, 0.003429, 0.002842, 0.002340, 0.001913, 0.001553, 0.001252, 0.001002, 0.000797, 0.000629, 0.000493, 0.000384, 0.000297, 0.000228, 0.000174, 0.000132, 0.000099, 0.000074, 0.000055, 0.000040, 0.000030, 0.000022, 0.000016, 0.000012, 0.000011
0.000008, 0.000010, 0.000013, 0.000017, 0.000023, 0.000032, 0.000043, 0.000058, 0.000077, 0.000103, 0.000136, 0.000178, 0.000231, 0.000299, 0.000384, 0.000490, 0.000621, 0.000781, 0.000975, 0.001210, 0.001490, 0.001823, 0.002214, 0.002671, 0.003200, 0.003808, 0.004499, 0.005279, 0.006151, 0.007117, 0.008178, 0.009333, 0.010577, 0.011903, 0.013303, 0.014765, 0.016274, 0.017813, 0.019362, 0.020900, 0.022405, 0.023851, 0.025215, 0.026472, 0.027599, 0.028575, 0.029381, 0.030000, 0.030420, 0.030632, 0.030632, 0.030420, 0.030000, 0.029381, 0.028575, 0.027599, 0.026472, 0.025215, 0.023851, 0.022405, 0.020900, 0.019362, 0.017813, 0.016274, 0.014765, 0.013303, 0.011903, 0.010577, 0.009333, 0.008178, 0.007117, 0.006151, 0.005279, 0.004499, 0.003808, 0.003201, 0.002671, 0.002214, 0.001823, 0.001490, 0.001210, 0.000975, 0.000781, 0.000621, 0.000490, 0.000384, 0.000299, 0.000231, 0.000178, 0.000136, 0.000103, 0.000077, 0.000058, 0.000043, 0.000032, 0.000023, 0.000017, 0.000013, 0.000010, 0.000008
0.000006, 0.000008, 0.000010, 0.000013, 0.000018, 0.000024, 0.000033, 0.000045, 0.000060, 0.000079, 0.000105, 0.000138, 0.000179, 0.000232, 0.000297, 0.000379, 0.000480, 0.000604, 0.000755, 0.000936, 0.001153, 0.001410, 0.001713, 0.002067, 0.002476, 0.002946, 0.003481, 0.004084, 0.004759, 0.005506, 0.006327, 0.007221, 0.008183, 0.009209, 0.010292, 0.011423, 0.012591, 0.013781, 0.014980, 0.016170, 0.017334, 0.018453, 0.019508, 0.020480, 0.021353, 0.022108, 0.022731, 0.023210, 0.023535, 0.023699, 0.023699, 0.023535, 0.023210, 0.022731, 0.022108, 0.021353, 0.020481, 0.019508, 0.018453, 0.017334, 0.016170, 0.014980, 0.013781, 0.012591, 0.011423, 0.010292, 0.009209, 0.008183, 0.007221, 0.006327, 0.005506, 0.004759, 0.004084, 0.003481, 0.002946, 0.002476, 0.002067, 0.001713, 0.001410, 0.001153, 0.000936, 0.000755, 0.000604, 0.000480, 0.000379, 0.000297, 0.000232, 0.000179, 0.000138, 0.000105, 0.000079, 0.000060, 0.000045, 0.000033, 0.000024, 0.000018, 0.000013, 0.000010, 0.000008, 0.000006
0.000005, 0.000006, 0.000007, 0.000010, 0.000014, 0.000019, 0.000025, 0.000034, 0.000046, 0.000061, 0.000081, 0.000106, 0.000138, 0.000178, 0.000228, 0.000291, 0.000369, 0.000464, 0.000580, 0.000719, 0.000886, 0.001083, 0.001316, 0.001588, 0.001902, 0.002263, 0.002674, 0.003137, 0.003656, 0.004230, 0.004861, 0.005547, 0.006286, 0.007075, 0.007907, 0.008776, 0.009673, 0.010587, 0.011508, 0.012423, 0.013317, 0.014176, 0.014987, 0.015734, 0.016404, 0.016984, 0.017463, 0.017831, 0.018081, 0.018207, 0.018207, 0.018081, 0.017831, 0.017463, 0.016984, 0.016404, 0.015734, 0.014987, 0.014176, 0.013317, 0.012423, 0.011508, 0.010587, 0.009673, 0.008776, 0.007907, 0.007075, 0.006286, 0.005547, 0.004861, 0.004230, 0.003656, 0.003137, 0.002674, 0.002263, 0.001902, 0.001588, 0.001316, 0.001083, 0.000886, 0.000719, 0.000580, 0.000464, 0.000369, 0.000291, 0.000228, 0.000178, 0.000138, 0.000106, 0.000081, 0.000061, 0.000046, 0.000034, 0.000025, 0.000019, 0.000014, 0.000010, 0.000007, 0.000006, 0.000005
0.000004, 0.000004, 0.000006, 0.000008, 0.000010, 0.000014, 0.000019, 0.000026, 0.000035, 0.000047, 0.000061, 0.000081, 0.000105, 0.000136, 0.000174, 0.000222, 0.000282, 0.000354, 0.000442, 0.000549, 0.000676, 0.000827, 0.001004, 0.001211, 0.001451, 0.001727, 0.002040, 0.002393, 0.002789, 0.003227, 0.003708, 0.004232, 0.004796, 0.005397, 0.006032, 0.006695, 0.007379, 0.008077, 0.008779, 0.009477, 0.010159, 0.010815, 0.011433, 0.012003, 0.012514, 0.012957, 0.013322, 0.013603, 0.013793, 0.013889, 0.013889, 0.013793, 0.013603, 0.013322, 0.012957, 0.012514, 0.012003, 0.011433, 0.010815, 0.010159, 0.009477, 0.008779, 0.008077, 0.007379, 0.006695, 0.006032, 0.005397, 0.004796, 0.004232, 0.003708, 0.003227, 0.002789, 0.002393, 0.002040, 0.001727, 0.001451, 0.001211, 0.001004, 0.000827, 0.000676, 0.000549, 0.000442, 0.000354, 0.000282, 0.000222, 0.000174, 0.000136, 0.000105, 0.000081, 0.000061, 0.000047, 0.000035, 0.000026, 0.000019, 0.000014, 0.000010, 0.000008, 0.000006, 0.000004, 0.000004
0.000003, 0.000003, 0.000004, 0.000006, 0.000008, 0.000011, 0.000015, 0.000020, 0.000027, 0.000035, 0.000047, 0.000061, 0.000080, 0.000103, 0.000132, 0.000168, 0.000213, 0.000268, 0.000335, 0.000416, 0.000512, 0.000626, 0.000761, 0.000918, 0.001099, 0.001308, 0.001545, 0.001813, 0.002113, 0.002445, 0.002809, 0.003206, 0.003633, 0.004088, 0.004569, 0.005071, 0.005590, 0.006118, 0.006650, 0.007179, 0.007695, 0.008192, 0.008661, 0.009092, 0.009480, 0.009815, 0.010091, 0.010304, 0.010448, 0.010521, 0.010521, 0.010448, 0.010304, 0.010091, 0.009815, 0.009480, 0.009092, 0.008661, 0.008192, 0.007695, 0.007179, 0.006650, 0.006118, 0.005590, 0.005071, 0.004569, 0.004088, 0.003633, 0.003206, 0.002809, 0.002445, 0.002113, 0.001813, 0.001545, 0.001308, 0.001099, 0.000918, 0.000761, 0.000626, 0.000512, 0.000416, 0.000335, 0.000268, 0.000213, 0.000168, 0.000132, 0.000103, 0.000080, 0.000061, 0.000047, 0.000035, 0.000027, 0.000020, 0.000015, 0.000011, 0.000008, 0.000006, 0.000004, 0.000003, 0.000003
0.000002, 0.000003, 0.000003, 0.000004, 0.000006, 0.000008, 0.000011, 0.000015, 0.000020, 0.000027, 0.000035, 0.000046, 0.000060, 0.000077, 0.000099, 0.000127, 0.000160, 0.000202, 0.000252, 0.000313, 0.000385, 0.000471, 0.000572, 0.000690, 0.000827, 0.000984, 0.001162, 0.001364, 0.001589, 0.001839, 0.002113, 0.002411, 0.002733, 0.003075, 0.003437, 0.003815, 0.004204, 0.004602, 0.005002, 0.005400, 0.005788, 0.006162, 0.006514, 0.006839, 0.007131, 0.007383, 0.007591, 0.007751, 0.007859, 0.007914, 0.007914, 0.007859, 0.007751, 0.007591, 0.007383, 0.007131, 0.006839, 0.006514, 0.006162, 0.005788, 0.005400, 0.005002, 0.004602, 0.004205, 0.003815, 0.003437, 0.003075, 0.002733, 0.002411, 0.002113, 0.001839, 0.001589, 0.001364, 0.001162, 0.000984, 0.000827, 0.000690, 0.000572, 0.000471, 0.000385, 0.000313, 0.000252, 0.000202, 0.000160, 0.000127, 0.000099, 0.000077, 0.000060, 0.000046, 0.000035, 0.000027, 0.000020, 0.000015, 0.000011, 0.000008, 0.000006, 0.000004, 0.000003, 0.000003, 0.000002
0.000002, 0.000002, 0.000002, 0.000003, 0.000004, 0.000006, 0.000008, 0.000011, 0.000015, 0.000020, 0.000026, 0.000034, 0.000045, 0.000058, 0.000074, 0.000095, 0.000120, 0.000151, 0.000188, 0.000233, 0.000288, 0.000352, 0.000427, 0.000516, 0.000618, 0.000735, 0.000868, 0.001019, 0.001187, 0.001373, 0.001578, 0.001801, 0.002041, 0.002297, 0.002567, 0.002849, 0.003140, 0.003437, 0.003736, 0.004033, 0.004324, 0.004603, 0.004866, 0.005108, 0.005326, 0.005514, 0.005670, 0.005789, 0.005870, 0.005911, 0.005911, 0.005870, 0.005789, 0.005670, 0.005514, 0.005326, 0.005108, 0.004866, 0.004603, 0.004324, 0.004033, 0.003736, 0.003437, 0.003140, 0.002849, 0.002567, 0.002297, 0.002041, 0.001801, 0.001578, 0.001373, 0.001187, 0.001019, 0.000868, 0.000735, 0.000618, 0.000516, 0.000427, 0.000352, 0.000288, 0.000233, 0.000188, 0.000151, 0.000120, 0.000095, 0.000074, 0.000058, 0.000045, 0.000034, 0.000026, 0.000020, 0.000015, 0.000011, 0.000008, 0.000006, 0.000004, 0.000003, 0.000002, 0.000002, 0.000002
0.000001, 0.000001, 0.000002, 0.000002, 0.000003, 0.000005, 0.000006, 0.000008, 0.000011, 0.000015, 0.000019, 0.000025, 0.000033, 0.000043, 0.000055, 0.000070, 0.000089, 0.000112, 0.000140, 0.000173, 0.000213, 0.000261, 0.000317, 0.000382, 0.000458, 0.000545, 0.000644, 0.000756, 0.000880, 0.001019, 0.001171, 0.001336, 0.001514, 0.001704, 0.001904, 0.002113, 0.002329, 0.002550, 0.002771, 0.002991, 0.003207, 0.003414, 0.003609, 0.003789, 0.003950, 0.004090, 0.004205, 0.004294, 0.004354, 0.004384, 0.004384, 0.004354, 0.004294, 0.004205, 0.004090, 0.003950, 0.003789, 0.003609, 0.003414, 0.003207, 0.002991, 0.002771, 0.002550, 0.002329, 0.002113, 0.001904, 0.001704, 0.001514, 0.001336, 0.001171, 0.001019, 0.000880, 0.000756, 0.000644, 0.000545, 0.000458, 0.000382, 0.000317, 0.000261, 0.000213, 0.000173, 0.000140, 0.000112, 0.000089, 0.000070, 0.000055, 0.000043, 0.000033, 0.000025, 0.000019, 0.000015, 0.000011, 0.000008, 0.000006, 0.000005, 0.000003, 0.000002, 0.000002, 0.000001, 0.000001
0.000001, 0.000001, 0.000001, 0.000002, 0.000002, 0.000003, 0.000005, 0.000006, 0.000008, 0.000011, 0.000014, 0.000019, 0.000024, 0.000032, 0.000041, 0.000052, 0.000065, 0.000082, 0.000103, 0.000128, 0.000157, 0.000192, 0.000233, 0.000282, 0.000337, 0.000401, 0.000474, 0.000557, 0.000648, 0.000750, 0.000862, 0.000984, 0.001115, 0.001255, 0.001402, 0.001557, 0.001716, 0.001878, 0.002041, 0.002203, 0.002362, 0.002514, 0.002658, 0.002791, 0.002910, 0.003013, 0.003097, 0.003163, 0.003207, 0.003229, 0.003229, 0.003207, 0.003163, 0.003097, 0.003013, 0.002910, 0.002791, 0.002658, 0.002515, 0.002362, 0.002203, 0.002041, 0.001878, 0.001716, 0.001557, 0.001402, 0.001255, 0.001115, 0.000984, 0.000862, 0.000750, 0.000648, 0.000557, 0.000474, 0.000401, 0.000337, 0.000282, 0.000233, 0.000192, 0.000157, 0.000128, 0.000103, 0.000082, 0.000065, 0.000052, 0.000041, 0.000032, 0.000024, 0.000019, 0.000014, 0.000011, 0.000008, 0.000006, 0.000005, 0.000003, 0.000002, 0.000002, 0.000001, 0.000001, 0.000001
0.000001, 0.000001, 0.000001, 0.000001, 0.000002, 0.000002, 0.000003, 0.000004, 0.000006, 0.000008, 0.000010, 0.000014, 0.000018, 0.000023, 0.000030, 0.000038, 0.000048, 0.000060, 0.000075, 0.000093, 0.000115, 0.000141, 0.000171, 0.000206, 0.000247, 0.000294, 0.000347, 0.000407, 0.000474, 0.000549, 0.000631, 0.000720, 0.000816, 0.000918, 0.001026, 0.001139, 0.001255, 0.001374, 0.001494, 0.001612, 0.001728, 0.001840, 0.001945, 0.002042, 0.002129, 0.002204, 0.002267, 0.002314, 0.002347, 0.002363, 0.002363, 0.002347, 0.002314, 0.002267, 0.002204, 0.002129, 0.002042, 0.001945, 0.001840, 0.001728, 0.001612, 0.001494, 0.001374, 0.001255, 0.001139, 0.001026, 0.000918, 0.000816, 0.000720, 0.000631, 0.000549, 0.000474, 0.000407, 0.000347, 0.000294, 0.000247, 0.000206, 0.000171, 0.000141, 0.000115, 0.000093, 0.000075, 0.000060, 0.000048, 0.000038, 0.000030, 0.000023, 0.000018, 0.000014, 0.000010, 0.000008, 0.000006, 0.000004, 0.000003, 0.000002, 0.000002, 0.000001, 0.000001, 0.000001, 0.000001
0.000000, 0.000001, 0.000001, 0.000001, 0.000001, 0.000002, 0.000002, 0.000003, 0.000004, 0.000006, 0.000008, 0.000010, 0.000013, 0.000017, 0.000022, 0.000028, 0.000035, 0.000044, 0.000055, 0.000068, 0.000084, 0.000102, 0.000124, 0.000150, 0.000180, 0.000214, 0.000253, 0.000296, 0.000345, 0.000400, 0.000459, 0.000524, 0.000594, 0.000669, 0.000747, 0.000829, 0.000914, 0.001000, 0.001087, 0.001174, 0.001258, 0.001340, 0.001416, 0.001487, 0.001550, 0.001605, 0.001650, 0.001685, 0.001709, 0.001720, 0.001720, 0.001709, 0.001685, 0.001650, 0.001605, 0.001550, 0.001487, 0.001416, 0.001340, 0.001258, 0.001174, 0.001087, 0.001000, 0.000914, 0.000829, 0.000747, 0.000669, 0.000594, 0.000524, 0.000459, 0.000400, 0.000345, 0.000296, 0.000253, 0.000214, 0.000180, 0.000150, 0.000124, 0.000102, 0.000084, 0.000068, 0.000055, 0.000044, 0.000035, 0.000028, 0.000022, 0.000017, 0.000013, 0.000010, 0.000008, 0.000006, 0.000004, 0.000003, 0.000002, 0.000002, 0.000001, 0.000001, 0.000001, 0.000001, 0.000000
0.000000, 0.000000, 0.000001, 0.000001, 0.000001, 0.000001, 0.000002, 0.000002, 0.000003, 0.000004, 0.000006, 0.000007, 0.000009, 0.000012, 0.000016, 0.000020, 0.000025, 0.000032, 0.000040, 0.000050, 0.000061, 0.000075, 0.000091, 0.000109, 0.000131, 0.000156, 0.000184, 0.000216, 0.000252, 0.000291, 0.000335, 0.000382, 0.000433, 0.000487, 0.000544, 0.000604, 0.000666, 0.000729, 0.000792, 0.000855, 0.000917, 0.000976, 0.001032, 0.001083, 0.001129, 0.001169, 0.001202, 0.001228, 0.001245, 0.001253, 0.001253, 0.001245, 0.001228, 0.001202, 0.001169, 0.001129, 0.001083, 0.001032, 0.000976, 0.000917, 0.000855, 0.000792, 0.000729, 0.000666, 0.000604, 0.000544, 0.000487, 0.000433, 0.000382, 0.000335, 0.000291, 0.000252, 0.000216, 0.000184, 0.000156, 0.000131, 0.000109, 0.000091, 0.000075, 0.000061, 0.000050, 0.000040, 0.000032, 0.000025, 0.000020, 0.000016, 0.000012, 0.000009, 0.000007, 0.000006, 0.000004, 0.000003, 0.000002, 0.000002, 0.000001, 0.000001, 0.000001, 0.000001, 0.000000, 0.000000
0.000000, 0.000000, 0.000000, 0.000001, 0.000001, 0.000001, 0.000001, 0.000002, 0.000002, 0.000003, 0.000004, 0.000005, 0.000007, 0.000009, 0.000012, 0.000015, 0.000019, 0.000024, 0.000030, 0.000037, 0.000045, 0.000055, 0.000067, 0.000081, 0.000097, 0.000116, 0.000137, 0.000160, 0.000187, 0.000216, 0.000248, 0.000284, 0.000321, 0.000362, 0.000404, 0.000449, 0.000494, 0.000541, 0.000588, 0.000635, 0.000681, 0.000725, 0.000766, 0.000804, 0.000839, 0.000868, 0.000893, 0.000911, 0.000924, 0.000931, 0.000931, 0.000924, 0.000911, 0.000893, 0.000868, 0.000839, 0.000804, 0.000766, 0.000725, 0.000681, 0.000635, 0.000588, 0.000541, 0.000494, 0.000449, 0.000404, 0.000362, 0.000321, 0.000284, 0.000248, 0.000216, 0.000187, 0.000160, 0.000137, 0.000116, 0.000097, 0.000081, 0.000067, 0.000055, 0.000045, 0.000037, 0.000030, 0.000024, 0.000019, 0.000015, 0.000012, 0.000009, 0.000007, 0.000005, 0.000004, 0.000003, 0.000002, 0.000002, 0.000001, 0.000001, 0.000001, 0.000001, 0.000000, 0.000000, 0.000000
0.000000, 0.000000, 0.000000, 0.000000, 0.000001, 0.000001, 0.000001, 0.000001, 0.000002, 0.000002, 0.000003, 0.000004, 0.000006, 0.000007, 0.000009, 0.000012, 0.000015, 0.000019, 0.000023, 0.000029, 0.000036, 0.000044, 0.000053, 0.000064, 0.000077, 0.000092, 0.000108, 0.000127, 0.000148, 0.000171, 0.000197, 0.000225, 0.000255, 0.000286, 0.000320, 0.000355, 0.000392, 0.000429, 0.000466, 0.000503, 0.000539, 0.000574, 0.000607, 0.000637, 0.000664, 0.000688, 0.000707, 0.000722, 0.000732, 0.000737, 0.000737, 0.000732, 0.000722, 0.000707, 0.000688, 0.000664, 0.000637, 0.000607, 0.000574, 0.000539, 0.000503, 0.000466, 0.000429, 0.000392, 0.000355, 0.000320, 0.000286, 0.000255, 0.000225, 0.000197, 0.000171, 0.000148, 0.000127, 0.000108, 0.000092, 0.000077, 0.000064, 0.000053, 0.000044, 0.000036, 0.000029, 0.000023, 0.000019, 0.000015, 0.000012, 0.000009, 0.000007, 0.000006, 0.000004, 0.000003, 0.000002, 0.000002, 0.000001, 0.000001, 0.000001, 0.000001, 0.000000, 0.000000, 0.000000, 0.000000
0.000000, 0.000000, 0.000000, 0.000000, 0.000001, 0.000001, 0.000001, 0.000001, 0.000002, 0.000002, 0.000003, 0.000004, 0.000005, 0.000007, 0.000008, 0.000011, 0.000014, 0.000017, 0.000021, 0.000026, 0.000033, 0.000040, 0.000048, 0.000059, 0.000070, 0.000083, 0.000099, 0.000116, 0.000135, 0.000156, 0.000179, 0.000204, 0.000232, 0.000261, 0.000291, 0.000323, 0.000356, 0.000390, 0.000424, 0.000458, 0.000491, 0.000522, 0.000552, 0.000580, 0.000604, 0.000626, 0.000644, 0.000657, 0.000666, 0.000671, 0.000671, 0.000666, 0.000657, 0.000644, 0.000626, 0.000604, 0.000580, 0.000552, 0.000522, 0.000491, 0.000458, 0.000424, 0.000390, 0.000356, 0.000323, 0.000291, 0.000261, 0.000232, 0.000204, 0.000179, 0.000156, 0.000135, 0.000116, 0.000099, 0.000083, 0.000070, 0.000059, 0.000048, 0.000040, 0.000033, 0.000026, 0.000021, 0.000017, 0.000014, 0.000011, 0.000008, 0.000007, 0.000005, 0.000004, 0.000003, 0.000002, 0.000002, 0.000001, 0.000001, 0.000001, 0.000001, 0.000000, 0.000000, 0.000000, 0.000000
0.000000, 0.000000, 0.000000, 0.000000, 0.000001, 0.000001, 0.000001, 0.000001, 0.000002, 0.000002, 0.000003, 0.000004, 0.000006, 0.000007, 0.000009, 0.000012, 0.000015, 0.000019, 0.000023, 0.000029, 0.000036, 0.000044, 0.000053, 0.000064, 0.000077, 0.000091, 0.000108, 0.000127, 0.000148, 0.000171, 0.000196, 0.000224, 0.000254, 0.000286, 0.000320, 0.000355, 0.000391, 0.000428, 0.000465, 0.000502, 0.000538, 0.000573, 0.000606, 0.000636, 0.000663, 0.000686, 0.000706, 0.000721, 0.000731, 0.000736, 0.000736, 0.000731, 0.000721, 0.000706, 0.000686, 0.000663, 0.000636, 0.000606, 0.000573, 0.000538, 0.000502, 0.000465, 0.000428, 0.000391, 0.000355, 0.000320, 0.000286, 0.000254, 0.000224, 0.000196, 0.000171, 0.000148, 0.000127, 0.000108, 0.000091, 0.000077, 0.000064, 0.000053, 0.000044, 0.000036, 0.000029, 0.000023, 0.000019, 0.000015, 0.000012, 0.000009, 0.000007, 0.000006, 0.000004, 0.000003, 0.000002, 0.000002, 0.000001, 0.000001, 0.000001, 0.000001, 0.000000, 0.000000, 0.000000, 0.000000
