0.000041, 0.000044, 0.000051, 0.000061, 0.000076, 0.000095, 0.000121, 0.000153, 0.000194, 0.000244, 0.000306, 0.000382, 0.000475, 0.000587, 0.000720, 0.000880, 0.001068, 0.001290, 0.001548, 0.001848, 0.002194, 0.002589, 0.003038, 0.003545, 0.004112, 0.004744, 0.005441, 0.006205, 0.007036, 0.007934, 0.008894, 0.009915, 0.010989, 0.012110, 0.013270, 0.014458, 0.015663, 0.016871, 0.018069, 0.019242, 0.020374, 0.021450, 0.022454, 0.023371, 0.024186, 0.024888, 0.025464, 0.025904, 0.026202, 0.026352, 0.026352, 0.026202, 0.025904, 0.025464, 0.024888, 0.024186, 0.023371, 0.022454, 0.021450, 0.020374, 0.019242, 0.018069, 0.016871, 0.015663, 0.014458, 0.013270, 0.012110, 0.010989, 0.009915, 0.008894, 0.007934, 0.007036, 0.006205, 0.005441, 0.004744, 0.004112, 0.003545, 0.003038, 0.002589, 0.002194, 0.001848, 0.001548, 0.001290, 0.001068, 0.000880, 0.000720, 0.000587, 0.000475, 0.000382, 0.000306, 0.000244, 0.000194, 0.000153, 0.000121, 0.000095, 0.000076, 0.000061, 0.000051, 0.000044, 0.000041
0.000052, 0.000056, 0.000064, 0.000077, 0.000096, 0.000120, 0.000152, 0.000193, 0.000244, 0.000307, 0.000386, 0.000482, 0.000598, 0.000739, 0.000907, 0.001108, 0.001345, 0.001624, 0.001950, 0.002328, 0.002763, 0.003260, 0.003826, 0.004464, 0.005179, 0.005974, 0.006852, 0.007815, 0.008861, 0.009991, 0.011201, 0.012486, 0.013839, 0.015251, 0.016712, 0.018208, 0.019725, 0.021247, 0.022756, 0.024233, 0.025658, 0.027013, 0.028277, 0.029432, 0.030459, 0.031343, 0.032068, 0.032622, 0.032998, 0.033187, 0.033187, 0.032998, 0.032623, 0.032068, 0.031343, 0.030459, 0.029432, 0.028278, 0.027013, 0.025659, 0.024233, 0.022756, 0.021247, 0.019725, 0.018208, 0.016712, 0.015251, 0.013839, 0.012486, 0.011201, 0.009991, 0.008862, 0.007815, 0.006852, 0.005974, 0.005179, 0.004464, 0.003826, 0.003260, 0.002763, 0.002328, 0.001950, 0.001624, 0.001345, 0.001108, 0.000907, 0.000739, 0.000598, 0.000482, 0.000386, 0.000307, 0.000244, 0.000193, 0.000152, 0.000120, 0.000096, 0.000077, 0.000064, 0.000056, 0.000052
0.000065, 0.000070, 0.000080, 0.000097, 0.000120, 0.000151, 0.000191, 0.000241, 0.000305, 0.000385, 0.000483, 0.000603, 0.000749, 0.000925, 0.001136, 0.001387, 0.001684, 0.002033, 0.002441, 0.002914, 0.003459, 0.004082, 0.004790, 0.005589, 0.006484, 0.007479, 0.008578, 0.009783, 0.011094, 0.012509, 0.014023, 0.015632, 0.017326, 0.019094, 0.020922, 0.022795, 0.024695, 0.026600, 0.028489, 0.030338, 0.032123, 0.033819, 0.035401, 0.036847, 0.038133, 0.039239, 0.040146, 0.040841, 0.041311, 0.041548, 0.041548, 0.041311, 0.040841, 0.040146, 0.039239, 0.038133, 0.036847, 0.035401, 0.033819, 0.032123, 0.030338, 0.028489, 0.026600, 0.024695, 0.022796, 0.020922, 0.019094, 0.017326, 0.015632, 0.014023, 0.012509, 0.011094, 0.009783, 0.008579, 0.007479, 0.006484, 0.005589, 0.004790, 0.004082, 0.003459, 0.002914, 0.002441, 0.002033, 0.001684, 0.001387, 0.001136, 0.000925, 0.000749, 0.000603, 0.000483, 0.000385, 0.000305, 0.000241, 0.000191, 0.000151, 0.000120, 0.000097, 0.000080, 0.000070, 0.000065
0.000081, 0.000087, 0.000100, 0.000120, 0.000149, 0.000187, 0.000237, 0.000300, 0.000380, 0.000479, 0.000601, 0.000750, 0.000932, 0.001151, 0.001413, 0.001726, 0.002096, 0.002531, 0.003038, 0.003626, 0.004304, 0.005080, 0.005961, 0.006955, 0.008069, 0.009308, 0.010676, 0.012175, 0.013807, 0.015567, 0.017452, 0.019454, 0.021562, 0.023762, 0.026038, 0.028369, 0.030732, 0.033103, 0.035454, 0.037755, 0.039976, 0.042087, 0.044057, 0.045856, 0.047456, 0.048832, 0.049962, 0.050826, 0.051411, 0.051706, 0.051706, 0.051411, 0.050826, 0.049962, 0.048832, 0.047456, 0.045856, 0.044057, 0.042087, 0.039976, 0.037755, 0.035454, 0.033103, 0.030733, 0.028369, 0.026038, 0.023762, 0.021562, 0.019454, 0.017452, 0.015567, 0.013807, 0.012176, 0.010676, 0.009308, 0.008069, 0.006955, 0.005961, 0.005080, 0.004304, 0.003626, 0.003038, 0.002531, 0.002096, 0.001726, 0.001414, 0.001151, 0.000932, 0.000751, 0.000601, 0.000479, 0.000380, 0.000300, 0.000237, 0.000187, 0.000149, 0.000120, 0.000100, 0.000087, 0.000081
0.000100, 0.000108, 0.000124, 0.000149, 0.000184, 0.000232, 0.000293, 0.000372, 0.000470, 0.000593, 0.000744, 0.000928, 0.001153, 0.001424, 0.001749, 0.002135, 0.002593, 0.003131, 0.003758, 0.004486, 0.005325, 0.006284, 0.007374, 0.008604, 0.009982, 0.011515, 0.013207, 0.015062, 0.017080, 0.019258, 0.021590, 0.024066, 0.026674, 0.029396, 0.032211, 0.035095, 0.038018, 0.040951, 0.043859, 0.046706, 0.049454, 0.052065, 0.054502, 0.056727, 0.058707, 0.060409, 0.061807, 0.062876, 0.063599, 0.063964, 0.063964, 0.063599, 0.062876, 0.061807, 0.060409, 0.058707, 0.056727, 0.054502, 0.052065, 0.049454, 0.046706, 0.043859, 0.040952, 0.038019, 0.035095, 0.032211, 0.029396, 0.026674, 0.024066, 0.021590, 0.019258, 0.017080, 0.015062, 0.013207, 0.011515, 0.009982, 0.008604, 0.007374, 0.006284, 0.005325, 0.004486, 0.003758, 0.003131, 0.002593, 0.002135, 0.001749, 0.001424, 0.001153, 0.000928, 0.000744, 0.000593, 0.000470, 0.000372, 0.000293, 0.000232, 0.000184, 0.000149, 0.000124, 0.000108, 0.000100
0.000123, 0.000133, 0.000152, 0.000183, 0.000227, 0.000285, 0.000361, 0.000457, 0.000578, 0.000729, 0.000914, 0.001142, 0.001418, 0.001751, 0.002150, 0.002626, 0.003188, 0.003850, 0.004622, 0.005517, 0.006548, 0.007728, 0.009068, 0.010580, 0.012275, 0.014160, 0.016241, 0.018522, 0.021003, 0.023681, 0.026549, 0.029594, 0.032801, 0.036148, 0.039609, 0.043155, 0.046751, 0.050358, 0.053933, 0.057434, 0.060813, 0.064024, 0.067020, 0.069757, 0.072191, 0.074285, 0.076003, 0.077318, 0.078207, 0.078655, 0.078656, 0.078207, 0.077318, 0.076003, 0.074285, 0.072191, 0.069757, 0.067020, 0.064024, 0.060813, 0.057434, 0.053934, 0.050358, 0.046751, 0.043156, 0.039610, 0.036148, 0.032801, 0.029594, 0.026549, 0.023681, 0.021003, 0.018522, 0.016241, 0.014160, 0.012275, 0.010581, 0.009068, 0.007728, 0.006548, 0.005517, 0.004622, 0.003850, 0.003189, 0.002626, 0.002150, 0.001751, 0.001418, 0.001142, 0.000915, 0.000729, 0.000578, 0.000457, 0.000361, 0.000285, 0.000227, 0.000183, 0.000152, 0.000133, 0.000123
0.000150, 0.000162, 0.000186, 0.000224, 0.000277, 0.000348, 0.000441, 0.000559, 0.000707, 0.000891, 0.001118, 0.001396, 0.001733, 0.002140, 0.002628, 0.003210, 0.003897, 0.004706, 0.005649, 0.006743, 0.008004, 0.009446, 0.011084, 0.012933, 0.015004, 0.017308, 0.019852, 0.022640, 0.025673, 0.028947, 0.032452, 0.036174, 0.040094, 0.044185, 0.048416, 0.052751, 0.057146, 0.061554, 0.065925, 0.070204, 0.074334, 0.078259, 0.081921, 0.085266, 0.088242, 0.090801, 0.092901, 0.094509, 0.095596, 0.096144, 0.096144, 0.095596, 0.094509, 0.092902, 0.090801, 0.088242, 0.085267, 0.081922, 0.078259, 0.074334, 0.070204, 0.065925, 0.061555, 0.057146, 0.052751, 0.048417, 0.044185, 0.040094, 0.036174, 0.032452, 0.028947, 0.025673, 0.022640, 0.019852, 0.017308, 0.015004, 0.012933, 0.011084, 0.009446, 0.008004, 0.006744, 0.005649, 0.004706, 0.003898, 0.003210, 0.002629, 0.002140, 0.001733, 0.001396, 0.001118, 0.000891, 0.000707, 0.000559, 0.000441, 0.000348, 0.000277, 0.000224, 0.000186, 0.000162, 0.000150
0.000183, 0.000197, 0.000226, 0.000272, 0.000337, 0.000423, 0.000536, 0.000679, 0.000859, 0.001082, 0.001358, 0.001696, 0.002106, 0.002601, 0.003194, 0.003900, 0.004736, 0.005718, 0.006864, 0.008194, 0.009725, 0.011477, 0.013468, 0.015714, 0.018231, 0.021030, 0.024121, 0.027509, 0.031194, 0.035171, 0.039430, 0.043953, 0.048715, 0.053686, 0.058828, 0.064094, 0.069434, 0.074790, 0.080101, 0.085300, 0.090318, 0.095087, 0.099537, 0.103601, 0.107217, 0.110326, 0.112878, 0.114831, 0.116151, 0.116817, 0.116817, 0.116151, 0.114831, 0.112878, 0.110326, 0.107217, 0.103601, 0.099537, 0.095087, 0.090319, 0.085300, 0.080101, 0.074791, 0.069434, 0.064094, 0.058828, 0.053687, 0.048716, 0.043953, 0.039430, 0.035171, 0.031194, 0.027509, 0.024121, 0.021030, 0.018231, 0.015714, 0.013468, 0.011477, 0.009725, 0.008194, 0.006864, 0.005718, 0.004736, 0.003900, 0.003194, 0.002601, 0.002106, 0.001696, 0.001358, 0.001082, 0.000859, 0.000679, 0.000536, 0.000423, 0.000337, 0.000272, 0.000226, 0.000197, 0.000183
0.000221, 0.000238, 0.000273, 0.000329, 0.000407, 0.000511, 0.000647, 0.000820, 0.001037, 0.001307, 0.001640, 0.002048, 0.002543, 0.003141, 0.003857, 0.004710, 0.005720, 0.006906, 0.008290, 0.009896, 0.011746, 0.013862, 0.016266, 0.018979, 0.022018, 0.025399, 0.029132, 0.033224, 0.037675, 0.042479, 0.047622, 0.053084, 0.058836, 0.064840, 0.071050, 0.077410, 0.083860, 0.090329, 0.096743, 0.103021, 0.109083, 0.114842, 0.120216, 0.125125, 0.129492, 0.133247, 0.136329, 0.138687, 0.140282, 0.141087, 0.141087, 0.140282, 0.138688, 0.136329, 0.133247, 0.129492, 0.125125, 0.120217, 0.114842, 0.109083, 0.103022, 0.096743, 0.090329, 0.083860, 0.077411, 0.071050, 0.064841, 0.058837, 0.053085, 0.047622, 0.042479, 0.037675, 0.033224, 0.029133, 0.025399, 0.022019, 0.018979, 0.016266, 0.013862, 0.011746, 0.009896, 0.008290, 0.006906, 0.005720, 0.004710, 0.003857, 0.003141, 0.002543, 0.002048, 0.001641, 0.001307, 0.001037, 0.000820, 0.000647, 0.000511, 0.000407, 0.000329, 0.000273, 0.000238, 0.000221
0.000265, 0.000286, 0.000328, 0.000395, 0.000489, 0.000614, 0.000777, 0.000984, 0.001245, 0.001570, 0.001969, 0.002459, 0.003053, 0.003771, 0.004631, 0.005655, 0.006867, 0.008291, 0.009953, 0.011881, 0.014101, 0.016642, 0.019528, 0.022785, 0.026434, 0.030493, 0.034974, 0.039887, 0.045230, 0.050997, 0.057172, 0.063729, 0.070635, 0.077842, 0.085297, 0.092933, 0.100676, 0.108442, 0.116142, 0.123680, 0.130956, 0.137871, 0.144323, 0.150216, 0.155458, 0.159966, 0.163666, 0.166498, 0.168412, 0.169378, 0.169378, 0.168412, 0.166498, 0.163666, 0.159966, 0.155458, 0.150216, 0.144323, 0.137871, 0.130957, 0.123680, 0.116142, 0.108443, 0.100676, 0.092933, 0.085297, 0.077843, 0.070635, 0.063730, 0.057172, 0.050997, 0.045230, 0.039887, 0.034975, 0.030493, 0.026434, 0.022785, 0.019528, 0.016642, 0.014101, 0.011881, 0.009953, 0.008291, 0.006867, 0.005655, 0.004631, 0.003771, 0.003053, 0.002459, 0.001970, 0.001570, 0.001245, 0.000984, 0.000777, 0.000614, 0.000489, 0.000395, 0.000328, 0.000286, 0.000265
0.000316, 0.000341, 0.000392, 0.000471, 0.000583, 0.000733, 0.000927, 0.001175, 0.001486, 0.001873, 0.002350, 0.002934, 0.003644, 0.004500, 0.005526, 0.006748, 0.008194, 0.009894, 0.011877, 0.014178, 0.016828, 0.019859, 0.023304, 0.027191, 0.031545, 0.036388, 0.041736, 0.047598, 0.053975, 0.060856, 0.068225, 0.076051, 0.084291, 0.092892, 0.101788, 0.110900, 0.120140, 0.129408, 0.138596, 0.147591, 0.156274, 0.164525, 0.172225, 0.179257, 0.185512, 0.190892, 0.195308, 0.198686, 0.200971, 0.202124, 0.202124, 0.200972, 0.198687, 0.195308, 0.190892, 0.185513, 0.179257, 0.172225, 0.164526, 0.156275, 0.147592, 0.138597, 0.129408, 0.120140, 0.110901, 0.101788, 0.092893, 0.084292, 0.076051, 0.068226, 0.060857, 0.053975, 0.047599, 0.041737, 0.036389, 0.031545, 0.027191, 0.023304, 0.019860, 0.016828, 0.014178, 0.011877, 0.009894, 0.008194, 0.006749, 0.005526, 0.004500, 0.003644, 0.002934, 0.002350, 0.001873, 0.001486, 0.001175, 0.000927, 0.000733, 0.000583, 0.000471, 0.000392, 0.000341, 0.000316
0.000375, 0.000404, 0.000465, 0.000559, 0.000692, 0.000869, 0.001100, 0.001393, 0.001763, 0.002222, 0.002788, 0.003481, 0.004322, 0.005338, 0.006555, 0.008005, 0.009720, 0.011736, 0.014089, 0.016818, 0.019961, 0.023557, 0.027643, 0.032253, 0.037418, 0.043163, 0.049507, 0.056460, 0.064024, 0.072187, 0.080928, 0.090210, 0.099984, 0.110187, 0.120739, 0.131547, 0.142507, 0.153500, 0.164400, 0.175069, 0.185369, 0.195156, 0.204289, 0.212630, 0.220050, 0.226431, 0.231669, 0.235677, 0.238387, 0.239754, 0.239754, 0.238387, 0.235677, 0.231670, 0.226432, 0.220051, 0.212631, 0.204289, 0.195157, 0.185370, 0.175070, 0.164400, 0.153501, 0.142508, 0.131548, 0.120739, 0.110188, 0.099985, 0.090211, 0.080928, 0.072187, 0.064024, 0.056461, 0.049508, 0.043164, 0.037418, 0.032253, 0.027643, 0.023557, 0.019961, 0.016818, 0.014089, 0.011736, 0.009720, 0.008005, 0.006555, 0.005338, 0.004322, 0.003481, 0.002788, 0.002222, 0.001763, 0.001394, 0.001100, 0.000869, 0.000692, 0.000559, 0.000465, 0.000404, 0.000375
0.000442, 0.000477, 0.000548, 0.000659, 0.000815, 0.001025, 0.001297, 0.001643, 0.002078, 0.002620, 0.003287, 0.004104, 0.005096, 0.006294, 0.007729, 0.009439, 0.011461, 0.013837, 0.016612, 0.019829, 0.023535, 0.027775, 0.032593, 0.038029, 0.044119, 0.050893, 0.058372, 0.066571, 0.075488, 0.085113, 0.095419, 0.106364, 0.117888, 0.129918, 0.142359, 0.155103, 0.168025, 0.180987, 0.193837, 0.206418, 0.218562, 0.230101, 0.240869, 0.250704, 0.259453, 0.266976, 0.273152, 0.277877, 0.281073, 0.282685, 0.282685, 0.281073, 0.277877, 0.273152, 0.266977, 0.259453, 0.250704, 0.240870, 0.230102, 0.218562, 0.206418, 0.193838, 0.180988, 0.168026, 0.155104, 0.142360, 0.129918, 0.117889, 0.106364, 0.095420, 0.085114, 0.075489, 0.066571, 0.058373, 0.050893, 0.044119, 0.038029, 0.032593, 0.027776, 0.023536, 0.019829, 0.016612, 0.013837, 0.011461, 0.009439, 0.007729, 0.006294, 0.005096, 0.004104, 0.003287, 0.002620, 0.002078, 0.001643, 0.001297, 0.001025, 0.000815, 0.000659, 0.000548, 0.000477, 0.000442
0.000518, 0.000559, 0.000642, 0.000772, 0.000956, 0.001201, 0.001520, 0.001926, 0.002436, 0.003070, 0.003853, 0.004810, 0.005973, 0.007376, 0.009059, 0.011062, 0.013432, 0.016217, 0.019469, 0.023240, 0.027583, 0.032553, 0.038199, 0.044570, 0.051707, 0.059646, 0.068412, 0.078021, 0.088472, 0.099752, 0.111830, 0.124657, 0.138164, 0.152262, 0.166843, 0.181779, 0.196923, 0.212114, 0.227175, 0.241919, 0.256151, 0.269675, 0.282295, 0.293820, 0.304074, 0.312891, 0.320129, 0.325667, 0.329413, 0.331301, 0.331301, 0.329413, 0.325668, 0.320130, 0.312892, 0.304074, 0.293821, 0.282295, 0.269676, 0.256152, 0.241919, 0.227176, 0.212115, 0.196924, 0.181780, 0.166844, 0.152263, 0.138165, 0.124658, 0.111831, 0.099753, 0.088473, 0.078021, 0.068413, 0.059646, 0.051707, 0.044570, 0.038199, 0.032553, 0.027584, 0.023240, 0.019469, 0.016218, 0.013432, 0.011062, 0.009059, 0.007377, 0.005973, 0.004810, 0.003853, 0.003070, 0.002436, 0.001926, 0.001520, 0.001201, 0.000956, 0.000772, 0.000642, 0.000559, 0.000518
0.000604, 0.000651, 0.000748, 0.000900, 0.001113, 0.001399, 0.001771, 0.002243, 0.002838, 0.003577, 0.004488, 0.005604, 0.006958, 0.008593, 0.010553, 0.012887, 0.015648, 0.018893, 0.022681, 0.027074, 0.032134, 0.037923, 0.044500, 0.051922, 0.060236, 0.069485, 0.079697, 0.090890, 0.103066, 0.116207, 0.130277, 0.145220, 0.160954, 0.177378, 0.194364, 0.211763, 0.229406, 0.247102, 0.264647, 0.281823, 0.298402, 0.314157, 0.328858, 0.342285, 0.354230, 0.364502, 0.372934, 0.379385, 0.383748, 0.385948, 0.385948, 0.383748, 0.379385, 0.372934, 0.364502, 0.354231, 0.342286, 0.328859, 0.314158, 0.298403, 0.281824, 0.264648, 0.247103, 0.229407, 0.211764, 0.194365, 0.177379, 0.160955, 0.145221, 0.130278, 0.116207, 0.103066, 0.090891, 0.079698, 0.069485, 0.060237, 0.051922, 0.044501, 0.037923, 0.032134, 0.027074, 0.022681, 0.018893, 0.015648, 0.012887, 0.010553, 0.008594, 0.006959, 0.005604, 0.004488, 0.003577, 0.002838, 0.002243, 0.001771, 0.001399, 0.001113, 0.000900, 0.000748, 0.000651, 0.000604
0.000699, 0.000754, 0.000866, 0.001042, 0.001289, 0.001620, 0.002050, 0.002598, 0.003286, 0.004142, 0.005197, 0.006489, 0.008058, 0.009951, 0.012220, 0.014923, 0.018120, 0.021877, 0.026263, 0.031350, 0.037210, 0.043913, 0.051530, 0.060123, 0.069751, 0.080461, 0.092286, 0.105247, 0.119345, 0.134562, 0.150855, 0.168157, 0.186377, 0.205395, 0.225064, 0.245211, 0.265640, 0.286131, 0.306447, 0.326336, 0.345534, 0.363777, 0.380800, 0.396349, 0.410180, 0.422074, 0.431838, 0.439308, 0.444360, 0.446908, 0.446908, 0.444360, 0.439308, 0.431838, 0.422075, 0.410181, 0.396349, 0.380801, 0.363778, 0.345536, 0.326337, 0.306449, 0.286133, 0.265642, 0.245212, 0.225065, 0.205396, 0.186378, 0.168159, 0.150856, 0.134563, 0.119346, 0.105248, 0.092287, 0.080461, 0.069752, 0.060124, 0.051530, 0.043914, 0.037210, 0.031351, 0.026264, 0.021877, 0.018120, 0.014923, 0.012220, 0.009951, 0.008058, 0.006489, 0.005197, 0.004142, 0.003286, 0.002598, 0.002050, 0.001620, 0.001289, 0.001042, 0.000866, 0.000754, 0.000699
0.000805, 0.000868, 0.000997, 0.001199, 0.001484, 0.001865, 0.002360, 0.002990, 0.003782, 0.004767, 0.005982, 0.007469, 0.009274, 0.011454, 0.014066, 0.017176, 0.020856, 0.025181, 0.030229, 0.036084, 0.042828, 0.050544, 0.059311, 0.069202, 0.080284, 0.092610, 0.106221, 0.121139, 0.137366, 0.154880, 0.173633, 0.193548, 0.214519, 0.236408, 0.259046, 0.282235, 0.305749, 0.329334, 0.352718, 0.375609, 0.397706, 0.418703, 0.438297, 0.456192, 0.472112, 0.485802, 0.497039, 0.505638, 0.511453, 0.514385, 0.514385, 0.511453, 0.505638, 0.497040, 0.485803, 0.472113, 0.456193, 0.438298, 0.418705, 0.397707, 0.375610, 0.352719, 0.329336, 0.305750, 0.282237, 0.259048, 0.236409, 0.214520, 0.193549, 0.173634, 0.154881, 0.137367, 0.121140, 0.106222, 0.092611, 0.080284, 0.069203, 0.059311, 0.050545, 0.042829, 0.036085, 0.030230, 0.025181, 0.020856, 0.017176, 0.014066, 0.011454, 0.009275, 0.007469, 0.005982, 0.004768, 0.003782, 0.002990, 0.002360, 0.001865, 0.001484, 0.001199, 0.000997, 0.000868, 0.000805
0.000921, 0.000993, 0.001141, 0.001372, 0.001698, 0.002134, 0.002700, 0.003421, 0.004327, 0.005454, 0.006844, 0.008545, 0.010611, 0.013104, 0.016092, 0.019651, 0.023861, 0.028809, 0.034585, 0.041283, 0.048999, 0.057826, 0.067856, 0.079172, 0.091850, 0.105953, 0.121525, 0.138592, 0.157157, 0.177194, 0.198648, 0.221433, 0.245424, 0.270467, 0.296366, 0.322896, 0.349797, 0.376781, 0.403533, 0.429722, 0.455002, 0.479024, 0.501441, 0.521914, 0.540127, 0.555789, 0.568645, 0.578482, 0.585135, 0.588490, 0.588490, 0.585135, 0.578483, 0.568646, 0.555790, 0.540128, 0.521915, 0.501442, 0.479026, 0.455004, 0.429723, 0.403534, 0.376782, 0.349799, 0.322898, 0.296368, 0.270468, 0.245426, 0.221434, 0.198650, 0.177195, 0.157158, 0.138593, 0.121526, 0.105954, 0.091851, 0.079173, 0.067857, 0.057827, 0.049000, 0.041284, 0.034585, 0.028809, 0.023861, 0.019651, 0.016093, 0.013104, 0.010611, 0.008545, 0.006844, 0.005455, 0.004327, 0.003421, 0.002700, 0.002134, 0.001698, 0.001372, 0.001141, 0.000993, 0.000921
0.001047, 0.001129, 0.001297, 0.001560, 0.001931, 0.002427, 0.003070, 0.003890, 0.004921, 0.006203, 0.007783, 0.009717, 0.012067, 0.014902, 0.018300, 0.022347, 0.027135, 0.032761, 0.039330, 0.046947, 0.055722, 0.065760, 0.077165, 0.090034, 0.104452, 0.120488, 0.138196, 0.157605, 0.178717, 0.201503, 0.225900, 0.251810, 0.279093, 0.307570, 0.337023, 0.367193, 0.397784, 0.428469, 0.458890, 0.488672, 0.517420, 0.544738, 0.570229, 0.593511, 0.614221, 0.632032, 0.646652, 0.657839, 0.665404, 0.669219, 0.669219, 0.665404, 0.657839, 0.646653, 0.632033, 0.614223, 0.593512, 0.570230, 0.544739, 0.517422, 0.488674, 0.458892, 0.428470, 0.397786, 0.367195, 0.337025, 0.307572, 0.279094, 0.251811, 0.225902, 0.201504, 0.178718, 0.157606, 0.138198, 0.120489, 0.104453, 0.090035, 0.077166, 0.065761, 0.055722, 0.046948, 0.039330, 0.032762, 0.027135, 0.022348, 0.018301, 0.014902, 0.012067, 0.009717, 0.007783, 0.006203, 0.004921, 0.003890, 0.003070, 0.002427, 0.001931, 0.001560, 0.001297, 0.001129, 0.001047
0.001184, 0.001276, 0.001467, 0.001764, 0.002183, 0.002743, 0.003471, 0.004398, 0.005563, 0.007011, 0.008798, 0.010984, 0.013640, 0.016844, 0.020686, 0.025260, 0.030672, 0.037032, 0.044457, 0.053067, 0.062985, 0.074332, 0.087224, 0.101770, 0.118066, 0.136193, 0.156209, 0.178148, 0.202011, 0.227766, 0.255344, 0.284630, 0.315470, 0.347659, 0.380950, 0.415052, 0.449630, 0.484314, 0.518701, 0.552363, 0.584859, 0.615736, 0.644550, 0.670866, 0.694276, 0.714408, 0.730934, 0.743578, 0.752129, 0.756441, 0.756441, 0.752129, 0.743579, 0.730934, 0.714409, 0.694278, 0.670868, 0.644552, 0.615738, 0.584861, 0.552365, 0.518703, 0.484316, 0.449632, 0.415054, 0.380952, 0.347661, 0.315471, 0.284632, 0.255345, 0.227768, 0.202012, 0.178149, 0.156211, 0.136195, 0.118067, 0.101771, 0.087225, 0.074332, 0.062986, 0.053067, 0.044457, 0.037032, 0.030672, 0.025261, 0.020686, 0.016845, 0.013640, 0.010984, 0.008798, 0.007012, 0.005563, 0.004398, 0.003471, 0.002743, 0.002183, 0.001764, 0.001467, 0.001276, 0.001184
0.001330, 0.001434, 0.001648, 0.001982, 0.002452, 0.003082, 0.003899, 0.004941, 0.006250, 0.007878, 0.009885, 0.012341, 0.015325, 0.018926, 0.023242, 0.028381, 0.034461, 0.041607, 0.049949, 0.059623, 0.070766, 0.083515, 0.097999, 0.114342, 0.132652, 0.153018, 0.175507, 0.200155, 0.226966, 0.255903, 0.286887, 0.319791, 0.354440, 0.390605, 0.428009, 0.466323, 0.505173, 0.544141, 0.582775, 0.620596, 0.657105, 0.691797, 0.724169, 0.753736, 0.780038, 0.802657, 0.821223, 0.835429, 0.845036, 0.849881, 0.849881, 0.845037, 0.835430, 0.821224, 0.802658, 0.780040, 0.753738, 0.724171, 0.691799, 0.657107, 0.620598, 0.582777, 0.544143, 0.505175, 0.466326, 0.428012, 0.390608, 0.354442, 0.319793, 0.286889, 0.255905, 0.226968, 0.200157, 0.175508, 0.153019, 0.132653, 0.114343, 0.098000, 0.083515, 0.070767, 0.059624, 0.049949, 0.041607, 0.034462, 0.028382, 0.023242, 0.018926, 0.015325, 0.012341, 0.009885, 0.007878, 0.006250, 0.004941, 0.003900, 0.003082, 0.002452, 0.001982, 0.001648, 0.001434, 0.001330
0.001485, 0.001602, 0.001840, 0.002213, 0.002739, 0.003442, 0.004355, 0.005518, 0.006980, 0.008798, 0.011039, 0.013782, 0.017114, 0.021136, 0.025956, 0.031695, 0.038486, 0.046465, 0.055782, 0.066585, 0.079029, 0.093266, 0.109442, 0.127694, 0.148141, 0.170885, 0.196000, 0.223526, 0.253467, 0.285783, 0.320385, 0.357131, 0.395825, 0.436213, 0.477983, 0.520771, 0.564156, 0.607673, 0.650818, 0.693055, 0.733826, 0.772569, 0.808720, 0.841739, 0.871112, 0.896372, 0.917106, 0.932970, 0.943699, 0.949110, 0.949110, 0.943700, 0.932971, 0.917107, 0.896373, 0.871114, 0.841741, 0.808723, 0.772571, 0.733829, 0.693057, 0.650821, 0.607676, 0.564158, 0.520773, 0.477986, 0.436215, 0.395827, 0.357133, 0.320387, 0.285785, 0.253469, 0.223528, 0.196001, 0.170887, 0.148143, 0.127695, 0.109444, 0.093267, 0.079030, 0.066586, 0.055782, 0.046466, 0.038486, 0.031696, 0.025956, 0.021136, 0.017115, 0.013782, 0.011039, 0.008798, 0.006980, 0.005518, 0.004355, 0.003442, 0.002739, 0.002213, 0.001840, 0.001602, 0.001485
0.001649, 0.001778, 0.002043, 0.002457, 0.003040, 0.003821, 0.004834, 0.006125, 0.007748, 0.009766, 0.012254, 0.015299, 0.018998, 0.023461, 0.028812, 0.035183, 0.042720, 0.051578, 0.061920, 0.073912, 0.087726, 0.103529, 0.121485, 0.141744, 0.164442, 0.189688, 0.217566, 0.248121, 0.281356, 0.317227, 0.355636, 0.396425, 0.439376, 0.484208, 0.530574, 0.578069, 0.626227, 0.674533, 0.722424, 0.769308, 0.814565, 0.857569, 0.897699, 0.934350, 0.966954, 0.994993, 1.018008, 1.035618, 1.047527, 1.053533, 1.053533, 1.047528, 1.035619, 1.018009, 0.994994, 0.966956, 0.934352, 0.897701, 0.857572, 0.814567, 0.769310, 0.722427, 0.674536, 0.626230, 0.578072, 0.530577, 0.484211, 0.439379, 0.396428, 0.355639, 0.317230, 0.281358, 0.248122, 0.217568, 0.189690, 0.164443, 0.141746, 0.121486, 0.103530, 0.087727, 0.073913, 0.061920, 0.051579, 0.042721, 0.035184, 0.028812, 0.023462, 0.018998, 0.015299, 0.012254, 0.009766, 0.007748, 0.006125, 0.004834, 0.003821, 0.003040, 0.002457, 0.002043, 0.001778, 0.001649
0.001819, 0.001962, 0.002254, 0.002711, 0.003354, 0.004215, 0.005334, 0.006758, 0.008549, 0.010775, 0.013521, 0.016880, 0.020961, 0.025886, 0.031789, 0.038819, 0.047135, 0.056909, 0.068319, 0.081550, 0.096791, 0.114228, 0.134039, 0.156392, 0.181435, 0.209290, 0.240048, 0.273760, 0.310430, 0.350008, 0.392385, 0.437389, 0.484778, 0.534241, 0.585399, 0.637801, 0.690935, 0.744231, 0.797071, 0.848799, 0.898732, 0.946180, 0.990456, 1.030893, 1.066867, 1.097803, 1.123196, 1.142625, 1.155765, 1.162391, 1.162391, 1.155765, 1.142626, 1.123197, 1.097804, 1.066869, 1.030896, 0.990458, 0.946183, 0.898735, 0.848802, 0.797075, 0.744235, 0.690938, 0.637804, 0.585402, 0.534244, 0.484781, 0.437392, 0.392388, 0.350010, 0.310432, 0.273762, 0.240050, 0.209292, 0.181436, 0.156393, 0.134040, 0.114229, 0.096792, 0.081551, 0.068319, 0.056909, 0.047136, 0.038820, 0.031790, 0.025886, 0.020962, 0.016880, 0.013521, 0.010775, 0.008549, 0.006758, 0.005334, 0.004216, 0.003354, 0.002711, 0.002254, 0.001962, 0.001819
0.001995, 0.002151, 0.002472, 0.002973, 0.003679, 0.004623, 0.005850, 0.007412, 0.009375, 0.011817, 0.014828, 0.018512, 0.022988, 0.028389, 0.034863, 0.042573, 0.051693, 0.062411, 0.074924, 0.089435, 0.106149, 0.125271, 0.146998, 0.171512, 0.198975, 0.229523, 0.263255, 0.300226, 0.340441, 0.383845, 0.430319, 0.479673, 0.531643, 0.585888, 0.641990, 0.699458, 0.757728, 0.816177, 0.874125, 0.930852, 0.985612, 1.037647, 1.086202, 1.130548, 1.169999, 1.203925, 1.231773, 1.253080, 1.267490, 1.274757, 1.274757, 1.267491, 1.253082, 1.231774, 1.203927, 1.170002, 1.130551, 1.086205, 1.037650, 0.985615, 0.930856, 0.874128, 0.816180, 0.757732, 0.699461, 0.641994, 0.585891, 0.531646, 0.479676, 0.430322, 0.383847, 0.340443, 0.300228, 0.263257, 0.229525, 0.198977, 0.171513, 0.146999, 0.125273, 0.106150, 0.089436, 0.074925, 0.062412, 0.051693, 0.042573, 0.034864, 0.028389, 0.022988, 0.018512, 0.014828, 0.011817, 0.009375, 0.007412, 0.005850, 0.004623, 0.003679, 0.002973, 0.002472, 0.002151, 0.001995
0.002175, 0.002345, 0.002695, 0.003241, 0.004010, 0.005040, 0.006376, 0.008080, 0.010220, 0.012882, 0.016164, 0.020179, 0.025059, 0.030946, 0.038003, 0.046407, 0.056348, 0.068032, 0.081672, 0.097489, 0.115709, 0.136553, 0.160236, 0.186958, 0.216894, 0.250193, 0.286962, 0.327263, 0.371099, 0.418411, 0.469070, 0.522868, 0.579518, 0.638647, 0.699802, 0.762444, 0.825961, 0.889673, 0.952838, 1.014674, 1.074364, 1.131085, 1.184011, 1.232351, 1.275354, 1.312335, 1.342690, 1.365916, 1.381624, 1.389545, 1.389545, 1.381625, 1.365918, 1.342692, 1.312337, 1.275357, 1.232354, 1.184015, 1.131088, 1.074367, 1.014678, 0.952842, 0.889677, 0.825965, 0.762448, 0.699805, 0.638651, 0.579521, 0.522872, 0.469073, 0.418414, 0.371102, 0.327265, 0.286965, 0.250195, 0.216896, 0.186959, 0.160238, 0.136555, 0.115710, 0.097490, 0.081673, 0.068033, 0.056349, 0.046407, 0.038004, 0.030946, 0.025059, 0.020180, 0.016164, 0.012882, 0.010220, 0.008080, 0.006377, 0.005040, 0.004010, 0.003241, 0.002695, 0.002345, 0.002175
0.002356, 0.002541, 0.002920, 0.003511, 0.004345, 0.005460, 0.006909, 0.008754, 0.011073, 0.013957, 0.017513, 0.021864, 0.027150, 0.033529, 0.041176, 0.050281, 0.061052, 0.073711, 0.088489, 0.105627, 0.125368, 0.147952, 0.173612, 0.202563, 0.234999, 0.271077, 0.310915, 0.354579, 0.402074, 0.453335, 0.508222, 0.566511, 0.627888, 0.691953, 0.758211, 0.826081, 0.894900, 0.963929, 1.032366, 1.099362, 1.164035, 1.225488, 1.282832, 1.335207, 1.381798, 1.421865, 1.454754, 1.479919, 1.496937, 1.505520, 1.505520, 1.496938, 1.479920, 1.454756, 1.421867, 1.381801, 1.335210, 1.282836, 1.225492, 1.164039, 1.099366, 1.032370, 0.963933, 0.894904, 0.826086, 0.758215, 0.691957, 0.627892, 0.566514, 0.508226, 0.453339, 0.402077, 0.354582, 0.310918, 0.271079, 0.235001, 0.202565, 0.173614, 0.147954, 0.125369, 0.105628, 0.088490, 0.073712, 0.061053, 0.050282, 0.041176, 0.033530, 0.027151, 0.021864, 0.017513, 0.013957, 0.011073, 0.008754, 0.006909, 0.005460, 0.004345, 0.003511, 0.002920, 0.002541, 0.002356
0.002538, 0.002737, 0.003144, 0.003781, 0.004679, 0.005880, 0.007440, 0.009428, 0.011925, 0.015031, 0.018860, 0.023546, 0.029239, 0.036109, 0.044343, 0.054149, 0.065749, 0.079382, 0.095297, 0.113753, 0.135012, 0.159333, 0.186967, 0.218145, 0.253076, 0.291929, 0.334832, 0.381854, 0.433002, 0.488206, 0.547315, 0.610087, 0.676185, 0.745177, 0.816531, 0.889622, 0.963733, 1.038071, 1.111772, 1.183921, 1.253567, 1.319747, 1.381502, 1.437904, 1.488079, 1.531227, 1.566645, 1.593746, 1.612073, 1.621315, 1.621316, 1.612074, 1.593747, 1.566647, 1.531230, 1.488082, 1.437908, 1.381506, 1.319751, 1.253572, 1.183925, 1.111776, 1.038075, 0.963738, 0.889626, 0.816536, 0.745182, 0.676189, 0.610091, 0.547319, 0.488210, 0.433005, 0.381857, 0.334834, 0.291931, 0.253078, 0.218147, 0.186969, 0.159335, 0.135013, 0.113754, 0.095298, 0.079383, 0.065750, 0.054150, 0.044344, 0.036109, 0.029240, 0.023547, 0.018861, 0.015031, 0.011925, 0.009428, 0.007441, 0.005881, 0.004679, 0.003781, 0.003144, 0.002737, 0.002538
0.002716, 0.002929, 0.003366, 0.004048, 0.005009, 0.006295, 0.007964, 0.010092, 0.012765, 0.016089, 0.020189, 0.025205, 0.031298, 0.038652, 0.047466, 0.057962, 0.070379, 0.084972, 0.102007, 0.121763, 0.144519, 0.170553, 0.200132, 0.233506, 0.270895, 0.312485, 0.358408, 0.408741, 0.463490, 0.522581, 0.585851, 0.653042, 0.723794, 0.797643, 0.874021, 0.952257, 1.031585, 1.111156, 1.190046, 1.267274, 1.341824, 1.412663, 1.478765, 1.539138, 1.592845, 1.639031, 1.676942, 1.705950, 1.725568, 1.735461, 1.735461, 1.725569, 1.705952, 1.676944, 1.639033, 1.592848, 1.539142, 1.478769, 1.412667, 1.341828, 1.267279, 1.190051, 1.111161, 1.031590, 0.952262, 0.874026, 0.797648, 0.723798, 0.653046, 0.585855, 0.522584, 0.463493, 0.408744, 0.358411, 0.312487, 0.270898, 0.233508, 0.200134, 0.170555, 0.144521, 0.121764, 0.102009, 0.084973, 0.070380, 0.057963, 0.047467, 0.038652, 0.031299, 0.025205, 0.020189, 0.016090, 0.012765, 0.010092, 0.007965, 0.006295, 0.005009, 0.004048, 0.003366, 0.002929, 0.002716
0.002890, 0.003117, 0.003581, 0.004307, 0.005329, 0.006697, 0.008474, 0.010737, 0.013581, 0.017118, 0.021480, 0.026816, 0.033300, 0.041124, 0.050502, 0.061669, 0.074880, 0.090405, 0.108530, 0.129549, 0.153760, 0.181458, 0.212928, 0.248436, 0.288216, 0.332464, 0.381323, 0.434874, 0.493123, 0.555992, 0.623307, 0.694793, 0.770068, 0.848638, 0.929898, 1.013136, 1.097535, 1.182193, 1.266126, 1.348291, 1.427606, 1.502973, 1.573301, 1.637533, 1.694674, 1.743811, 1.784146, 1.815009, 1.835880, 1.846405, 1.846406, 1.835881, 1.815010, 1.784148, 1.743814, 1.694677, 1.637537, 1.573305, 1.502978, 1.427611, 1.348296, 1.266131, 1.182199, 1.097541, 1.013141, 0.929904, 0.848643, 0.770073, 0.694798, 0.623311, 0.555996, 0.493127, 0.434878, 0.381326, 0.332467, 0.288218, 0.248438, 0.212930, 0.181460, 0.153761, 0.129550, 0.108531, 0.090406, 0.074881, 0.061670, 0.050502, 0.041124, 0.033300, 0.026817, 0.021480, 0.017119, 0.013581, 0.010737, 0.008474, 0.006697, 0.005329, 0.004307, 0.003581, 0.003117, 0.002890
0.003057, 0.003296, 0.003787, 0.004554, 0.005636, 0.007082, 0.008961, 0.011355, 0.014362, 0.018103, 0.022715, 0.028359, 0.035215, 0.043489, 0.053406, 0.065215, 0.079186, 0.095604, 0.114771, 0.136999, 0.162601, 0.191892, 0.225172, 0.262721, 0.304788, 0.351580, 0.403249, 0.459878, 0.521476, 0.587959, 0.659144, 0.734740, 0.814343, 0.897430, 0.983361, 1.071384, 1.160636, 1.250160, 1.338918, 1.425806, 1.509681, 1.589381, 1.663751, 1.731676, 1.792101, 1.844063, 1.886716, 1.919353, 1.941424, 1.952554, 1.952555, 1.941425, 1.919354, 1.886719, 1.844066, 1.792104, 1.731680, 1.663756, 1.589385, 1.509686, 1.425812, 1.338923, 1.250166, 1.160641, 1.071390, 0.983367, 0.897435, 0.814348, 0.734745, 0.659148, 0.587963, 0.521480, 0.459882, 0.403252, 0.351583, 0.304791, 0.262723, 0.225174, 0.191894, 0.162603, 0.137000, 0.114772, 0.095605, 0.079187, 0.065216, 0.053406, 0.043489, 0.035216, 0.028359, 0.022716, 0.018103, 0.014362, 0.011355, 0.008961, 0.007083, 0.005636, 0.004554, 0.003787, 0.003296, 0.003057
0.003213, 0.003464, 0.003981, 0.004787, 0.005924, 0.007444, 0.009419, 0.011935, 0.015096, 0.019028, 0.023876, 0.029808, 0.037015, 0.045711, 0.056135, 0.068548, 0.083232, 0.100490, 0.120636, 0.143999, 0.170910, 0.201697, 0.236677, 0.276145, 0.320362, 0.369545, 0.423853, 0.483376, 0.548120, 0.618000, 0.692822, 0.772280, 0.855949, 0.943281, 1.033602, 1.126121, 1.219933, 1.314031, 1.407322, 1.498649, 1.586809, 1.670579, 1.748749, 1.820144, 1.883656, 1.938272, 1.983104, 2.017407, 2.040606, 2.052305, 2.052305, 2.040607, 2.017409, 1.983106, 1.938275, 1.883659, 1.820148, 1.748754, 1.670584, 1.586814, 1.498655, 1.407328, 1.314037, 1.219939, 1.126127, 1.033608, 0.943286, 0.855954, 0.772285, 0.692826, 0.618005, 0.548125, 0.483380, 0.423856, 0.369548, 0.320365, 0.276148, 0.236680, 0.201699, 0.170912, 0.144001, 0.120637, 0.100491, 0.083233, 0.068549, 0.056136, 0.045712, 0.037015, 0.029808, 0.023877, 0.019029, 0.015097, 0.011935, 0.009419, 0.007445, 0.005924, 0.004787, 0.003981, 0.003464, 0.003213
0.003357, 0.003619, 0.004159, 0.005001, 0.006189, 0.007778, 0.009841, 0.012469, 0.015772, 0.019880, 0.024944, 0.031142, 0.038671, 0.047756, 0.058647, 0.071615, 0.086956, 0.104985, 0.126033, 0.150441, 0.178555, 0.210720, 0.247265, 0.288497, 0.334692, 0.386074, 0.442811, 0.504996, 0.572637, 0.645641, 0.723809, 0.806821, 0.894232, 0.985469, 1.079830, 1.176487, 1.274493, 1.372799, 1.470263, 1.565673, 1.657775, 1.745292, 1.826957, 1.901544, 1.967896, 2.024954, 2.071790, 2.107629, 2.131865, 2.144087, 2.144087, 2.131866, 2.107630, 2.071793, 2.024958, 1.967899, 1.901549, 1.826962, 1.745297, 1.657781, 1.565679, 1.470268, 1.372805, 1.274500, 1.176493, 1.079836, 0.985475, 0.894237, 0.806826, 0.723814, 0.645646, 0.572641, 0.505000, 0.442815, 0.386078, 0.334695, 0.288500, 0.247267, 0.210722, 0.178557, 0.150442, 0.126034, 0.104986, 0.086957, 0.071616, 0.058647, 0.047757, 0.038671, 0.031142, 0.024945, 0.019880, 0.015772, 0.012469, 0.009841, 0.007778, 0.006189, 0.005001, 0.004159, 0.003620, 0.003357
0.003486, 0.003759, 0.004319, 0.005193, 0.006427, 0.008076, 0.010219, 0.012948, 0.016378, 0.020643, 0.025903, 0.032338, 0.040156, 0.049591, 0.060899, 0.074365, 0.090296, 0.109017, 0.130873, 0.156218, 0.185412, 0.218812, 0.256760, 0.299576, 0.347544, 0.400899, 0.459814, 0.524387, 0.594624, 0.670432, 0.751600, 0.837799, 0.928566, 1.023305, 1.121289, 1.221656, 1.323425, 1.425505, 1.526710, 1.625784, 1.721421, 1.812297, 1.897097, 1.974546, 2.043445, 2.102695, 2.151330, 2.188543, 2.213709, 2.226401, 2.226401, 2.213710, 2.188545, 2.151333, 2.102698, 2.043449, 1.974551, 1.897102, 1.812302, 1.721427, 1.625790, 1.526716, 1.425511, 1.323432, 1.221662, 1.121295, 1.023311, 0.928571, 0.837804, 0.751606, 0.670436, 0.594629, 0.524391, 0.459818, 0.400903, 0.347547, 0.299579, 0.256762, 0.218814, 0.185414, 0.156220, 0.130874, 0.109018, 0.090297, 0.074366, 0.060900, 0.049591, 0.040157, 0.032338, 0.025903, 0.020644, 0.016378, 0.012948, 0.010219, 0.008077, 0.006427, 0.005194, 0.004319, 0.003759, 0.003486
0.003598, 0.003879, 0.004457, 0.005360, 0.006633, 0.008336, 0.010547, 0.013364, 0.016904, 0.021306, 0.026735, 0.033377, 0.041446, 0.051183, 0.062855, 0.076753, 0.093195, 0.112518, 0.135075, 0.161234, 0.191366, 0.225837, 0.265004, 0.309194, 0.358702, 0.413770, 0.474576, 0.541221, 0.613713, 0.691954, 0.775727, 0.864693, 0.958373, 1.056153, 1.157282, 1.260870, 1.365906, 1.471261, 1.575714, 1.677968, 1.776674, 1.870468, 1.957988, 2.037923, 2.109033, 2.170184, 2.220380, 2.258788, 2.284761, 2.297861, 2.297861, 2.284762, 2.258790, 2.220383, 2.170187, 2.109037, 2.037928, 1.957993, 1.870473, 1.776680, 1.677974, 1.575721, 1.471268, 1.365912, 1.260876, 1.157288, 1.056159, 0.958379, 0.864698, 0.775733, 0.691959, 0.613718, 0.541226, 0.474580, 0.413773, 0.358705, 0.309197, 0.265006, 0.225840, 0.191367, 0.161236, 0.135077, 0.112519, 0.093196, 0.076754, 0.062856, 0.051184, 0.041446, 0.033377, 0.026735, 0.021307, 0.016904, 0.013364, 0.010547, 0.008336, 0.006633, 0.005360, 0.004457, 0.003879, 0.003598
0.003691, 0.003980, 0.004573, 0.005499, 0.006805, 0.008551, 0.010820, 0.013710, 0.017341, 0.021857, 0.027426, 0.034240, 0.042518, 0.052506, 0.064480, 0.078738, 0.095604, 0.115426, 0.138567, 0.165402, 0.196312, 0.231675, 0.271853, 0.317186, 0.367973, 0.424464, 0.486841, 0.555209, 0.629574, 0.709835, 0.795774, 0.887038, 0.983138, 1.083445, 1.187186, 1.293450, 1.401200, 1.509278, 1.616429, 1.721324, 1.822581, 1.918797, 2.008578, 2.090579, 2.163526, 2.226257, 2.277750, 2.317150, 2.343796, 2.357232, 2.357233, 2.343797, 2.317152, 2.277753, 2.226261, 2.163530, 2.090584, 2.008583, 1.918802, 1.822587, 1.721330, 1.616436, 1.509284, 1.401206, 1.293457, 1.187192, 1.083451, 0.983144, 0.887043, 0.795779, 0.709841, 0.629578, 0.555213, 0.486845, 0.424467, 0.367976, 0.317188, 0.271856, 0.231677, 0.196314, 0.165403, 0.138568, 0.115427, 0.095605, 0.078739, 0.064481, 0.052507, 0.042518, 0.034240, 0.027426, 0.021858, 0.017341, 0.013710, 0.010820, 0.008552, 0.006805, 0.005499, 0.004573, 0.003980, 0.003691
0.003763, 0.004058, 0.004662, 0.005607, 0.006938, 0.008719, 0.011032, 0.013979, 0.017681, 0.022286, 0.027964, 0.034912, 0.043352, 0.053537, 0.065745, 0.080283, 0.097481, 0.117692, 0.141286, 0.168648, 0.200165, 0.236221, 0.277188, 0.323409, 0.375193, 0.432792, 0.496393, 0.566102, 0.641925, 0.723761, 0.811385, 0.904439, 1.002424, 1.104698, 1.210474, 1.318823, 1.428685, 1.538883, 1.648136, 1.755089, 1.858331, 1.956433, 2.047976, 2.131586, 2.205966, 2.269927, 2.322427, 2.362600, 2.389768, 2.403466, 2.403466, 2.389769, 2.362602, 2.322430, 2.269931, 2.205970, 2.131590, 2.047981, 1.956439, 1.858337, 1.755096, 1.648143, 1.538889, 1.428692, 1.318829, 1.210480, 1.104705, 1.002430, 0.904445, 0.811391, 0.723767, 0.641930, 0.566106, 0.496397, 0.432796, 0.375196, 0.323412, 0.277190, 0.236223, 0.200167, 0.168649, 0.141288, 0.117693, 0.097482, 0.080284, 0.065746, 0.053538, 0.043353, 0.034912, 0.027965, 0.022287, 0.017682, 0.013979, 0.011033, 0.008719, 0.006938, 0.005607, 0.004662, 0.004058, 0.003763
0.003814, 0.004112, 0.004725, 0.005682, 0.007032, 0.008837, 0.011181, 0.014167, 0.017919, 0.022586, 0.028340, 0.035381, 0.043935, 0.054257, 0.066629, 0.081362, 0.098791, 0.119273, 0.143184, 0.170914, 0.202854, 0.239395, 0.280911, 0.327754, 0.380233, 0.438605, 0.503061, 0.573705, 0.650546, 0.733481, 0.822282, 0.916585, 1.015885, 1.119532, 1.226728, 1.336531, 1.447868, 1.559545, 1.670266, 1.778654, 1.883284, 1.982705, 2.075480, 2.160208, 2.235588, 2.300409, 2.353616, 2.394328, 2.421858, 2.435743, 2.435743, 2.421859, 2.394330, 2.353619, 2.300413, 2.235592, 2.160212, 2.075485, 1.982711, 1.883290, 1.778661, 1.670272, 1.559552, 1.447875, 1.336538, 1.226735, 1.119539, 1.015892, 0.916591, 0.822287, 0.733487, 0.650551, 0.573710, 0.503065, 0.438609, 0.380236, 0.327757, 0.280914, 0.239397, 0.202856, 0.170916, 0.143186, 0.119274, 0.098792, 0.081363, 0.066630, 0.054257, 0.043936, 0.035382, 0.028341, 0.022586, 0.017919, 0.014167, 0.011181, 0.008837, 0.007032, 0.005683, 0.004725, 0.004112, 0.003814
0.003842, 0.004143, 0.004760, 0.005724, 0.007083, 0.008901, 0.011262, 0.014270, 0.018050, 0.022751, 0.028547, 0.035639, 0.044255, 0.054652, 0.067115, 0.081955, 0.099510, 0.120142, 0.144227, 0.172158, 0.204331, 0.241138, 0.282957, 0.330140, 0.383001, 0.441798, 0.506722, 0.577880, 0.655280, 0.738819, 0.828265, 0.923253, 1.023276, 1.127676, 1.235652, 1.346254, 1.458400, 1.570889, 1.682416, 1.791594, 1.896984, 1.997128, 2.090576, 2.175923, 2.251848, 2.317138, 2.370731, 2.411739, 2.439470, 2.453456, 2.453456, 2.439471, 2.411741, 2.370734, 2.317142, 2.251851, 2.175928, 2.090581, 1.997133, 1.896990, 1.791601, 1.682423, 1.570896, 1.458407, 1.346261, 1.235658, 1.127683, 1.023282, 0.923259, 0.828270, 0.738824, 0.655285, 0.577885, 0.506726, 0.441802, 0.383004, 0.330143, 0.282959, 0.241140, 0.204333, 0.172160, 0.144229, 0.120143, 0.099511, 0.081956, 0.067116, 0.054653, 0.044256, 0.035639, 0.028547, 0.022751, 0.018050, 0.014270, 0.011262, 0.008901, 0.007083, 0.005724, 0.004760, 0.004143, 0.003842
0.003846, 0.004147, 0.004765, 0.005731, 0.007091, 0.008912, 0.011276, 0.014287, 0.018071, 0.022777, 0.028580, 0.035681, 0.044307, 0.054716, 0.067193, 0.082051, 0.099626, 0.120282, 0.144395, 0.172359, 0.204569, 0.241418, 0.283285, 0.330523, 0.383445, 0.442311, 0.507310, 0.578550, 0.656039, 0.739674, 0.829223, 0.924321, 1.024459, 1.128981, 1.237081, 1.347811, 1.460087, 1.572707, 1.684361, 1.793663, 1.899175, 1.999433, 2.092988, 2.178434, 2.254445, 2.319810, 2.373465, 2.414520, 2.442283, 2.456285, 2.456285, 2.442285, 2.414522, 2.373468, 2.319814, 2.254449, 2.178439, 2.092993, 1.999439, 1.899181, 1.793669, 1.684368, 1.572714, 1.460094, 1.347818, 1.237088, 1.128988, 1.024465, 0.924327, 0.829229, 0.739679, 0.656044, 0.578554, 0.507314, 0.442315, 0.383449, 0.330527, 0.283288, 0.241421, 0.204571, 0.172361, 0.144397, 0.120283, 0.099628, 0.082052, 0.067194, 0.054717, 0.044308, 0.035681, 0.028581, 0.022778, 0.018071, 0.014287, 0.011276, 0.008912, 0.007091, 0.005731, 0.004765, 0.004147, 0.003846
0.003827, 0.004127, 0.004742, 0.005703, 0.007056, 0.008868, 0.011220, 0.014217, 0.017982, 0.022666, 0.028440, 0.035505, 0.044089, 0.054447, 0.066863, 0.081647, 0.099136, 0.119690, 0.143685, 0.171511, 0.203562, 0.240230, 0.281891, 0.328896, 0.381557, 0.440132, 0.504811, 0.575700, 0.652808, 0.736030, 0.825138, 0.919767, 1.019411, 1.123419, 1.230989, 1.341172, 1.452895, 1.564958, 1.676059, 1.784821, 1.889812, 1.989576, 2.082670, 2.167694, 2.243329, 2.308372, 2.361762, 2.402614, 2.430240, 2.444173, 2.444173, 2.430242, 2.402617, 2.361765, 2.308376, 2.243334, 2.167698, 2.082675, 1.989582, 1.889818, 1.784827, 1.676066, 1.564965, 1.452902, 1.341179, 1.230996, 1.123425, 1.019418, 0.919773, 0.825144, 0.736036, 0.652813, 0.575705, 0.504815, 0.440136, 0.381561, 0.328899, 0.281894, 0.240232, 0.203564, 0.171513, 0.143687, 0.119691, 0.099138, 0.081648, 0.066863, 0.054448, 0.044090, 0.035506, 0.028440, 0.022666, 0.017983, 0.014217, 0.011220, 0.008868, 0.007056, 0.005703, 0.004742, 0.004127, 0.003827
0.003785, 0.004082, 0.004690, 0.005640, 0.006979, 0.008771, 0.011097, 0.014061, 0.017785, 0.022417, 0.028128, 0.035116, 0.043606, 0.053850, 0.066129, 0.080752, 0.098049, 0.118377, 0.142109, 0.169630, 0.201329, 0.237595, 0.278798, 0.325288, 0.377371, 0.435303, 0.499272, 0.569382, 0.645644, 0.727952, 0.816082, 0.909673, 1.008223, 1.111090, 1.217477, 1.326451, 1.436946, 1.547778, 1.657660, 1.765227, 1.869065, 1.967732, 2.059803, 2.143893, 2.218698, 2.283026, 2.335829, 2.376233, 2.403556, 2.417335, 2.417336, 2.403557, 2.376235, 2.335833, 2.283030, 2.218702, 2.143897, 2.059808, 1.967737, 1.869071, 1.765234, 1.657666, 1.547785, 1.436953, 1.326458, 1.217484, 1.111097, 1.008229, 0.909679, 0.816087, 0.727957, 0.645649, 0.569387, 0.499276, 0.435306, 0.377374, 0.325291, 0.278801, 0.237597, 0.201331, 0.169631, 0.142111, 0.118379, 0.098050, 0.080752, 0.066130, 0.053851, 0.043606, 0.035117, 0.028129, 0.022417, 0.017785, 0.014061, 0.011097, 0.008771, 0.006979, 0.005640, 0.004690, 0.004082, 0.003785
0.003721, 0.004013, 0.004610, 0.005544, 0.006861, 0.008622, 0.010909, 0.013822, 0.017483, 0.022037, 0.027651, 0.034520, 0.042865, 0.052936, 0.065006, 0.079380, 0.096384, 0.116367, 0.139696, 0.166749, 0.197910, 0.233559, 0.274063, 0.319762, 0.370960, 0.427908, 0.490790, 0.559709, 0.634675, 0.715585, 0.802217, 0.894218, 0.991095, 1.092213, 1.196791, 1.303912, 1.412529, 1.521477, 1.629491, 1.735230, 1.837302, 1.934292, 2.024797, 2.107458, 2.180993, 2.244227, 2.296133, 2.335849, 2.362708, 2.376253, 2.376253, 2.362709, 2.335851, 2.296136, 2.244230, 2.180997, 2.107463, 2.024803, 1.934297, 1.837308, 1.735236, 1.629498, 1.521484, 1.412536, 1.303919, 1.196797, 1.092219, 0.991102, 0.894224, 0.802222, 0.715590, 0.634679, 0.559714, 0.490794, 0.427912, 0.370964, 0.319765, 0.274065, 0.233561, 0.197912, 0.166750, 0.139697, 0.116368, 0.096385, 0.079381, 0.065007, 0.052936, 0.042866, 0.034520, 0.027651, 0.022037, 0.017484, 0.013822, 0.010909, 0.008622, 0.006861, 0.005544, 0.004610, 0.004013, 0.003721
0.003636, 0.003921, 0.004505, 0.005417, 0.006703, 0.008424, 0.010659, 0.013505, 0.017082, 0.021531, 0.027016, 0.033727, 0.041881, 0.051720, 0.063514, 0.077558, 0.094171, 0.113695, 0.136488, 0.162919, 0.193365, 0.228195, 0.267768, 0.312418, 0.362440, 0.418080, 0.479517, 0.546853, 0.620096, 0.699148, 0.783790, 0.873679, 0.968330, 1.067123, 1.169298, 1.273958, 1.380079, 1.486524, 1.592056, 1.695365, 1.795091, 1.889853, 1.978278, 2.059040, 2.130885, 2.192666, 2.243379, 2.282182, 2.308424, 2.321658, 2.321659, 2.308425, 2.282184, 2.243382, 2.192669, 2.130889, 2.059044, 1.978283, 1.889858, 1.795097, 1.695371, 1.592062, 1.486530, 1.380086, 1.273965, 1.169305, 1.067129, 0.968336, 0.873684, 0.783795, 0.699153, 0.620101, 0.546857, 0.479521, 0.418083, 0.362443, 0.312421, 0.267771, 0.228197, 0.193367, 0.162921, 0.136489, 0.113696, 0.094172, 0.077559, 0.063515, 0.051721, 0.041882, 0.033728, 0.027016, 0.021531, 0.017082, 0.013505, 0.010659, 0.008424, 0.006703, 0.005417, 0.004505, 0.003921, 0.003636
0.003531, 0.003807, 0.004374, 0.005261, 0.006509, 0.008181, 0.010350, 0.013115, 0.016588, 0.020908, 0.026235, 0.032752, 0.040671, 0.050225, 0.061678, 0.075316, 0.091449, 0.110408, 0.132542, 0.158209, 0.187774, 0.221597, 0.260027, 0.303385, 0.351960, 0.405991, 0.465651, 0.531040, 0.602166, 0.678931, 0.761127, 0.848415, 0.940329, 1.036265, 1.135484, 1.237117, 1.340169, 1.443534, 1.546014, 1.646335, 1.743176, 1.835197, 1.921065, 1.999490, 2.069256, 2.129251, 2.178498, 2.216179, 2.241661, 2.254513, 2.254513, 2.241663, 2.216181, 2.178500, 2.129255, 2.069260, 1.999495, 1.921070, 1.835202, 1.743182, 1.646341, 1.546020, 1.443540, 1.340175, 1.237123, 1.135490, 1.036271, 0.940334, 0.848421, 0.761132, 0.678936, 0.602170, 0.531044, 0.465655, 0.405994, 0.351964, 0.303388, 0.260029, 0.221600, 0.187776, 0.158211, 0.132543, 0.110409, 0.091450, 0.075316, 0.061679, 0.050226, 0.040671, 0.032753, 0.026235, 0.020909, 0.016589, 0.013115, 0.010351, 0.008181, 0.006510, 0.005261, 0.004374, 0.003807, 0.003531
0.003408, 0.003675, 0.004222, 0.005078, 0.006283, 0.007896, 0.009990, 0.012658, 0.016011, 0.020180, 0.025322, 0.031612, 0.039255, 0.048476, 0.059530, 0.072693, 0.088264, 0.106563, 0.127926, 0.152700, 0.181235, 0.213880, 0.250971, 0.292820, 0.339703, 0.391852, 0.449434, 0.512545, 0.581194, 0.655286, 0.734618, 0.818865, 0.907577, 1.000171, 1.095935, 1.194027, 1.293489, 1.393254, 1.492164, 1.588989, 1.682457, 1.771272, 1.854148, 1.929842, 1.997177, 2.055082, 2.102613, 2.138982, 2.163576, 2.175980, 2.175980, 2.163577, 2.138984, 2.102616, 2.055086, 1.997181, 1.929846, 1.854153, 1.771277, 1.682463, 1.588995, 1.492169, 1.393259, 1.293495, 1.194033, 1.095940, 1.000177, 0.907583, 0.818871, 0.734623, 0.655291, 0.581198, 0.512549, 0.449438, 0.391855, 0.339706, 0.292822, 0.250973, 0.213883, 0.181237, 0.152701, 0.127928, 0.106565, 0.088265, 0.072694, 0.059531, 0.048477, 0.039255, 0.031613, 0.025322, 0.020181, 0.016011, 0.012658, 0.009990, 0.007896, 0.006283, 0.005078, 0.004222, 0.003675, 0.003408
0.003269, 0.003525, 0.004050, 0.004871, 0.006027, 0.007574, 0.009584, 0.012143, 0.015359, 0.019359, 0.024291, 0.030326, 0.037657, 0.046504, 0.057107, 0.069735, 0.084672, 0.102226, 0.122720, 0.146485, 0.173859, 0.205175, 0.240756, 0.280901, 0.325876, 0.375901, 0.431140, 0.491682, 0.557535, 0.628612, 0.704714, 0.785531, 0.870631, 0.959455, 1.051320, 1.145419, 1.240831, 1.336535, 1.431417, 1.524301, 1.613963, 1.699162, 1.778664, 1.851275, 1.915869, 1.971417, 2.017013, 2.051900, 2.075494, 2.087392, 2.087392, 2.075495, 2.051902, 2.017015, 1.971420, 1.915873, 1.851279, 1.778669, 1.699167, 1.613968, 1.524306, 1.431423, 1.336540, 1.240837, 1.145425, 1.051326, 0.959461, 0.870636, 0.785536, 0.704719, 0.628616, 0.557539, 0.491686, 0.431143, 0.375904, 0.325879, 0.280903, 0.240758, 0.205177, 0.173860, 0.146486, 0.122721, 0.102227, 0.084673, 0.069735, 0.057108, 0.046504, 0.037657, 0.030326, 0.024291, 0.019359, 0.015359, 0.012143, 0.009584, 0.007575, 0.006027, 0.004871, 0.004050, 0.003525, 0.003269
0.003117, 0.003361, 0.003862, 0.004644, 0.005747, 0.007222, 0.009138, 0.011578, 0.014644, 0.018458, 0.023161, 0.028914, 0.035904, 0.044339, 0.054450, 0.066489, 0.080731, 0.097468, 0.117008, 0.139666, 0.165766, 0.195625, 0.229549, 0.267825, 0.310706, 0.358403, 0.411070, 0.468794, 0.531581, 0.599349, 0.671908, 0.748963, 0.830101, 0.914789, 1.002377, 1.092095, 1.183066, 1.274313, 1.364777, 1.453337, 1.538824, 1.620056, 1.695857, 1.765087, 1.826674, 1.879635, 1.923108, 1.956372, 1.978867, 1.990211, 1.990211, 1.978868, 1.956373, 1.923110, 1.879638, 1.826677, 1.765091, 1.695861, 1.620061, 1.538829, 1.453342, 1.364783, 1.274318, 1.183071, 1.092101, 1.002382, 0.914794, 0.830106, 0.748968, 0.671913, 0.599353, 0.531585, 0.468797, 0.411073, 0.358406, 0.310709, 0.267828, 0.229551, 0.195626, 0.165768, 0.139668, 0.117009, 0.097469, 0.080732, 0.066490, 0.054450, 0.044340, 0.035905, 0.028915, 0.023161, 0.018458, 0.014645, 0.011578, 0.009138, 0.007222, 0.005747, 0.004644, 0.003862, 0.003361, 0.003117
0.002954, 0.003185, 0.003660, 0.004401, 0.005446, 0.006844, 0.008659, 0.010972, 0.013878, 0.017492, 0.021948, 0.027401, 0.034025, 0.042018, 0.051599, 0.063008, 0.076504, 0.092365, 0.110881, 0.132354, 0.157087, 0.185382, 0.217530, 0.253802, 0.294438, 0.339637, 0.389546, 0.444247, 0.503746, 0.567966, 0.636725, 0.709745, 0.786633, 0.866887, 0.949888, 1.034907, 1.121114, 1.207582, 1.293310, 1.377231, 1.458242, 1.535220, 1.607051, 1.672655, 1.731017, 1.781204, 1.822400, 1.853922, 1.875239, 1.885989, 1.885990, 1.875240, 1.853923, 1.822402, 1.781207, 1.731020, 1.672659, 1.607055, 1.535224, 1.458247, 1.377236, 1.293315, 1.207587, 1.121119, 1.034912, 0.949893, 0.866892, 0.786638, 0.709749, 0.636729, 0.567970, 0.503750, 0.444250, 0.389549, 0.339640, 0.294440, 0.253804, 0.217532, 0.185384, 0.157088, 0.132355, 0.110883, 0.092366, 0.076505, 0.063009, 0.051599, 0.042018, 0.034025, 0.027401, 0.021948, 0.017492, 0.013878, 0.010972, 0.008659, 0.006844, 0.005446, 0.004401, 0.003660, 0.003185, 0.002954
0.002782, 0.003000, 0.003447, 0.004145, 0.005129, 0.006446, 0.008156, 0.010334, 0.013071, 0.016475, 0.020672, 0.025808, 0.032047, 0.039575, 0.048599, 0.059345, 0.072057, 0.086996, 0.104435, 0.124659, 0.147954, 0.174604, 0.204883, 0.239046, 0.277320, 0.319891, 0.366898, 0.418419, 0.474459, 0.534945, 0.599706, 0.668479, 0.740897, 0.816485, 0.894659, 0.974735, 1.055929, 1.137370, 1.218112, 1.297154, 1.373454, 1.445956, 1.513610, 1.575400, 1.630368, 1.677637, 1.716437, 1.746126, 1.766203, 1.776329, 1.776329, 1.766204, 1.746127, 1.716439, 1.677639, 1.630371, 1.575403, 1.513614, 1.445960, 1.373459, 1.297159, 1.218117, 1.137375, 1.055933, 0.974740, 0.894664, 0.816489, 0.740902, 0.668484, 0.599710, 0.534949, 0.474463, 0.418422, 0.366901, 0.319894, 0.277322, 0.239049, 0.204885, 0.174606, 0.147956, 0.124661, 0.104437, 0.086997, 0.072058, 0.059346, 0.048600, 0.039576, 0.032047, 0.025808, 0.020673, 0.016475, 0.013071, 0.010334, 0.008156, 0.006446, 0.005129, 0.004145, 0.003447, 0.003000, 0.002782
0.002605, 0.002809, 0.003227, 0.003881, 0.004802, 0.006034, 0.007635, 0.009674, 0.012236, 0.015423, 0.019352, 0.024159, 0.030000, 0.037047, 0.045495, 0.055554, 0.067454, 0.081438, 0.097764, 0.116696, 0.138503, 0.163451, 0.191795, 0.223776, 0.259604, 0.299455, 0.343460, 0.391689, 0.444149, 0.500770, 0.561394, 0.625773, 0.693565, 0.764323, 0.837502, 0.912462, 0.988468, 1.064706, 1.140290, 1.214282, 1.285707, 1.353577, 1.416908, 1.474750, 1.526205, 1.570454, 1.606776, 1.634567, 1.653362, 1.662841, 1.662841, 1.653363, 1.634569, 1.606778, 1.570457, 1.526208, 1.474753, 1.416912, 1.353581, 1.285711, 1.214286, 1.140295, 1.064711, 0.988473, 0.912467, 0.837507, 0.764327, 0.693569, 0.625777, 0.561398, 0.500773, 0.444152, 0.391692, 0.343462, 0.299458, 0.259606, 0.223778, 0.191797, 0.163452, 0.138504, 0.116697, 0.097765, 0.081439, 0.067455, 0.055555, 0.045496, 0.037048, 0.030000, 0.024160, 0.019352, 0.015423, 0.012236, 0.009674, 0.007635, 0.006035, 0.004802, 0.003881, 0.003227, 0.002809, 0.002605
0.002423, 0.002613, 0.003002, 0.003611, 0.004468, 0.005615, 0.007104, 0.009001, 0.011385, 0.014350, 0.018005, 0.022478, 0.027912, 0.034469, 0.042329, 0.051688, 0.062760, 0.075771, 0.090961, 0.108575, 0.128864, 0.152076, 0.178448, 0.208202, 0.241537, 0.278615, 0.319557, 0.364429, 0.413238, 0.465917, 0.522323, 0.582222, 0.645295, 0.711128, 0.779214, 0.848956, 0.919672, 0.990603, 1.060927, 1.129769, 1.196223, 1.259369, 1.318292, 1.372108, 1.419982, 1.461151, 1.494945, 1.520802, 1.538288, 1.547107, 1.547107, 1.538289, 1.520803, 1.494946, 1.461153, 1.419984, 1.372111, 1.318295, 1.259372, 1.196227, 1.129773, 1.060931, 0.990607, 0.919676, 0.848961, 0.779218, 0.711132, 0.645299, 0.582226, 0.522326, 0.465921, 0.413241, 0.364432, 0.319559, 0.278617, 0.241539, 0.208204, 0.178449, 0.152077, 0.128866, 0.108576, 0.090962, 0.075772, 0.062761, 0.051689, 0.042330, 0.034470, 0.027913, 0.022478, 0.018005, 0.014350, 0.011385, 0.009001, 0.007104, 0.005615, 0.004468, 0.003611, 0.003002, 0.002613, 0.002423
0.002241, 0.002416, 0.002776, 0.003339, 0.004131, 0.005192, 0.006569, 0.008323, 0.010528, 0.013270, 0.016650, 0.020786, 0.025811, 0.031875, 0.039143, 0.047798, 0.058036, 0.070068, 0.084114, 0.100403, 0.119165, 0.140629, 0.165016, 0.192531, 0.223356, 0.257643, 0.295503, 0.336997, 0.382132, 0.430845, 0.483005, 0.538395, 0.596720, 0.657597, 0.720558, 0.785050, 0.850443, 0.916034, 0.981064, 1.044723, 1.106174, 1.164566, 1.219054, 1.268819, 1.313088, 1.351158, 1.382408, 1.406318, 1.422488, 1.430644, 1.430644, 1.422489, 1.406319, 1.382409, 1.351160, 1.313091, 1.268821, 1.219057, 1.164569, 1.106178, 1.044727, 0.981068, 0.916038, 0.850447, 0.785054, 0.720562, 0.657601, 0.596724, 0.538399, 0.483008, 0.430849, 0.382135, 0.337000, 0.295505, 0.257645, 0.223358, 0.192532, 0.165017, 0.140630, 0.119166, 0.100404, 0.084115, 0.070069, 0.058037, 0.047798, 0.039144, 0.031875, 0.025812, 0.020787, 0.016650, 0.013270, 0.010528, 0.008324, 0.006569, 0.005192, 0.004132, 0.003339, 0.002776, 0.002417, 0.002241
0.002060, 0.002221, 0.002552, 0.003069, 0.003797, 0.004772, 0.006038, 0.007650, 0.009676, 0.012196, 0.015303, 0.019104, 0.023723, 0.029296, 0.035976, 0.043930, 0.053340, 0.064398, 0.077308, 0.092279, 0.109522, 0.129250, 0.151663, 0.176952, 0.205283, 0.236795, 0.271591, 0.309728, 0.351210, 0.395981, 0.443919, 0.494828, 0.548433, 0.604384, 0.662250, 0.721523, 0.781623, 0.841907, 0.901674, 0.960182, 1.016660, 1.070326, 1.120404, 1.166142, 1.206829, 1.241818, 1.270539, 1.292514, 1.307376, 1.314870, 1.314871, 1.307376, 1.292515, 1.270540, 1.241820, 1.206831, 1.166144, 1.120407, 1.070329, 1.016663, 0.960185, 0.901677, 0.841910, 0.781627, 0.721526, 0.662253, 0.604387, 0.548436, 0.494831, 0.443922, 0.395984, 0.351213, 0.309730, 0.271593, 0.236797, 0.205284, 0.176953, 0.151665, 0.129251, 0.109523, 0.092280, 0.077309, 0.064399, 0.053341, 0.043931, 0.035976, 0.029296, 0.023723, 0.019105, 0.015303, 0.012196, 0.009676, 0.007650, 0.006038, 0.004772, 0.003797, 0.003069, 0.002552, 0.002221, 0.002060
0.001881, 0.002029, 0.002331, 0.002803, 0.003469, 0.004359, 0.005515, 0.006988, 0.008839, 0.011141, 0.013979, 0.017452, 0.021670, 0.026761, 0.032863, 0.040129, 0.048725, 0.058826, 0.070619, 0.084294, 0.100046, 0.118066, 0.138540, 0.161640, 0.187519, 0.216305, 0.248090, 0.282927, 0.320819, 0.361716, 0.405505, 0.452008, 0.500975, 0.552084, 0.604942, 0.659086, 0.713986, 0.769053, 0.823647, 0.877092, 0.928683, 0.977705, 1.023449, 1.065229, 1.102395, 1.134356, 1.160591, 1.180665, 1.194240, 1.201086, 1.201087, 1.194241, 1.180666, 1.160593, 1.134358, 1.102397, 1.065231, 1.023452, 0.977708, 0.928686, 0.877095, 0.823650, 0.769056, 0.713989, 0.659089, 0.604946, 0.552087, 0.500978, 0.452011, 0.405508, 0.361719, 0.320821, 0.282929, 0.248092, 0.216307, 0.187521, 0.161641, 0.138541, 0.118067, 0.100047, 0.084295, 0.070620, 0.058827, 0.048725, 0.040130, 0.032864, 0.026761, 0.021671, 0.017452, 0.013979, 0.011141, 0.008839, 0.006988, 0.005515, 0.004359, 0.003469, 0.002803, 0.002331, 0.002029, 0.001882
0.001708, 0.001842, 0.002116, 0.002545, 0.003149, 0.003958, 0.005007, 0.006344, 0.008025, 0.010115, 0.012691, 0.015844, 0.019674, 0.024296, 0.029836, 0.036433, 0.044237, 0.053408, 0.064114, 0.076530, 0.090830, 0.107191, 0.125779, 0.146751, 0.170247, 0.196381, 0.225238, 0.256866, 0.291268, 0.328397, 0.368153, 0.410371, 0.454828, 0.501229, 0.549218, 0.598375, 0.648217, 0.698211, 0.747777, 0.796298, 0.843137, 0.887643, 0.929173, 0.967104, 1.000847, 1.029864, 1.053682, 1.071906, 1.084231, 1.090447, 1.090447, 1.084232, 1.071907, 1.053683, 1.029865, 1.000849, 0.967106, 0.929176, 0.887645, 0.843139, 0.796301, 0.747780, 0.698214, 0.648220, 0.598378, 0.549221, 0.501232, 0.454830, 0.410374, 0.368155, 0.328400, 0.291270, 0.256868, 0.225240, 0.196383, 0.170248, 0.146753, 0.125780, 0.107192, 0.090831, 0.076531, 0.064115, 0.053408, 0.044237, 0.036434, 0.029837, 0.024297, 0.019675, 0.015844, 0.012692, 0.010115, 0.008025, 0.006345, 0.005007, 0.003958, 0.003149, 0.002545, 0.002116, 0.001842, 0.001708
0.001541, 0.001662, 0.001910, 0.002297, 0.002842, 0.003571, 0.004518, 0.005725, 0.007241, 0.009127, 0.011452, 0.014297, 0.017753, 0.021924, 0.026923, 0.032875, 0.039917, 0.048192, 0.057853, 0.069056, 0.081960, 0.096723, 0.113496, 0.132420, 0.153621, 0.177202, 0.203241, 0.231780, 0.262822, 0.296326, 0.332198, 0.370294, 0.410408, 0.452278, 0.495580, 0.539936, 0.584911, 0.630022, 0.674747, 0.718529, 0.760793, 0.800952, 0.838427, 0.872653, 0.903100, 0.929283, 0.950775, 0.967220, 0.978340, 0.983949, 0.983949, 0.978341, 0.967220, 0.950776, 0.929284, 0.903102, 0.872655, 0.838429, 0.800955, 0.760795, 0.718532, 0.674749, 0.630025, 0.584913, 0.539939, 0.495583, 0.452280, 0.410410, 0.370296, 0.332201, 0.296328, 0.262824, 0.231782, 0.203243, 0.177204, 0.153622, 0.132421, 0.113497, 0.096724, 0.081961, 0.069057, 0.057854, 0.048193, 0.039917, 0.032876, 0.026923, 0.021924, 0.017753, 0.014297, 0.011452, 0.009127, 0.007241, 0.005725, 0.004518, 0.003571, 0.002842, 0.002297, 0.001910, 0.001662, 0.001541
0.001382, 0.001491, 0.001713, 0.002060, 0.002549, 0.003203, 0.004052, 0.005134, 0.006494, 0.008185, 0.010271, 0.012822, 0.015922, 0.019662, 0.024145, 0.029483, 0.035799, 0.043220, 0.051884, 0.061931, 0.073504, 0.086744, 0.101786, 0.118757, 0.137771, 0.158920, 0.182272, 0.207866, 0.235705, 0.265752, 0.297923, 0.332088, 0.368063, 0.405612, 0.444447, 0.484226, 0.524560, 0.565017, 0.605127, 0.644392, 0.682295, 0.718311, 0.751918, 0.782613, 0.809919, 0.833400, 0.852674, 0.867422, 0.877396, 0.882425, 0.882426, 0.877396, 0.867423, 0.852675, 0.833401, 0.809920, 0.782615, 0.751920, 0.718313, 0.682297, 0.644395, 0.605130, 0.565020, 0.524563, 0.484228, 0.444449, 0.405614, 0.368065, 0.332090, 0.297925, 0.265754, 0.235707, 0.207868, 0.182273, 0.158921, 0.137772, 0.118759, 0.101787, 0.086745, 0.073505, 0.061932, 0.051885, 0.043221, 0.035799, 0.029484, 0.024145, 0.019662, 0.015922, 0.012822, 0.010271, 0.008186, 0.006494, 0.005134, 0.004052, 0.003203, 0.002549, 0.002060, 0.001713, 0.001491, 0.001382
0.001232, 0.001329, 0.001527, 0.001836, 0.002272, 0.002855, 0.003612, 0.004577, 0.005789, 0.007296, 0.009155, 0.011429, 0.014192, 0.017526, 0.021522, 0.026280, 0.031909, 0.038524, 0.046247, 0.055202, 0.065517, 0.077318, 0.090726, 0.105854, 0.122801, 0.141652, 0.162466, 0.185280, 0.210094, 0.236875, 0.265551, 0.296003, 0.328069, 0.361537, 0.396152, 0.431609, 0.467561, 0.503621, 0.539373, 0.574371, 0.608155, 0.640257, 0.670213, 0.697572, 0.721911, 0.742840, 0.760020, 0.773165, 0.782055, 0.786538, 0.786538, 0.782055, 0.773166, 0.760021, 0.742841, 0.721912, 0.697574, 0.670215, 0.640259, 0.608157, 0.574373, 0.539375, 0.503623, 0.467563, 0.431611, 0.396154, 0.361540, 0.328071, 0.296005, 0.265553, 0.236877, 0.210095, 0.185281, 0.162468, 0.141653, 0.122802, 0.105855, 0.090727, 0.077319, 0.065518, 0.055203, 0.046247, 0.038525, 0.031909, 0.026280, 0.021522, 0.017526, 0.014192, 0.011429, 0.009155, 0.007296, 0.005789, 0.004577, 0.003612, 0.002855, 0.002272, 0.001836, 0.001527, 0.001329, 0.001232
0.001092, 0.001177, 0.001352, 0.001626, 0.002012, 0.002529, 0.003200, 0.004054, 0.005128, 0.006464, 0.008110, 0.010125, 0.012572, 0.015526, 0.019066, 0.023281, 0.028268, 0.034128, 0.040970, 0.048903, 0.058041, 0.068496, 0.080373, 0.093775, 0.108788, 0.125488, 0.143927, 0.164137, 0.186120, 0.209845, 0.235248, 0.262225, 0.290632, 0.320281, 0.350946, 0.382356, 0.414206, 0.446151, 0.477823, 0.508827, 0.538756, 0.567195, 0.593732, 0.617969, 0.639530, 0.658071, 0.673291, 0.684936, 0.692811, 0.696783, 0.696783, 0.692812, 0.684937, 0.673292, 0.658072, 0.639531, 0.617971, 0.593734, 0.567196, 0.538758, 0.508829, 0.477824, 0.446153, 0.414207, 0.382358, 0.350948, 0.320283, 0.290633, 0.262227, 0.235250, 0.209847, 0.186121, 0.164138, 0.143928, 0.125489, 0.108789, 0.093776, 0.080374, 0.068496, 0.058042, 0.048904, 0.040970, 0.034129, 0.028268, 0.023282, 0.019066, 0.015526, 0.012573, 0.010125, 0.008110, 0.006464, 0.005128, 0.004054, 0.003200, 0.002529, 0.002013, 0.001626, 0.001352, 0.001177, 0.001092
0.000961, 0.001036, 0.001191, 0.001432, 0.001772, 0.002227, 0.002817, 0.003570, 0.004515, 0.005691, 0.007141, 0.008915, 0.011070, 0.013670, 0.016787, 0.020499, 0.024889, 0.030049, 0.036073, 0.043058, 0.051104, 0.060308, 0.070767, 0.082566, 0.095785, 0.110488, 0.126724, 0.144518, 0.163872, 0.184762, 0.207129, 0.230881, 0.255892, 0.281997, 0.308996, 0.336652, 0.364693, 0.392820, 0.420707, 0.448005, 0.474356, 0.499396, 0.522761, 0.544101, 0.563084, 0.579409, 0.592809, 0.603063, 0.609996, 0.613493, 0.613493, 0.609997, 0.603063, 0.592810, 0.579410, 0.563085, 0.544102, 0.522762, 0.499397, 0.474358, 0.448006, 0.420708, 0.392822, 0.364695, 0.336653, 0.308998, 0.281999, 0.255893, 0.230882, 0.207130, 0.184763, 0.163874, 0.144519, 0.126725, 0.110489, 0.095786, 0.082567, 0.070767, 0.060309, 0.051104, 0.043058, 0.036073, 0.030049, 0.024890, 0.020499, 0.016787, 0.013670, 0.011070, 0.008915, 0.007141, 0.005691, 0.004515, 0.003570, 0.002817, 0.002227, 0.001772, 0.001432, 0.001191, 0.001036, 0.000961
0.000841, 0.000907, 0.001042, 0.001253, 0.001551, 0.001949, 0.002465, 0.003124, 0.003951, 0.004980, 0.006249, 0.007801, 0.009687, 0.011962, 0.014690, 0.017938, 0.021780, 0.026295, 0.031567, 0.037679, 0.044720, 0.052775, 0.061927, 0.072252, 0.083820, 0.096686, 0.110893, 0.126465, 0.143402, 0.161682, 0.181254, 0.202039, 0.223926, 0.246770, 0.270396, 0.294597, 0.319135, 0.343748, 0.368150, 0.392038, 0.415098, 0.437010, 0.457456, 0.476130, 0.492742, 0.507028, 0.518754, 0.527726, 0.533794, 0.536854, 0.536854, 0.533794, 0.527727, 0.518755, 0.507029, 0.492743, 0.476131, 0.457457, 0.437011, 0.415100, 0.392040, 0.368152, 0.343750, 0.319137, 0.294598, 0.270397, 0.246771, 0.223927, 0.202041, 0.181255, 0.161683, 0.143403, 0.126466, 0.110894, 0.096687, 0.083820, 0.072253, 0.061927, 0.052775, 0.044721, 0.037680, 0.031567, 0.026296, 0.021780, 0.017938, 0.014690, 0.011963, 0.009687, 0.007801, 0.006249, 0.004980, 0.003951, 0.003124, 0.002466, 0.001949, 0.001551, 0.001253, 0.001042, 0.000907, 0.000841
0.000732, 0.000789, 0.000906, 0.001090, 0.001349, 0.001695, 0.002144, 0.002717, 0.003436, 0.004331, 0.005435, 0.006785, 0.008425, 0.010404, 0.012776, 0.015601, 0.018943, 0.022870, 0.027454, 0.032771, 0.038894, 0.045900, 0.053859, 0.062839, 0.072900, 0.084090, 0.096447, 0.109989, 0.124720, 0.140618, 0.157641, 0.175718, 0.194753, 0.214621, 0.235169, 0.256217, 0.277559, 0.298965, 0.320188, 0.340964, 0.361019, 0.380076, 0.397859, 0.414100, 0.428548, 0.440972, 0.451171, 0.458974, 0.464251, 0.466913, 0.466913, 0.464252, 0.458975, 0.451171, 0.440973, 0.428549, 0.414101, 0.397860, 0.380077, 0.361020, 0.340965, 0.320190, 0.298967, 0.277560, 0.256219, 0.235171, 0.214623, 0.194755, 0.175719, 0.157642, 0.140619, 0.124721, 0.109990, 0.096448, 0.084091, 0.072901, 0.062840, 0.053860, 0.045900, 0.038895, 0.032771, 0.027455, 0.022870, 0.018943, 0.015601, 0.012777, 0.010404, 0.008425, 0.006785, 0.005435, 0.004331, 0.003437, 0.002717, 0.002144, 0.001695, 0.001349, 0.001090, 0.000906, 0.000789, 0.000732
0.000632, 0.000682, 0.000783, 0.000942, 0.001166, 0.001465, 0.001854, 0.002349, 0.002971, 0.003744, 0.004698, 0.005865, 0.007283, 0.008993, 0.011044, 0.013486, 0.016374, 0.019769, 0.023732, 0.028327, 0.033620, 0.039676, 0.046556, 0.054318, 0.063015, 0.072688, 0.083368, 0.095075, 0.107808, 0.121550, 0.136264, 0.151890, 0.168344, 0.185518, 0.203280, 0.221473, 0.239921, 0.258424, 0.276769, 0.294728, 0.312063, 0.328536, 0.343907, 0.357946, 0.370434, 0.381174, 0.389989, 0.396735, 0.401296, 0.403597, 0.403597, 0.401296, 0.396735, 0.389990, 0.381174, 0.370435, 0.357946, 0.343908, 0.328537, 0.312064, 0.294729, 0.276771, 0.258426, 0.239922, 0.221474, 0.203281, 0.185519, 0.168345, 0.151891, 0.136265, 0.121551, 0.107809, 0.095075, 0.083369, 0.072688, 0.063015, 0.054319, 0.046556, 0.039676, 0.033621, 0.028327, 0.023732, 0.019769, 0.016374, 0.013486, 0.011044, 0.008993, 0.007283, 0.005865, 0.004698, 0.003744, 0.002971, 0.002349, 0.001854, 0.001465, 0.001166, 0.000942, 0.000783, 0.000682, 0.000632
0.000543, 0.000586, 0.000673, 0.000809, 0.001002, 0.001259, 0.001592, 0.002018, 0.002552, 0.003217, 0.004036, 0.005039, 0.006257, 0.007726, 0.009488, 0.011586, 0.014067, 0.016984, 0.020388, 0.024336, 0.028883, 0.034086, 0.039996, 0.046665, 0.054136, 0.062446, 0.071622, 0.081679, 0.092618, 0.104424, 0.117065, 0.130490, 0.144625, 0.159379, 0.174638, 0.190268, 0.206116, 0.222013, 0.237773, 0.253201, 0.268094, 0.282246, 0.295451, 0.307512, 0.318240, 0.327467, 0.335040, 0.340835, 0.344754, 0.346730, 0.346730, 0.344754, 0.340835, 0.335041, 0.327467, 0.318241, 0.307512, 0.295452, 0.282246, 0.268095, 0.253202, 0.237774, 0.222014, 0.206117, 0.190269, 0.174639, 0.159380, 0.144626, 0.130490, 0.117066, 0.104425, 0.092619, 0.081680, 0.071623, 0.062447, 0.054137, 0.046666, 0.039997, 0.034086, 0.028884, 0.024336, 0.020388, 0.016984, 0.014067, 0.011586, 0.009488, 0.007726, 0.006257, 0.005039, 0.004036, 0.003217, 0.002552, 0.002018, 0.001592, 0.001259, 0.001002, 0.000809, 0.000673, 0.000586, 0.000543
0.000464, 0.000500, 0.000575, 0.000691, 0.000855, 0.001075, 0.001360, 0.001723, 0.002179, 0.002746, 0.003446, 0.004302, 0.005342, 0.006597, 0.008101, 0.009892, 0.012011, 0.014501, 0.017408, 0.020779, 0.024662, 0.029104, 0.034151, 0.039845, 0.046224, 0.053319, 0.061154, 0.069741, 0.079081, 0.089162, 0.099955, 0.111417, 0.123487, 0.136084, 0.149113, 0.162458, 0.175990, 0.189563, 0.203020, 0.216193, 0.228909, 0.240992, 0.252267, 0.262565, 0.271726, 0.279604, 0.286070, 0.291018, 0.294364, 0.296051, 0.296051, 0.294364, 0.291018, 0.286070, 0.279604, 0.271727, 0.262566, 0.252268, 0.240993, 0.228910, 0.216194, 0.203021, 0.189564, 0.175991, 0.162459, 0.149114, 0.136085, 0.123487, 0.111418, 0.099956, 0.089162, 0.079082, 0.069742, 0.061155, 0.053320, 0.046224, 0.039845, 0.034151, 0.029104, 0.024662, 0.020779, 0.017408, 0.014501, 0.012011, 0.009893, 0.008101, 0.006597, 0.005342, 0.004302, 0.003446, 0.002747, 0.002179, 0.001723, 0.001360, 0.001075, 0.000855, 0.000691, 0.000575, 0.000500, 0.000464
0.000394, 0.000424, 0.000488, 0.000586, 0.000726, 0.000912, 0.001154, 0.001462, 0.001849, 0.002331, 0.002924, 0.003651, 0.004533, 0.005598, 0.006875, 0.008395, 0.010193, 0.012306, 0.014773, 0.017633, 0.020928, 0.024698, 0.028981, 0.033813, 0.039226, 0.045247, 0.051896, 0.059183, 0.067109, 0.075663, 0.084823, 0.094550, 0.104792, 0.115482, 0.126538, 0.137864, 0.149347, 0.160865, 0.172284, 0.183463, 0.194254, 0.204508, 0.214076, 0.222814, 0.230588, 0.237273, 0.242761, 0.246959, 0.249799, 0.251231, 0.251231, 0.249799, 0.246960, 0.242761, 0.237274, 0.230589, 0.222815, 0.214076, 0.204508, 0.194255, 0.183464, 0.172285, 0.160866, 0.149347, 0.137864, 0.126539, 0.115483, 0.104792, 0.094550, 0.084823, 0.075664, 0.067109, 0.059183, 0.051896, 0.045248, 0.039226, 0.033813, 0.028981, 0.024698, 0.020929, 0.017634, 0.014773, 0.012306, 0.010193, 0.008395, 0.006875, 0.005598, 0.004534, 0.003651, 0.002924, 0.002331, 0.001849, 0.001462, 0.001154, 0.000912, 0.000726, 0.000586, 0.000488, 0.000424, 0.000394
0.000332, 0.000358, 0.000411, 0.000495, 0.000612, 0.000769, 0.000973, 0.001233, 0.001560, 0.001966, 0.002467, 0.003079, 0.003824, 0.004722, 0.005798, 0.007080, 0.008597, 0.010379, 0.012460, 0.014872, 0.017651, 0.020830, 0.024443, 0.028518, 0.033084, 0.038162, 0.043769, 0.049915, 0.056600, 0.063815, 0.071540, 0.079744, 0.088382, 0.097398, 0.106723, 0.116275, 0.125960, 0.135674, 0.145305, 0.154734, 0.163835, 0.172483, 0.180553, 0.187923, 0.194479, 0.200117, 0.204746, 0.208287, 0.210682, 0.211889, 0.211889, 0.210682, 0.208287, 0.204746, 0.200118, 0.194480, 0.187923, 0.180553, 0.172483, 0.163835, 0.154734, 0.145306, 0.135675, 0.125961, 0.116276, 0.106724, 0.097399, 0.088383, 0.079744, 0.071541, 0.063816, 0.056601, 0.049916, 0.043770, 0.038162, 0.033084, 0.028518, 0.024443, 0.020831, 0.017651, 0.014872, 0.012460, 0.010379, 0.008597, 0.007080, 0.005798, 0.004722, 0.003824, 0.003079, 0.002467, 0.001966, 0.001560, 0.001233, 0.000973, 0.000769, 0.000612, 0.000495, 0.000411, 0.000358, 0.000332
0.000278, 0.000300, 0.000345, 0.000415, 0.000513, 0.000645, 0.000816, 0.001034, 0.001307, 0.001648, 0.002068, 0.002581, 0.003205, 0.003958, 0.004860, 0.005935, 0.007206, 0.008700, 0.010444, 0.012466, 0.014796, 0.017461, 0.020489, 0.023905, 0.027732, 0.031989, 0.036689, 0.041841, 0.047444, 0.053492, 0.059968, 0.066844, 0.074085, 0.081643, 0.089459, 0.097466, 0.105584, 0.113727, 0.121800, 0.129703, 0.137332, 0.144581, 0.151345, 0.157523, 0.163019, 0.167745, 0.171625, 0.174593, 0.176600, 0.177613, 0.177613, 0.176601, 0.174593, 0.171625, 0.167746, 0.163020, 0.157524, 0.151346, 0.144581, 0.137332, 0.129704, 0.121801, 0.113727, 0.105585, 0.097466, 0.089460, 0.081643, 0.074085, 0.066845, 0.059968, 0.053493, 0.047445, 0.041841, 0.036690, 0.031989, 0.027732, 0.023905, 0.020489, 0.017461, 0.014796, 0.012467, 0.010444, 0.008700, 0.007206, 0.005935, 0.004860, 0.003958, 0.003205, 0.002581, 0.002068, 0.001648, 0.001307, 0.001034, 0.000816, 0.000645, 0.000513, 0.000415, 0.000345, 0.000300, 0.000278
0.000232, 0.000250, 0.000287, 0.000345, 0.000427, 0.000537, 0.000680, 0.000861, 0.001089, 0.001373, 0.001722, 0.002150, 0.002670, 0.003297, 0.004049, 0.004944, 0.006004, 0.007248, 0.008701, 0.010386, 0.012326, 0.014547, 0.017069, 0.019915, 0.023103, 0.026650, 0.030566, 0.034857, 0.039526, 0.044564, 0.049959, 0.055688, 0.061720, 0.068016, 0.074528, 0.081198, 0.087961, 0.094745, 0.101471, 0.108055, 0.114410, 0.120450, 0.126085, 0.131232, 0.135810, 0.139748, 0.142979, 0.145452, 0.147125, 0.147968, 0.147968, 0.147125, 0.145453, 0.142980, 0.139748, 0.135811, 0.131232, 0.126085, 0.120450, 0.114411, 0.108055, 0.101471, 0.094746, 0.087962, 0.081199, 0.074528, 0.068017, 0.061720, 0.055688, 0.049959, 0.044564, 0.039526, 0.034858, 0.030566, 0.026650, 0.023104, 0.019915, 0.017069, 0.014547, 0.012327, 0.010386, 0.008701, 0.007248, 0.006004, 0.004945, 0.004049, 0.003297, 0.002670, 0.002150, 0.001722, 0.001373, 0.001089, 0.000861, 0.000680, 0.000537, 0.000427, 0.000345, 0.000287, 0.000250, 0.000232
0.000192, 0.000207, 0.000238, 0.000286, 0.000354, 0.000445, 0.000563, 0.000713, 0.000902, 0.001137, 0.001426, 0.001780, 0.002211, 0.002730, 0.003353, 0.004094, 0.004971, 0.006001, 0.007204, 0.008599, 0.010206, 0.012044, 0.014133, 0.016489, 0.019129, 0.022066, 0.025308, 0.028862, 0.032727, 0.036898, 0.041365, 0.046108, 0.051103, 0.056316, 0.061708, 0.067231, 0.072831, 0.078448, 0.084016, 0.089468, 0.094730, 0.099730, 0.104396, 0.108658, 0.112449, 0.115709, 0.118385, 0.120432, 0.121817, 0.122515, 0.122515, 0.121817, 0.120432, 0.118385, 0.115709, 0.112449, 0.108658, 0.104397, 0.099731, 0.094730, 0.089468, 0.084017, 0.078448, 0.072831, 0.067231, 0.061708, 0.056317, 0.051104, 0.046109, 0.041365, 0.036899, 0.032727, 0.028862, 0.025308, 0.022066, 0.019129, 0.016490, 0.014133, 0.012045, 0.010206, 0.008599, 0.007204, 0.006001, 0.004971, 0.004094, 0.003353, 0.002730, 0.002211, 0.001780, 0.001426, 0.001137, 0.000902, 0.000713, 0.000563, 0.000445, 0.000354, 0.000286, 0.000238, 0.000207, 0.000192
0.000158, 0.000170, 0.000196, 0.000235, 0.000291, 0.000366, 0.000463, 0.000587, 0.000742, 0.000935, 0.001174, 0.001465, 0.001819, 0.002247, 0.002759, 0.003369, 0.004091, 0.004939, 0.005929, 0.007076, 0.008399, 0.009911, 0.011630, 0.013569, 0.015742, 0.018158, 0.020826, 0.023750, 0.026931, 0.030364, 0.034040, 0.037943, 0.042053, 0.046343, 0.050780, 0.055325, 0.059933, 0.064555, 0.069138, 0.073623, 0.077954, 0.082069, 0.085908, 0.089415, 0.092535, 0.095217, 0.097419, 0.099104, 0.100244, 0.100818, 0.100818, 0.100244, 0.099104, 0.097419, 0.095217, 0.092535, 0.089415, 0.085908, 0.082069, 0.077954, 0.073624, 0.069138, 0.064555, 0.059933, 0.055325, 0.050780, 0.046343, 0.042053, 0.037943, 0.034040, 0.030364, 0.026931, 0.023751, 0.020826, 0.018158, 0.015742, 0.013569, 0.011630, 0.009912, 0.008399, 0.007077, 0.005929, 0.004939, 0.004091, 0.003369, 0.002759, 0.002247, 0.001819, 0.001465, 0.001174, 0.000935, 0.000742, 0.000587, 0.000463, 0.000366, 0.000291, 0.000235, 0.000196, 0.000170, 0.000158
0.000129, 0.000139, 0.000160, 0.000193, 0.000238, 0.000299, 0.000379, 0.000480, 0.000607, 0.000765, 0.000960, 0.001198, 0.001488, 0.001838, 0.002256, 0.002755, 0.003346, 0.004039, 0.004849, 0.005788, 0.006869, 0.008106, 0.009512, 0.011098, 0.012874, 0.014851, 0.017033, 0.019424, 0.022026, 0.024833, 0.027840, 0.031032, 0.034393, 0.037902, 0.041531, 0.045248, 0.049016, 0.052797, 0.056545, 0.060213, 0.063755, 0.067120, 0.070261, 0.073129, 0.075680, 0.077874, 0.079675, 0.081053, 0.081985, 0.082455, 0.082455, 0.081985, 0.081053, 0.079675, 0.077874, 0.075680, 0.073129, 0.070261, 0.067121, 0.063755, 0.060214, 0.056545, 0.052797, 0.049017, 0.045248, 0.041531, 0.037902, 0.034394, 0.031032, 0.027840, 0.024834, 0.022026, 0.019425, 0.017033, 0.014851, 0.012875, 0.011098, 0.009512, 0.008106, 0.006869, 0.005788, 0.004849, 0.004039, 0.003346, 0.002755, 0.002256, 0.001838, 0.001488, 0.001198, 0.000960, 0.000765, 0.000607, 0.000480, 0.000379, 0.000299, 0.000238, 0.000193, 0.000160, 0.000139, 0.000129
0.000105, 0.000113, 0.000130, 0.000156, 0.000194, 0.000243, 0.000308, 0.000390, 0.000493, 0.000622, 0.000780, 0.000974, 0.001209, 0.001494, 0.001834, 0.002240, 0.002719, 0.003283, 0.003941, 0.004704, 0.005583, 0.006589, 0.007732, 0.009021, 0.010465, 0.012071, 0.013845, 0.015789, 0.017903, 0.020186, 0.022629, 0.025224, 0.027956, 0.030808, 0.033758, 0.036779, 0.039843, 0.042915, 0.045962, 0.048944, 0.051823, 0.054558, 0.057110, 0.059442, 0.061516, 0.063299, 0.064763, 0.065883, 0.066640, 0.067023, 0.067023, 0.066641, 0.065883, 0.064763, 0.063299, 0.061516, 0.059442, 0.057111, 0.054558, 0.051823, 0.048944, 0.045962, 0.042915, 0.039843, 0.036779, 0.033758, 0.030809, 0.027957, 0.025224, 0.022629, 0.020186, 0.017904, 0.015789, 0.013845, 0.012071, 0.010465, 0.009021, 0.007732, 0.006589, 0.005583, 0.004704, 0.003941, 0.003283, 0.002719, 0.002240, 0.001834, 0.001494, 0.001210, 0.000974, 0.000780, 0.000622, 0.000493, 0.000390, 0.000308, 0.000243, 0.000194, 0.000156, 0.000130, 0.000113, 0.000105
0.000085, 0.000091, 0.000105, 0.000126, 0.000156, 0.000197, 0.000249, 0.000315, 0.000399, 0.000502, 0.000630, 0.000787, 0.000977, 0.001207, 0.001482, 0.001809, 0.002197, 0.002652, 0.003184, 0.003800, 0.004511, 0.005323, 0.006246, 0.007287, 0.008454, 0.009752, 0.011185, 0.012755, 0.014463, 0.016307, 0.018281, 0.020377, 0.022585, 0.024889, 0.027271, 0.029712, 0.032187, 0.034669, 0.037130, 0.039540, 0.041865, 0.044075, 0.046137, 0.048020, 0.049696, 0.051136, 0.052319, 0.053224, 0.053836, 0.054144, 0.054144, 0.053836, 0.053224, 0.052319, 0.051136, 0.049696, 0.048020, 0.046137, 0.044075, 0.041865, 0.039540, 0.037130, 0.034669, 0.032187, 0.029712, 0.027272, 0.024889, 0.022585, 0.020378, 0.018281, 0.016307, 0.014464, 0.012755, 0.011185, 0.009752, 0.008454, 0.007288, 0.006246, 0.005323, 0.004511, 0.003801, 0.003184, 0.002652, 0.002197, 0.001809, 0.001482, 0.001207, 0.000977, 0.000787, 0.000630, 0.000502, 0.000399, 0.000315, 0.000249, 0.000197, 0.000156, 0.000126, 0.000105, 0.000091, 0.000085
0.000068, 0.000073, 0.000084, 0.000102, 0.000126, 0.000158, 0.000200, 0.000253, 0.000320, 0.000403, 0.000506, 0.000632, 0.000785, 0.000969, 0.001190, 0.001453, 0.001764, 0.002130, 0.002556, 0.003051, 0.003622, 0.004274, 0.005015, 0.005851, 0.006788, 0.007830, 0.008980, 0.010241, 0.011613, 0.013093, 0.014678, 0.016361, 0.018133, 0.019983, 0.021897, 0.023856, 0.025843, 0.027836, 0.029812, 0.031747, 0.033614, 0.035388, 0.037044, 0.038556, 0.039901, 0.041058, 0.042007, 0.042734, 0.043225, 0.043473, 0.043473, 0.043225, 0.042734, 0.042007, 0.041058, 0.039901, 0.038556, 0.037044, 0.035388, 0.033614, 0.031747, 0.029812, 0.027836, 0.025843, 0.023856, 0.021897, 0.019983, 0.018134, 0.016361, 0.014678, 0.013093, 0.011613, 0.010241, 0.008980, 0.007830, 0.006788, 0.005851, 0.005015, 0.004274, 0.003622, 0.003051, 0.002556, 0.002130, 0.001764, 0.001453, 0.001190, 0.000969, 0.000785, 0.000632, 0.000506, 0.000403, 0.000320, 0.000253, 0.000200, 0.000158, 0.000126, 0.000102, 0.000084, 0.000073, 0.000068
0.000054, 0.000059, 0.000067, 0.000081, 0.000100, 0.000126, 0.000159, 0.000202, 0.000255, 0.000322, 0.000404, 0.000504, 0.000626, 0.000773, 0.000949, 0.001159, 0.001408, 0.001699, 0.002040, 0.002435, 0.002890, 0.003411, 0.004002, 0.004669, 0.005417, 0.006248, 0.007166, 0.008173, 0.009267, 0.010448, 0.011713, 0.013056, 0.014471, 0.015947, 0.017474, 0.019037, 0.020623, 0.022214, 0.023790, 0.025334, 0.026824, 0.028240, 0.029561, 0.030768, 0.031841, 0.032764, 0.033522, 0.034102, 0.034494, 0.034692, 0.034692, 0.034494, 0.034102, 0.033522, 0.032764, 0.031841, 0.030768, 0.029561, 0.028240, 0.026824, 0.025334, 0.023790, 0.022214, 0.020623, 0.019038, 0.017474, 0.015947, 0.014471, 0.013056, 0.011713, 0.010448, 0.009267, 0.008173, 0.007166, 0.006248, 0.005417, 0.004669, 0.004002, 0.003411, 0.002890, 0.002435, 0.002040, 0.001699, 0.001408, 0.001159, 0.000949, 0.000773, 0.000626, 0.000504, 0.000404, 0.000322, 0.000255, 0.000202, 0.000159, 0.000126, 0.000100, 0.000081, 0.000067, 0.000059, 0.000054
0.000043, 0.000047, 0.000053, 0.000064, 0.000079, 0.000100, 0.000126, 0.000160, 0.000203, 0.000255, 0.000320, 0.000400, 0.000497, 0.000613, 0.000753, 0.000920, 0.001116, 0.001348, 0.001618, 0.001931, 0.002292, 0.002705, 0.003174, 0.003704, 0.004296, 0.004956, 0.005684, 0.006482, 0.007350, 0.008287, 0.009291, 0.010356, 0.011478, 0.012649, 0.013859, 0.015100, 0.016358, 0.017619, 0.018870, 0.020094, 0.021276, 0.022399, 0.023447, 0.024404, 0.025255, 0.025988, 0.026589, 0.027049, 0.027360, 0.027516, 0.027516, 0.027360, 0.027049, 0.026589, 0.025988, 0.025256, 0.024404, 0.023447, 0.022399, 0.021276, 0.020094, 0.018870, 0.017619, 0.016358, 0.015100, 0.013860, 0.012649, 0.011478, 0.010356, 0.009291, 0.008287, 0.007350, 0.006482, 0.005684, 0.004956, 0.004297, 0.003704, 0.003174, 0.002705, 0.002292, 0.001931, 0.001618, 0.001348, 0.001116, 0.000920, 0.000753, 0.000613, 0.000497, 0.000400, 0.000320, 0.000255, 0.000203, 0.000160, 0.000126, 0.000100, 0.000079, 0.000064, 0.000053, 0.000047, 0.000043
0.000034, 0.000037, 0.000042, 0.000051, 0.000063, 0.000079, 0.000100, 0.000126, 0.000160, 0.000201, 0.000253, 0.000315, 0.000392, 0.000483, 0.000594, 0.000725, 0.000880, 0.001063, 0.001276, 0.001523, 0.001807, 0.002133, 0.002503, 0.002920, 0.003387, 0.003907, 0.004482, 0.005111, 0.005795, 0.006534, 0.007325, 0.008165, 0.009049, 0.009973, 0.010927, 0.011905, 0.012897, 0.013891, 0.014877, 0.015843, 0.016775, 0.017660, 0.018486, 0.019241, 0.019912, 0.020489, 0.020963, 0.021326, 0.021571, 0.021695, 0.021695, 0.021571, 0.021326, 0.020963, 0.020489, 0.019912, 0.019241, 0.018486, 0.017660, 0.016775, 0.015843, 0.014878, 0.013891, 0.012897, 0.011905, 0.010927, 0.009973, 0.009049, 0.008165, 0.007325, 0.006534, 0.005795, 0.005111, 0.004482, 0.003907, 0.003388, 0.002920, 0.002503, 0.002133, 0.001807, 0.001523, 0.001276, 0.001063, 0.000880, 0.000725, 0.000594, 0.000483, 0.000392, 0.000315, 0.000253, 0.000201, 0.000160, 0.000126, 0.000100, 0.000079, 0.000063, 0.000051, 0.000042, 0.000037, 0.000034
0.000027, 0.000029, 0.000033, 0.000040, 0.000049, 0.000062, 0.000078, 0.000099, 0.000125, 0.000158, 0.000198, 0.000247, 0.000307, 0.000379, 0.000465, 0.000568, 0.000690, 0.000833, 0.001000, 0.001194, 0.001417, 0.001672, 0.001962, 0.002289, 0.002655, 0.003063, 0.003513, 0.004006, 0.004543, 0.005122, 0.005742, 0.006400, 0.007093, 0.007817, 0.008565, 0.009332, 0.010109, 0.010889, 0.011662, 0.012419, 0.013149, 0.013843, 0.014491, 0.015082, 0.015608, 0.016061, 0.016432, 0.016717, 0.016909, 0.017006, 0.017006, 0.016909, 0.016717, 0.016432, 0.016061, 0.015608, 0.015082, 0.014491, 0.013843, 0.013149, 0.012419, 0.011662, 0.010889, 0.010109, 0.009332, 0.008566, 0.007817, 0.007093, 0.006400, 0.005742, 0.005122, 0.004543, 0.004006, 0.003513, 0.003063, 0.002655, 0.002289, 0.001962, 0.001672, 0.001417, 0.001194, 0.001000, 0.000833, 0.000690, 0.000568, 0.000465, 0.000379, 0.000307, 0.000247, 0.000198, 0.000158, 0.000125, 0.000099, 0.000078, 0.000062, 0.000049, 0.000040, 0.000033, 0.000029, 0.000027
0.000021, 0.000022, 0.000026, 0.000031, 0.000038, 0.000048, 0.000061, 0.000077, 0.000098, 0.000123, 0.000154, 0.000193, 0.000239, 0.000295, 0.000363, 0.000443, 0.000538, 0.000649, 0.000780, 0.000931, 0.001105, 0.001303, 0.001529, 0.001784, 0.002070, 0.002388, 0.002739, 0.003123, 0.003542, 0.003993, 0.004476, 0.004990, 0.005530, 0.006094, 0.006678, 0.007275, 0.007881, 0.008489, 0.009092, 0.009682, 0.010251, 0.010792, 0.011297, 0.011758, 0.012168, 0.012521, 0.012811, 0.013032, 0.013182, 0.013258, 0.013258, 0.013182, 0.013032, 0.012811, 0.012521, 0.012168, 0.011758, 0.011297, 0.010792, 0.010251, 0.009682, 0.009092, 0.008489, 0.007881, 0.007275, 0.006678, 0.006094, 0.005530, 0.004990, 0.004476, 0.003993, 0.003542, 0.003123, 0.002739, 0.002388, 0.002070, 0.001784, 0.001529, 0.001303, 0.001105, 0.000931, 0.000780, 0.000649, 0.000538, 0.000443, 0.000363, 0.000295, 0.000239, 0.000193, 0.000154, 0.000123, 0.000098, 0.000077, 0.000061, 0.000048, 0.000038, 0.000031, 0.000026, 0.000022, 0.000021
0.000016, 0.000017, 0.000020, 0.000024, 0.000030, 0.000037, 0.000047, 0.000060, 0.000076, 0.000095, 0.000120, 0.000150, 0.000186, 0.000229, 0.000282, 0.000344, 0.000417, 0.000504, 0.000605, 0.000722, 0.000857, 0.001011, 0.001187, 0.001385, 0.001606, 0.001853, 0.002125, 0.002424, 0.002748, 0.003098, 0.003473, 0.003872, 0.004291, 0.004729, 0.005182, 0.005645, 0.006116, 0.006587, 0.007055, 0.007513, 0.007954, 0.008374, 0.008766, 0.009124, 0.009442, 0.009716, 0.009941, 0.010113, 0.010229, 0.010287, 0.010287, 0.010229, 0.010113, 0.009941, 0.009716, 0.009442, 0.009124, 0.008766, 0.008374, 0.007954, 0.007513, 0.007055, 0.006587, 0.006116, 0.005645, 0.005182, 0.004729, 0.004291, 0.003872, 0.003473, 0.003098, 0.002748, 0.002424, 0.002125, 0.001853, 0.001606, 0.001385, 0.001187, 0.001011, 0.000857, 0.000722, 0.000605, 0.000504, 0.000417, 0.000344, 0.000282, 0.000229, 0.000186, 0.000150, 0.000120, 0.000095, 0.000076, 0.000060, 0.000047, 0.000037, 0.000030, 0.000024, 0.000020, 0.000017, 0.000016
0.000012, 0.000013, 0.000015, 0.000019, 0.000023, 0.000029, 0.000037, 0.000046, 0.000059, 0.000074, 0.000093, 0.000116, 0.000144, 0.000177, 0.000218, 0.000266, 0.000323, 0.000390, 0.000468, 0.000558, 0.000663, 0.000782, 0.000918, 0.001071, 0.001242, 0.001433, 0.001644, 0.001874, 0.002125, 0.002396, 0.002686, 0.002994, 0.003319, 0.003657, 0.004008, 0.004366, 0.004730, 0.005095, 0.005456, 0.005810, 0.006152, 0.006477, 0.006780, 0.007057, 0.007303, 0.007515, 0.007688, 0.007821, 0.007911, 0.007957, 0.007957, 0.007911, 0.007821, 0.007688, 0.007515, 0.007303, 0.007057, 0.006780, 0.006477, 0.006152, 0.005810, 0.005456, 0.005095, 0.004730, 0.004366, 0.004008, 0.003657, 0.003319, 0.002995, 0.002686, 0.002396, 0.002125, 0.001874, 0.001644, 0.001433, 0.001242, 0.001071, 0.000918, 0.000782, 0.000663, 0.000559, 0.000468, 0.000390, 0.000323, 0.000266, 0.000218, 0.000177, 0.000144, 0.000116, 0.000093, 0.000074, 0.000059, 0.000046, 0.000037, 0.000029, 0.000023, 0.000019, 0.000015, 0.000013, 0.000012
0.000010, 0.000010, 0.000012, 0.000014, 0.000018, 0.000022, 0.000028, 0.000036, 0.000045, 0.000057, 0.000072, 0.000089, 0.000111, 0.000137, 0.000168, 0.000206, 0.000250, 0.000301, 0.000362, 0.000432, 0.000512, 0.000605, 0.000710, 0.000828, 0.000960, 0.001108, 0.001271, 0.001449, 0.001643, 0.001852, 0.002077, 0.002315, 0.002566, 0.002827, 0.003098, 0.003375, 0.003656, 0.003938, 0.004218, 0.004491, 0.004756, 0.005007, 0.005241, 0.005455, 0.005645, 0.005809, 0.005943, 0.006046, 0.006115, 0.006150, 0.006150, 0.006115, 0.006046, 0.005943, 0.005809, 0.005645, 0.005455, 0.005241, 0.005007, 0.004756, 0.004491, 0.004218, 0.003938, 0.003656, 0.003375, 0.003098, 0.002827, 0.002566, 0.002315, 0.002077, 0.001852, 0.001643, 0.001449, 0.001271, 0.001108, 0.000960, 0.000828, 0.000710, 0.000605, 0.000512, 0.000432, 0.000362, 0.000301, 0.000250, 0.000206, 0.000168, 0.000137, 0.000111, 0.000089, 0.000072, 0.000057, 0.000045, 0.000036, 0.000028, 0.000022, 0.000018, 0.000014, 0.000012, 0.000010, 0.000010
0.000007, 0.000008, 0.000009, 0.000011, 0.000014, 0.000017, 0.000022, 0.000028, 0.000035, 0.000044, 0.000056, 0.000069, 0.000086, 0.000106, 0.000131, 0.000160, 0.000194, 0.000234, 0.000281, 0.000335, 0.000398, 0.000470, 0.000551, 0.000643, 0.000746, 0.000860, 0.000987, 0.001125, 0.001276, 0.001438, 0.001612, 0.001797, 0.001992, 0.002195, 0.002405, 0.002621, 0.002839, 0.003058, 0.003275, 0.003488, 0.003693, 0.003888, 0.004069, 0.004236, 0.004383, 0.004510, 0.004615, 0.004695, 0.004749, 0.004776, 0.004776, 0.004749, 0.004695, 0.004615, 0.004510, 0.004383, 0.004236, 0.004070, 0.003888, 0.003693, 0.003488, 0.003275, 0.003058, 0.002839, 0.002621, 0.002405, 0.002195, 0.001992, 0.001797, 0.001612, 0.001438, 0.001276, 0.001125, 0.000987, 0.000860, 0.000746, 0.000643, 0.000551, 0.000470, 0.000398, 0.000335, 0.000281, 0.000234, 0.000194, 0.000160, 0.000131, 0.000106, 0.000086, 0.000069, 0.000056, 0.000044, 0.000035, 0.000028, 0.000022, 0.000017, 0.000014, 0.000011, 0.000009, 0.000008, 0.000007
0.000006, 0.000006, 0.000007, 0.000009, 0.000011, 0.000014, 0.000017, 0.000022, 0.000028, 0.000035, 0.000044, 0.000055, 0.000068, 0.000084, 0.000103, 0.000126, 0.000152, 0.000184, 0.000221, 0.000264, 0.000313, 0.000369, 0.000434, 0.000506, 0.000587, 0.000677, 0.000776, 0.000885, 0.001004, 0.001132, 0.001269, 0.001414, 0.001568, 0.001727, 0.001893, 0.002062, 0.002234, 0.002406, 0.002577, 0.002744, 0.002906, 0.003059, 0.003202, 0.003333, 0.003449, 0.003549, 0.003631, 0.003694, 0.003737, 0.003758, 0.003758, 0.003737, 0.003694, 0.003631, 0.003549, 0.003449, 0.003333, 0.003202, 0.003059, 0.002906, 0.002744, 0.002577, 0.002406, 0.002234, 0.002062, 0.001893, 0.001727, 0.001568, 0.001414, 0.001269, 0.001132, 0.001004, 0.000885, 0.000776, 0.000677, 0.000587, 0.000506, 0.000434, 0.000369, 0.000313, 0.000264, 0.000221, 0.000184, 0.000152, 0.000126, 0.000103, 0.000084, 0.000068, 0.000055, 0.000044, 0.000035, 0.000028, 0.000022, 0.000017, 0.000014, 0.000011, 0.000009, 0.000007, 0.000006, 0.000006
0.000005, 0.000005, 0.000006, 0.000007, 0.000009, 0.000011, 0.000014, 0.000018, 0.000022, 0.000028, 0.000035, 0.000044, 0.000055, 0.000068, 0.000083, 0.000102, 0.000123, 0.000149, 0.000179, 0.000213, 0.000253, 0.000299, 0.000351, 0.000409, 0.000475, 0.000548, 0.000628, 0.000716, 0.000812, 0.000916, 0.001026, 0.001144, 0.001268, 0.001397, 0.001531, 0.001668, 0.001807, 0.001947, 0.002085, 0.002220, 0.002351, 0.002475, 0.002591, 0.002696, 0.002790, 0.002871, 0.002938, 0.002989, 0.003023, 0.003040, 0.003040, 0.003023, 0.002989, 0.002938, 0.002871, 0.002790, 0.002696, 0.002591, 0.002475, 0.002351, 0.002220, 0.002085, 0.001947, 0.001807, 0.001668, 0.001531, 0.001397, 0.001268, 0.001144, 0.001026, 0.000916, 0.000812, 0.000716, 0.000628, 0.000548, 0.000475, 0.000409, 0.000351, 0.000299, 0.000253, 0.000213, 0.000179, 0.000149, 0.000123, 0.000102, 0.000083, 0.000068, 0.000055, 0.000044, 0.000035, 0.000028, 0.000022, 0.000018, 0.000014, 0.000011, 0.000009, 0.000007, 0.000006, 0.000005, 0.000005
0.000004, 0.000004, 0.000005, 0.000006, 0.000007, 0.000009, 0.000012, 0.000015, 0.000019, 0.000024, 0.000030, 0.000037, 0.000047, 0.000057, 0.000071, 0.000086, 0.000105, 0.000126, 0.000152, 0.000181, 0.000215, 0.000254, 0.000298, 0.000347, 0.000403, 0.000465, 0.000533, 0.000608, 0.000689, 0.000777, 0.000871, 0.000971, 0.001076, 0.001186, 0.001300, 0.001416, 0.001534, 0.001652, 0.001770, 0.001885, 0.001995, 0.002101, 0.002199, 0.002289, 0.002369, 0.002437, 0.002494, 0.002537, 0.002566, 0.002581, 0.002581, 0.002566, 0.002537, 0.002494, 0.002437, 0.002369, 0.002289, 0.002199, 0.002101, 0.001995, 0.001885, 0.001770, 0.001652, 0.001534, 0.001416, 0.001300, 0.001186, 0.001076, 0.000971, 0.000871, 0.000777, 0.000689, 0.000608, 0.000533, 0.000465, 0.000403, 0.000347, 0.000298, 0.000254, 0.000215, 0.000181, 0.000152, 0.000126, 0.000105, 0.000086, 0.000071, 0.000057, 0.000047, 0.000037, 0.000030, 0.000024, 0.000019, 0.000015, 0.000012, 0.000009, 0.000007, 0.000006, 0.000005, 0.000004, 0.000004
0.000004, 0.000004, 0.000005, 0.000005, 0.000007, 0.000009, 0.000011, 0.000014, 0.000017, 0.000022, 0.000027, 0.000034, 0.000042, 0.000052, 0.000064, 0.000079, 0.000095, 0.000115, 0.000138, 0.000165, 0.000196, 0.000231, 0.000271, 0.000317, 0.000367, 0.000424, 0.000486, 0.000554, 0.000628, 0.000708, 0.000794, 0.000885, 0.000981, 0.001081, 0.001185, 0.001291, 0.001398, 0.001506, 0.001613, 0.001718, 0.001819, 0.001915, 0.002004, 0.002086, 0.002159, 0.002222, 0.002273, 0.002312, 0.002339, 0.002352, 0.002352, 0.002339, 0.002312, 0.002273, 0.002222, 0.002159, 0.002086, 0.002004, 0.001915, 0.001819, 0.001718, 0.001613, 0.001506, 0.001398, 0.001291, 0.001185, 0.001081, 0.000981, 0.000885, 0.000794, 0.000708, 0.000628, 0.000554, 0.000486, 0.000424, 0.000367, 0.000317, 0.000271, 0.000231, 0.000196, 0.000165, 0.000138, 0.000115, 0.000095, 0.000079, 0.000064, 0.000052, 0.000042, 0.000034, 0.000027, 0.000022, 0.000017, 0.000014, 0.000011, 0.000009, 0.000007, 0.000005, 0.000005, 0.000004, 0.000004
0.000004, 0.000004, 0.000005, 0.000005, 0.000007, 0.000008, 0.000011, 0.000014, 0.000017, 0.000022, 0.000027, 0.000034, 0.000042, 0.000052, 0.000064, 0.000078, 0.000095, 0.000115, 0.000138, 0.000164, 0.000195, 0.000230, 0.000270, 0.000315, 0.000365, 0.000421, 0.000483, 0.000551, 0.000625, 0.000705, 0.000790, 0.000881, 0.000976, 0.001076, 0.001179, 0.001285, 0.001392, 0.001499, 0.001605, 0.001709, 0.001810, 0.001906, 0.001995, 0.002076, 0.002149, 0.002211, 0.002262, 0.002301, 0.002328, 0.002341, 0.002341, 0.002328, 0.002301, 0.002262, 0.002211, 0.002149, 0.002076, 0.001995, 0.001906, 0.001810, 0.001709, 0.001605, 0.001499, 0.001392, 0.001285, 0.001179, 0.001076, 0.000976, 0.000881, 0.000790, 0.000705, 0.000625, 0.000551, 0.000483, 0.000421, 0.000365, 0.000315, 0.000270, 0.000230, 0.000195, 0.000164, 0.000138, 0.000115, 0.000095, 0.000078, 0.000064, 0.000052, 0.000042, 0.000034, 0.000027, 0.000022, 0.000017, 0.000014, 0.000011, 0.000008, 0.000007, 0.000005, 0.000005, 0.000004, 0.000004
0.000004, 0.000004, 0.000005, 0.000006, 0.000007, 0.000009, 0.000012, 0.000015, 0.000019, 0.000024, 0.000030, 0.000037, 0.000046, 0.000057, 0.000070, 0.000085, 0.000103, 0.000125, 0.000150, 0.000179, 0.000212, 0.000250, 0.000293, 0.000342, 0.000397, 0.000458, 0.000526, 0.000599, 0.000680, 0.000766, 0.000859, 0.000958, 0.001062, 0.001170, 0.001282, 0.001397, 0.001513, 0.001630, 0.001745, 0.001859, 0.001968, 0.002072, 0.002169, 0.002258, 0.002336, 0.002404, 0.002460, 0.002502, 0.002531, 0.002546, 0.002546, 0.002531, 0.002502, 0.002460, 0.002404, 0.002336, 0.002258, 0.002169, 0.002072, 0.001968, 0.001859, 0.001746, 0.001630, 0.001513, 0.001397, 0.001282, 0.001170, 0.001062, 0.000958, 0.000859, 0.000766, 0.000680, 0.000599, 0.000526, 0.000458, 0.000397, 0.000342, 0.000293, 0.000250, 0.000212, 0.000179, 0.000150, 0.000125, 0.000103, 0.000085, 0.000070, 0.000057, 0.000046, 0.000037, 0.000030, 0.000024, 0.000019, 0.000015, 0.000012, 0.000009, 0.000007, 0.000006, 0.000005, 0.000004, 0.000004
0.000005, 0.000005, 0.000006, 0.000007, 0.000009, 0.000011, 0.000014, 0.000017, 0.000022, 0.000028, 0.000035, 0.000043, 0.000054, 0.000066, 0.000081, 0.000099, 0.000121, 0.000146, 0.000175, 0.000209, 0.000248, 0.000293, 0.000343, 0.000400, 0.000465, 0.000536, 0.000615, 0.000701, 0.000795, 0.000896, 0.001005, 0.001120, 0.001242, 0.001368, 0.001499, 0.001634, 0.001770, 0.001906, 0.002042, 0.002174, 0.002302, 0.002424, 0.002537, 0.002641, 0.002733, 0.002812, 0.002877, 0.002927, 0.002960, 0.002977, 0.002977, 0.002960, 0.002927, 0.002877, 0.002812, 0.002733, 0.002641, 0.002537, 0.002424, 0.002302, 0.002174, 0.002042, 0.001906, 0.001770, 0.001634, 0.001499, 0.001368, 0.001242, 0.001120, 0.001005, 0.000896, 0.000795, 0.000701, 0.000615, 0.000536, 0.000465, 0.000400, 0.000343, 0.000293, 0.000248, 0.000209, 0.000175, 0.000146, 0.000121, 0.000099, 0.000081, 0.000066, 0.000054, 0.000043, 0.000035, 0.000028, 0.000022, 0.000017, 0.000014, 0.000011, 0.000009, 0.000007, 0.000006, 0.000005, 0.000005
0.000006, 0.000006, 0.000007, 0.000009, 0.000011, 0.000013, 0.000017, 0.000021, 0.000027, 0.000034, 0.000043, 0.000053, 0.000066, 0.000081, 0.000100, 0.000122, 0.000148, 0.000179, 0.000215, 0.000257, 0.000305, 0.000360, 0.000422, 0.000492, 0.000571, 0.000659, 0.000756, 0.000862, 0.000978, 0.001102, 0.001236, 0.001377, 0.001527, 0.001682, 0.001844, 0.002009, 0.002176, 0.002344, 0.002510, 0.002673, 0.002831, 0.002980, 0.003120, 0.003247, 0.003360, 0.003458, 0.003538, 0.003599, 0.003640, 0.003661, 0.003661, 0.003640, 0.003599, 0.003538, 0.003458, 0.003360, 0.003247, 0.003120, 0.002980, 0.002831, 0.002673, 0.002510, 0.002344, 0.002176, 0.002009, 0.001844, 0.001682, 0.001527, 0.001377, 0.001236, 0.001102, 0.000978, 0.000862, 0.000756, 0.000659, 0.000571, 0.000492, 0.000422, 0.000360, 0.000305, 0.000257, 0.000215, 0.000179, 0.000148, 0.000122, 0.000100, 0.000081, 0.000066, 0.000053, 0.000043, 0.000034, 0.000027, 0.000021, 0.000017, 0.000013, 0.000011, 0.000009, 0.000007, 0.000006, 0.000006
0.000007, 0.000008, 0.000009, 0.000011, 0.000013, 0.000017, 0.000021, 0.000027, 0.000034, 0.000043, 0.000054, 0.000067, 0.000084, 0.000103, 0.000127, 0.000155, 0.000188, 0.000227, 0.000272, 0.000325, 0.000386, 0.000455, 0.000534, 0.000623, 0.000723, 0.000834, 0.000957, 0.001091, 0.001238, 0.001395, 0.001564, 0.001744, 0.001933, 0.002130, 0.002334, 0.002543, 0.002755, 0.002967, 0.003178, 0.003384, 0.003583, 0.003773, 0.003949, 0.004110, 0.004254, 0.004377, 0.004479, 0.004556, 0.004608, 0.004635, 0.004635, 0.004608, 0.004556, 0.004479, 0.004377, 0.004254, 0.004111, 0.003949, 0.003773, 0.003583, 0.003384, 0.003178, 0.002967, 0.002755, 0.002543, 0.002334, 0.002130, 0.001933, 0.001744, 0.001564, 0.001395, 0.001238, 0.001091, 0.000957, 0.000834, 0.000723, 0.000623, 0.000534, 0.000455, 0.000386, 0.000325, 0.000272, 0.000227, 0.000188, 0.000155, 0.000127, 0.000103, 0.000084, 0.000067, 0.000054, 0.000043, 0.000034, 0.000027, 0.000021, 0.000017, 0.000013, 0.000011, 0.000009, 0.000008, 0.000007
0.000009, 0.000010, 0.000012, 0.000014, 0.000017, 0.000022, 0.000027, 0.000035, 0.000044, 0.000055, 0.000069, 0.000086, 0.000107, 0.000132, 0.000163, 0.000199, 0.000241, 0.000291, 0.000350, 0.000417, 0.000495, 0.000585, 0.000686, 0.000801, 0.000929, 0.001071, 0.001229, 0.001401, 0.001589, 0.001792, 0.002009, 0.002239, 0.002482, 0.002735, 0.002997, 0.003265, 0.003538, 0.003810, 0.004081, 0.004346, 0.004602, 0.004845, 0.005071, 0.005278, 0.005463, 0.005621, 0.005751, 0.005851, 0.005918, 0.005952, 0.005952, 0.005918, 0.005851, 0.005751, 0.005621, 0.005463, 0.005279, 0.005071, 0.004845, 0.004602, 0.004346, 0.004081, 0.003811, 0.003538, 0.003265, 0.002997, 0.002735, 0.002482, 0.002239, 0.002009, 0.001792, 0.001589, 0.001401, 0.001229, 0.001071, 0.000929, 0.000801, 0.000686, 0.000585, 0.000495, 0.000417, 0.000350, 0.000291, 0.000241, 0.000199, 0.000163, 0.000132, 0.000107, 0.000086, 0.000069, 0.000055, 0.000044, 0.000035, 0.000027, 0.000022, 0.000017, 0.000014, 0.000012, 0.000010, 0.000009
0.000012, 0.000013, 0.000015, 0.000018, 0.000022, 0.000028, 0.000035, 0.000045, 0.000056, 0.000071, 0.000089, 0.000111, 0.000138, 0.000171, 0.000210, 0.000256, 0.000311, 0.000376, 0.000451, 0.000539, 0.000639, 0.000755, 0.000886, 0.001033, 0.001199, 0.001383, 0.001586, 0.001809, 0.002051, 0.002313, 0.002593, 0.002890, 0.003203, 0.003530, 0.003868, 0.004215, 0.004566, 0.004918, 0.005267, 0.005609, 0.005939, 0.006253, 0.006545, 0.006813, 0.007050, 0.007255, 0.007423, 0.007551, 0.007638, 0.007682, 0.007682, 0.007638, 0.007551, 0.007423, 0.007255, 0.007050, 0.006813, 0.006545, 0.006253, 0.005939, 0.005609, 0.005267, 0.004918, 0.004566, 0.004215, 0.003868, 0.003530, 0.003203, 0.002890, 0.002593, 0.002313, 0.002051, 0.001809, 0.001586, 0.001383, 0.001199, 0.001033, 0.000886, 0.000755, 0.000639, 0.000539, 0.000451, 0.000376, 0.000311, 0.000256, 0.000210, 0.000171, 0.000138, 0.000111, 0.000089, 0.000071, 0.000056, 0.000045, 0.000035, 0.000028, 0.000022, 0.000018, 0.000015, 0.000013, 0.000012
0.000015, 0.000017, 0.000019, 0.000023, 0.000029, 0.000036, 0.000045, 0.000058, 0.000073, 0.000092, 0.000115, 0.000144, 0.000179, 0.000221, 0.000271, 0.000331, 0.000402, 0.000485, 0.000582, 0.000695, 0.000825, 0.000974, 0.001143, 0.001333, 0.001547, 0.001784, 0.002047, 0.002334, 0.002647, 0.002984, 0.003346, 0.003729, 0.004133, 0.004555, 0.004992, 0.005438, 0.005892, 0.006346, 0.006797, 0.007238, 0.007664, 0.008068, 0.008446, 0.008791, 0.009098, 0.009362, 0.009578, 0.009744, 0.009856, 0.009912, 0.009912, 0.009856, 0.009744, 0.009578, 0.009362, 0.009098, 0.008791, 0.008446, 0.008068, 0.007664, 0.007238, 0.006797, 0.006346, 0.005892, 0.005438, 0.004992, 0.004555, 0.004133, 0.003729, 0.003346, 0.002984, 0.002647, 0.002334, 0.002047, 0.001784, 0.001547, 0.001333, 0.001143, 0.000974, 0.000825, 0.000695, 0.000582, 0.000485, 0.000402, 0.000331, 0.000271, 0.000221, 0.000179, 0.000144, 0.000115, 0.000092, 0.000073, 0.000058, 0.000045, 0.000036, 0.000029, 0.000023, 0.000019, 0.000017, 0.000015
0.000020, 0.000021, 0.000025, 0.000030, 0.000037, 0.000046, 0.000058, 0.000074, 0.000094, 0.000118, 0.000148, 0.000185, 0.000230, 0.000284, 0.000349, 0.000426, 0.000517, 0.000624, 0.000749, 0.000894, 0.001061, 0.001253, 0.001470, 0.001715, 0.001990, 0.002295, 0.002633, 0.003003, 0.003405, 0.003839, 0.004304, 0.004798, 0.005317, 0.005860, 0.006421, 0.006996, 0.007579, 0.008164, 0.008744, 0.009311, 0.009859, 0.010380, 0.010865, 0.011309, 0.011704, 0.012043, 0.012322, 0.012535, 0.012679, 0.012752, 0.012752, 0.012679, 0.012535, 0.012322, 0.012043, 0.011704, 0.011309, 0.010865, 0.010380, 0.009859, 0.009311, 0.008744, 0.008164, 0.007579, 0.006996, 0.006421, 0.005860, 0.005318, 0.004798, 0.004304, 0.003839, 0.003405, 0.003003, 0.002633, 0.002295, 0.001990, 0.001715, 0.001470, 0.001253, 0.001061, 0.000894, 0.000749, 0.000624, 0.000517, 0.000426, 0.000349, 0.000284, 0.000230, 0.000185, 0.000148, 0.000118, 0.000094, 0.000074, 0.000058, 0.000046, 0.000037, 0.000030, 0.000025, 0.000021, 0.000020
0.000026, 0.000028, 0.000032, 0.000038, 0.000047, 0.000059, 0.000075, 0.000095, 0.000120, 0.000151, 0.000190, 0.000237, 0.000294, 0.000363, 0.000446, 0.000545, 0.000662, 0.000799, 0.000959, 0.001145, 0.001359, 0.001604, 0.001883, 0.002197, 0.002548, 0.002940, 0.003372, 0.003845, 0.004360, 0.004916, 0.005512, 0.006144, 0.006810, 0.007505, 0.008224, 0.008960, 0.009706, 0.010455, 0.011198, 0.011924, 0.012626, 0.013293, 0.013915, 0.014483, 0.014988, 0.015423, 0.015780, 0.016053, 0.016237, 0.016331, 0.016331, 0.016237, 0.016053, 0.015780, 0.015423, 0.014988, 0.014483, 0.013915, 0.013293, 0.012626, 0.011924, 0.011198, 0.010455, 0.009706, 0.008960, 0.008224, 0.007505, 0.006810, 0.006144, 0.005512, 0.004916, 0.004360, 0.003845, 0.003372, 0.002940, 0.002548, 0.002197, 0.001883, 0.001604, 0.001359, 0.001145, 0.000959, 0.000799, 0.000662, 0.000545, 0.000446, 0.000363, 0.000294, 0.000237, 0.000190, 0.000151, 0.000120, 0.000095, 0.000075, 0.000059, 0.000047, 0.000038, 0.000032, 0.000028, 0.000026
0.000033, 0.000035, 0.000040, 0.000048, 0.000060, 0.000075, 0.000095, 0.000121, 0.000153, 0.000193, 0.000242, 0.000302, 0.000375, 0.000463, 0.000569, 0.000694, 0.000843, 0.001018, 0.001222, 0.001459, 0.001732, 0.002044, 0.002398, 0.002798, 0.003246, 0.003745, 0.004295, 0.004899, 0.005555, 0.006263, 0.007022, 0.007827, 0.008675, 0.009560, 0.010476, 0.011414, 0.012365, 0.013319, 0.014265, 0.015190, 0.016084, 0.016933, 0.017726, 0.018450, 0.019094, 0.019647, 0.020102, 0.020450, 0.020685, 0.020803, 0.020803, 0.020685, 0.020450, 0.020102, 0.019647, 0.019094, 0.018450, 0.017726, 0.016933, 0.016084, 0.015190, 0.014265, 0.013319, 0.012365, 0.011414, 0.010476, 0.009560, 0.008675, 0.007827, 0.007022, 0.006263, 0.005555, 0.004899, 0.004295, 0.003745, 0.003246, 0.002798, 0.002398, 0.002044, 0.001732, 0.001459, 0.001222, 0.001018, 0.000843, 0.000694, 0.000569, 0.000463, 0.000375, 0.000302, 0.000242, 0.000193, 0.000153, 0.000121, 0.000095, 0.000075, 0.000060, 0.000048, 0.000040, 0.000035, 0.000033
