0.023574, 0.024314, 0.025805, 0.028071, 0.031145, 0.035072, 0.039906, 0.045713, 0.052565, 0.060544, 0.069738, 0.080242, 0.092153, 0.105573, 0.120601, 0.137338, 0.155878, 0.176312, 0.198718, 0.223165, 0.249706, 0.278376, 0.309192, 0.342144, 0.377200, 0.414298, 0.453346, 0.494221, 0.536767, 0.580796, 0.626084, 0.672378, 0.719391, 0.766809, 0.814291, 0.861474, 0.907977, 0.953404, 0.997354, 1.039419, 1.079199, 1.116301, 1.150352, 1.180998, 1.207915, 1.230814, 1.249446, 1.263605, 1.273134, 1.277925, 1.277925, 1.273134, 1.263606, 1.249447, 1.230816, 1.207917, 1.181000, 1.150354, 1.116303, 1.079201, 1.039421, 0.997356, 0.953407, 0.907980, 0.861477, 0.814293, 0.766811, 0.719394, 0.672380, 0.626087, 0.580799, 0.536770, 0.494224, 0.453349, 0.414301, 0.377203, 0.342146, 0.309194, 0.278378, 0.249707, 0.223166, 0.198719, 0.176313, 0.155879, 0.137339, 0.120602, 0.105574, 0.092154, 0.080243, 0.069739, 0.060544, 0.052565, 0.045713, 0.039907, 0.035072, 0.031146, 0.028071, 0.025805, 0.024314, 0.023574
0.024714, 0.025490, 0.027054, 0.029429, 0.032652, 0.036769, 0.041837, 0.047924, 0.055107, 0.063472, 0.073111, 0.084123, 0.096610, 0.110678, 0.126433, 0.143979, 0.163416, 0.184837, 0.208327, 0.233956, 0.261780, 0.291837, 0.324142, 0.358687, 0.395438, 0.434329, 0.475265, 0.518116, 0.562719, 0.608876, 0.656353, 0.704885, 0.754170, 0.803880, 0.853657, 0.903121, 0.951872, 0.999495, 1.045568, 1.089667, 1.131370, 1.170266, 1.205963, 1.238090, 1.266307, 1.290314, 1.309846, 1.324690, 1.334679, 1.339701, 1.339702, 1.334679, 1.324690, 1.309847, 1.290315, 1.266309, 1.238092, 1.205965, 1.170268, 1.131372, 1.089670, 1.045571, 0.999498, 0.951875, 0.903124, 0.853660, 0.803883, 0.754173, 0.704888, 0.656356, 0.608878, 0.562722, 0.518119, 0.475268, 0.434332, 0.395441, 0.358690, 0.324144, 0.291838, 0.261782, 0.233958, 0.208329, 0.184839, 0.163417, 0.143980, 0.126434, 0.110679, 0.096611, 0.084123, 0.073112, 0.063472, 0.055108, 0.047924, 0.041837, 0.036769, 0.032652, 0.029429, 0.027054, 0.025490, 0.024714
0.025797, 0.026607, 0.028239, 0.030719, 0.034083, 0.038380, 0.043670, 0.050024, 0.057521, 0.066253, 0.076314, 0.087808, 0.100842, 0.115526, 0.131971, 0.150286, 0.170574, 0.192934, 0.217452, 0.244203, 0.273246, 0.304618, 0.338338, 0.374397, 0.412757, 0.453351, 0.496079, 0.540806, 0.587362, 0.635540, 0.685096, 0.735752, 0.787196, 0.839082, 0.891038, 0.942668, 0.993553, 1.043261, 1.091352, 1.137382, 1.180910, 1.221509, 1.258769, 1.292302, 1.321755, 1.346813, 1.367200, 1.382694, 1.393120, 1.398363, 1.398363, 1.393121, 1.382694, 1.367201, 1.346814, 1.321757, 1.292304, 1.258771, 1.221512, 1.180913, 1.137384, 1.091355, 1.043264, 0.993556, 0.942671, 0.891042, 0.839085, 0.787199, 0.735755, 0.685099, 0.635543, 0.587365, 0.540809, 0.496082, 0.453353, 0.412759, 0.374399, 0.338341, 0.304620, 0.273247, 0.244205, 0.217453, 0.192935, 0.170575, 0.150287, 0.131972, 0.115527, 0.100843, 0.087809, 0.076315, 0.066253, 0.057522, 0.050024, 0.043670, 0.038380, 0.034083, 0.030719, 0.028239, 0.026607, 0.025797
0.026811, 0.027652, 0.029349, 0.031926, 0.035422, 0.039887, 0.045385, 0.051988, 0.059781, 0.068855, 0.079311, 0.091256, 0.104802, 0.120062, 0.137153, 0.156186, 0.177271, 0.200509, 0.225990, 0.253791, 0.283973, 0.316578, 0.351621, 0.389095, 0.428961, 0.471148, 0.515553, 0.562036, 0.610419, 0.660488, 0.711989, 0.764633, 0.818095, 0.872018, 0.926013, 0.979669, 1.032551, 1.084210, 1.134188, 1.182024, 1.227260, 1.269453, 1.308174, 1.343024, 1.373633, 1.399673, 1.420861, 1.436963, 1.447798, 1.453246, 1.453247, 1.447798, 1.436963, 1.420862, 1.399675, 1.373635, 1.343026, 1.308177, 1.269455, 1.227263, 1.182026, 1.134190, 1.084213, 1.032554, 0.979672, 0.926017, 0.872021, 0.818098, 0.764636, 0.711992, 0.660491, 0.610422, 0.562039, 0.515556, 0.471151, 0.428963, 0.389097, 0.351624, 0.316580, 0.283975, 0.253793, 0.225991, 0.200510, 0.177273, 0.156188, 0.137154, 0.120063, 0.104803, 0.091257, 0.079312, 0.068855, 0.059781, 0.051989, 0.045385, 0.039888, 0.035422, 0.031926, 0.029349, 0.027652, 0.026811
0.027743, 0.028614, 0.030369, 0.033035, 0.036653, 0.041274, 0.046962, 0.053795, 0.061858, 0.071247, 0.082067, 0.094427, 0.108443, 0.124234, 0.141918, 0.161613, 0.183430, 0.207475, 0.233840, 0.262607, 0.293838, 0.327575, 0.363836, 0.402611, 0.443861, 0.487513, 0.533460, 0.581557, 0.631620, 0.683428, 0.736717, 0.791189, 0.846508, 0.902303, 0.958173, 1.013692, 1.068410, 1.121862, 1.173576, 1.223073, 1.269880, 1.313538, 1.353603, 1.389663, 1.421335, 1.448280, 1.470203, 1.486864, 1.498075, 1.503713, 1.503713, 1.498075, 1.486864, 1.470204, 1.448281, 1.421337, 1.389665, 1.353606, 1.313540, 1.269883, 1.223076, 1.173579, 1.121866, 1.068413, 1.013695, 0.958176, 0.902306, 0.846511, 0.791193, 0.736720, 0.683431, 0.631623, 0.581560, 0.533463, 0.487516, 0.443863, 0.402613, 0.363838, 0.327577, 0.293840, 0.262609, 0.233842, 0.207476, 0.183432, 0.161614, 0.141919, 0.124235, 0.108444, 0.094428, 0.082067, 0.071248, 0.061859, 0.053795, 0.046963, 0.041274, 0.036653, 0.033036, 0.030369, 0.028614, 0.027743
0.028582, 0.029479, 0.031288, 0.034035, 0.037762, 0.042522, 0.048383, 0.055422, 0.063729, 0.073402, 0.084549, 0.097283, 0.111723, 0.127991, 0.146209, 0.166499, 0.188976, 0.213748, 0.240910, 0.270547, 0.302722, 0.337478, 0.374835, 0.414782, 0.457278, 0.502250, 0.549585, 0.599136, 0.650712, 0.704085, 0.758985, 0.815103, 0.872093, 0.929574, 0.987132, 1.044329, 1.100700, 1.155768, 1.209044, 1.260037, 1.308259, 1.353236, 1.394512, 1.431661, 1.464290, 1.492049, 1.514634, 1.531798, 1.543348, 1.549156, 1.549156, 1.543349, 1.531799, 1.514635, 1.492050, 1.464291, 1.431663, 1.394514, 1.353239, 1.308261, 1.260039, 1.209047, 1.155771, 1.100703, 1.044332, 0.987136, 0.929578, 0.872097, 0.815106, 0.758988, 0.704088, 0.650715, 0.599139, 0.549589, 0.502253, 0.457281, 0.414784, 0.374837, 0.337480, 0.302724, 0.270549, 0.240912, 0.213749, 0.188978, 0.166501, 0.146211, 0.127992, 0.111723, 0.097283, 0.084549, 0.073403, 0.063730, 0.055423, 0.048383, 0.042522, 0.037762, 0.034035, 0.031288, 0.029479, 0.028582
0.029318, 0.030239, 0.032094, 0.034912, 0.038734, 0.043618, 0.049629, 0.056850, 0.065370, 0.075293, 0.086726, 0.099788, 0.114599, 0.131286, 0.149974, 0.170786, 0.193842, 0.219251, 0.247113, 0.277512, 0.310515, 0.346165, 0.384483, 0.425458, 0.469048, 0.515177, 0.563731, 0.614556, 0.667460, 0.722206, 0.778518, 0.836080, 0.894536, 0.953496, 1.012535, 1.071203, 1.129025, 1.185510, 1.240156, 1.292461, 1.341923, 1.388057, 1.430396, 1.468500, 1.501969, 1.530441, 1.553608, 1.571213, 1.583061, 1.589018, 1.589018, 1.583061, 1.571214, 1.553609, 1.530443, 1.501971, 1.468502, 1.430398, 1.388060, 1.341926, 1.292464, 1.240159, 1.185513, 1.129028, 1.071206, 1.012539, 0.953499, 0.894540, 0.836084, 0.778522, 0.722209, 0.667463, 0.614560, 0.563734, 0.515180, 0.469051, 0.425461, 0.384486, 0.346168, 0.310517, 0.277514, 0.247114, 0.219252, 0.193843, 0.170788, 0.149975, 0.131287, 0.114600, 0.099788, 0.086727, 0.075293, 0.065371, 0.056850, 0.049630, 0.043618, 0.038735, 0.034912, 0.032094, 0.030239, 0.029319
0.029943, 0.030883, 0.032777, 0.035655, 0.039559, 0.044546, 0.050686, 0.058060, 0.066762, 0.076895, 0.088571, 0.101911, 0.117037, 0.134079, 0.153165, 0.174420, 0.197965, 0.223915, 0.252369, 0.283414, 0.317119, 0.353528, 0.392660, 0.434506, 0.479023, 0.526133, 0.575719, 0.627625, 0.681652, 0.737562, 0.795071, 0.853857, 0.913556, 0.973769, 1.034062, 1.093977, 1.153028, 1.210714, 1.266522, 1.319938, 1.370452, 1.417567, 1.460805, 1.499719, 1.533899, 1.562977, 1.586636, 1.604615, 1.616714, 1.622798, 1.622798, 1.616714, 1.604615, 1.586637, 1.562978, 1.533901, 1.499721, 1.460807, 1.417569, 1.370455, 1.319941, 1.266526, 1.210717, 1.153031, 1.093981, 1.034066, 0.973772, 0.913560, 0.853861, 0.795075, 0.737566, 0.681656, 0.627628, 0.575722, 0.526136, 0.479026, 0.434509, 0.392663, 0.353530, 0.317121, 0.283416, 0.252371, 0.223916, 0.197967, 0.174421, 0.153166, 0.134080, 0.117038, 0.101912, 0.088572, 0.076896, 0.066762, 0.058060, 0.050686, 0.044546, 0.039559, 0.035655, 0.032777, 0.030883, 0.029943
0.030447, 0.031403, 0.033329, 0.036255, 0.040225, 0.045296, 0.051539, 0.059037, 0.067885, 0.078188, 0.090061, 0.103625, 0.119006, 0.136334, 0.155741, 0.177353, 0.201294, 0.227680, 0.256612, 0.288179, 0.322450, 0.359471, 0.399261, 0.441810, 0.487075, 0.534976, 0.585395, 0.638173, 0.693109, 0.749958, 0.808433, 0.868206, 0.928908, 0.990132, 1.051439, 1.112360, 1.172403, 1.231057, 1.287803, 1.342117, 1.393480, 1.441385, 1.485349, 1.524918, 1.559672, 1.589238, 1.613294, 1.631575, 1.643877, 1.650064, 1.650064, 1.643878, 1.631576, 1.613295, 1.589239, 1.559673, 1.524920, 1.485352, 1.441388, 1.393483, 1.342120, 1.287807, 1.231060, 1.172406, 1.112363, 1.051443, 0.990136, 0.928912, 0.868210, 0.808437, 0.749961, 0.693112, 0.638177, 0.585398, 0.534979, 0.487078, 0.441813, 0.399264, 0.359473, 0.322452, 0.288181, 0.256614, 0.227681, 0.201296, 0.177354, 0.155742, 0.136336, 0.119007, 0.103626, 0.090062, 0.078189, 0.067886, 0.059037, 0.051539, 0.045296, 0.040225, 0.036255, 0.033329, 0.031403, 0.030447
0.030824, 0.031792, 0.033742, 0.036704, 0.040723, 0.045857, 0.052177, 0.059768, 0.068726, 0.079157, 0.091176, 0.104908, 0.120479, 0.138022, 0.157668, 0.179548, 0.203785, 0.230497, 0.259787, 0.291745, 0.326439, 0.363918, 0.404200, 0.447275, 0.493099, 0.541592, 0.592634, 0.646065, 0.701679, 0.759231, 0.818430, 0.878941, 0.940393, 1.002373, 1.064438, 1.126113, 1.186898, 1.246278, 1.303725, 1.358711, 1.410707, 1.459205, 1.503712, 1.543770, 1.578953, 1.608885, 1.633237, 1.651744, 1.664200, 1.670461, 1.670461, 1.664200, 1.651745, 1.633238, 1.608887, 1.578955, 1.543772, 1.503714, 1.459207, 1.410710, 1.358714, 1.303728, 1.246281, 1.186902, 1.126116, 1.064442, 1.002377, 0.940397, 0.878945, 0.818433, 0.759235, 0.701683, 0.646068, 0.592638, 0.541595, 0.493102, 0.447277, 0.404202, 0.363920, 0.326442, 0.291747, 0.259789, 0.230498, 0.203787, 0.179549, 0.157669, 0.138023, 0.120480, 0.104909, 0.091177, 0.079157, 0.068726, 0.059768, 0.052177, 0.045857, 0.040723, 0.036705, 0.033742, 0.031792, 0.030824
0.031070, 0.032045, 0.034011, 0.036997, 0.041048, 0.046222, 0.052592, 0.060244, 0.069272, 0.079786, 0.091901, 0.105742, 0.121437, 0.139119, 0.158922, 0.180975, 0.205405, 0.232329, 0.261852, 0.294063, 0.329033, 0.366809, 0.407411, 0.450828, 0.497016, 0.545894, 0.597341, 0.651195, 0.707252, 0.765260, 0.824928, 0.885921, 0.947860, 1.010332, 1.072890, 1.135055, 1.196322, 1.256173, 1.314078, 1.369500, 1.421910, 1.470792, 1.515653, 1.556027, 1.591488, 1.621658, 1.646204, 1.664858, 1.677411, 1.683722, 1.683722, 1.677411, 1.664858, 1.646205, 1.621659, 1.591491, 1.556030, 1.515655, 1.470795, 1.421913, 1.369503, 1.314081, 1.256177, 1.196326, 1.135059, 1.072894, 1.010336, 0.947864, 0.885924, 0.824932, 0.765264, 0.707255, 0.651199, 0.597344, 0.545897, 0.497019, 0.450830, 0.407413, 0.366811, 0.329035, 0.294065, 0.261854, 0.232331, 0.205407, 0.180977, 0.158923, 0.139121, 0.121438, 0.105743, 0.091902, 0.079787, 0.069273, 0.060244, 0.052593, 0.046222, 0.041048, 0.036997, 0.034011, 0.032045, 0.031070
0.031180, 0.032159, 0.034132, 0.037128, 0.041193, 0.046386, 0.052779, 0.060457, 0.069518, 0.080069, 0.092227, 0.106117, 0.121868, 0.139612, 0.159485, 0.181616, 0.206132, 0.233151, 0.262778, 0.295103, 0.330197, 0.368106, 0.408851, 0.452421, 0.498772, 0.547822, 0.599451, 0.653496, 0.709750, 0.767964, 0.827843, 0.889051, 0.951209, 1.013905, 1.076684, 1.139070, 1.200553, 1.260615, 1.318721, 1.374336, 1.426930, 1.475983, 1.521001, 1.561517, 1.597104, 1.627379, 1.652011, 1.670730, 1.683327, 1.689661, 1.689662, 1.683328, 1.670731, 1.652013, 1.627380, 1.597106, 1.561519, 1.521003, 1.475986, 1.426933, 1.374339, 1.318725, 1.260618, 1.200557, 1.139074, 1.076688, 1.013909, 0.951213, 0.889054, 0.827847, 0.767967, 0.709754, 0.653499, 0.599455, 0.547825, 0.498775, 0.452424, 0.408854, 0.368109, 0.330199, 0.295105, 0.262780, 0.233153, 0.206134, 0.181617, 0.159486, 0.139614, 0.121869, 0.106118, 0.092228, 0.080070, 0.069519, 0.060458, 0.052779, 0.046387, 0.041194, 0.037128, 0.034132, 0.032159, 0.031180
0.031154, 0.032132, 0.034103, 0.037097, 0.041159, 0.046347, 0.052735, 0.060406, 0.069459, 0.080001, 0.092149, 0.106027, 0.121764, 0.139494, 0.159349, 0.181461, 0.205957, 0.232952, 0.262554, 0.294851, 0.329914, 0.367791, 0.408501, 0.452033, 0.498344, 0.547352, 0.598936, 0.652934, 0.709140, 0.767304, 0.827132, 0.888288, 0.950394, 1.013036, 1.075760, 1.138088, 1.199518, 1.259527, 1.317583, 1.373149, 1.425697, 1.474707, 1.519685, 1.560166, 1.595722, 1.625970, 1.650581, 1.669284, 1.681870, 1.688198, 1.688198, 1.681870, 1.669285, 1.650582, 1.625972, 1.595724, 1.560169, 1.519688, 1.474710, 1.425700, 1.373153, 1.317586, 1.259531, 1.199522, 1.138092, 1.075764, 1.013040, 0.950398, 0.888292, 0.827135, 0.767307, 0.709144, 0.652938, 0.598940, 0.547355, 0.498347, 0.452036, 0.408503, 0.367793, 0.329916, 0.294853, 0.262555, 0.232954, 0.205958, 0.181463, 0.159350, 0.139495, 0.121765, 0.106028, 0.092150, 0.080002, 0.069460, 0.060407, 0.052735, 0.046348, 0.041159, 0.037097, 0.034103, 0.032132, 0.031154
0.030992, 0.031965, 0.033925, 0.036904, 0.040944, 0.046105, 0.052459, 0.060091, 0.069096, 0.079583, 0.091668, 0.105473, 0.121128, 0.138765, 0.158516, 0.180513, 0.204880, 0.231734, 0.261180, 0.293308, 0.328188, 0.365866, 0.406363, 0.449667, 0.495736, 0.544487, 0.595801, 0.649517, 0.705429, 0.763289, 0.822803, 0.883638, 0.945418, 1.007730, 1.070125, 1.132127, 1.193234, 1.252928, 1.310678, 1.365952, 1.418224, 1.466977, 1.511719, 1.551988, 1.587356, 1.617446, 1.641927, 1.660531, 1.673052, 1.679347, 1.679347, 1.673052, 1.660532, 1.641928, 1.617447, 1.587358, 1.551990, 1.511722, 1.466980, 1.418227, 1.365956, 1.310681, 1.252931, 1.193238, 1.132131, 1.070129, 1.007734, 0.945422, 0.883642, 0.822807, 0.763293, 0.705433, 0.649521, 0.595805, 0.544490, 0.495739, 0.449670, 0.406365, 0.365869, 0.328190, 0.293310, 0.261182, 0.231736, 0.204881, 0.180514, 0.158517, 0.138766, 0.121129, 0.105474, 0.091669, 0.079584, 0.069097, 0.060091, 0.052460, 0.046106, 0.040945, 0.036904, 0.033926, 0.031965, 0.030992
0.030695, 0.031659, 0.033601, 0.036550, 0.040552, 0.045664, 0.051957, 0.059515, 0.068434, 0.078821, 0.090789, 0.104462, 0.119967, 0.137434, 0.156996, 0.178782, 0.202915, 0.229511, 0.258675, 0.290495, 0.325040, 0.362356, 0.402464, 0.445353, 0.490980, 0.539263, 0.590087, 0.643288, 0.698663, 0.755966, 0.814908, 0.875158, 0.936344, 0.998057, 1.059852, 1.121259, 1.181778, 1.240898, 1.298094, 1.352837, 1.404606, 1.452891, 1.497203, 1.537083, 1.572112, 1.601912, 1.626159, 1.644585, 1.656984, 1.663219, 1.663219, 1.656985, 1.644585, 1.626160, 1.601914, 1.572114, 1.537086, 1.497205, 1.452893, 1.404609, 1.352840, 1.298097, 1.240902, 1.181782, 1.121262, 1.059856, 0.998061, 0.936348, 0.875162, 0.814911, 0.755969, 0.698666, 0.643291, 0.590090, 0.539266, 0.490983, 0.445356, 0.402467, 0.362359, 0.325042, 0.290497, 0.258677, 0.229513, 0.202917, 0.178783, 0.156998, 0.137436, 0.119968, 0.104463, 0.090790, 0.078821, 0.068435, 0.059516, 0.051957, 0.045664, 0.040552, 0.036551, 0.033601, 0.031659, 0.030695
0.030268, 0.031218, 0.033133, 0.036042, 0.039988, 0.045028, 0.051233, 0.058686, 0.067481, 0.077723, 0.089525, 0.103007, 0.118296, 0.135520, 0.154809, 0.176291, 0.200087, 0.226313, 0.255070, 0.286446, 0.320509, 0.357306, 0.396855, 0.439146, 0.484137, 0.531749, 0.581864, 0.634322, 0.688924, 0.745427, 0.803547, 0.862956, 0.923288, 0.984140, 1.045073, 1.105622, 1.165298, 1.223593, 1.279990, 1.333969, 1.385016, 1.432626, 1.476320, 1.515645, 1.550184, 1.579569, 1.603477, 1.621645, 1.633872, 1.640020, 1.640020, 1.633873, 1.621646, 1.603478, 1.579570, 1.550186, 1.515647, 1.476323, 1.432629, 1.385019, 1.333972, 1.279993, 1.223596, 1.165301, 1.105626, 1.045076, 0.984143, 0.923292, 0.862960, 0.803551, 0.745431, 0.688928, 0.634325, 0.581867, 0.531752, 0.484140, 0.439149, 0.396857, 0.357308, 0.320512, 0.286448, 0.255072, 0.226315, 0.200089, 0.176292, 0.154810, 0.135521, 0.118297, 0.103008, 0.089525, 0.077724, 0.067482, 0.058687, 0.051234, 0.045028, 0.039988, 0.036042, 0.033133, 0.031218, 0.030268
0.029716, 0.030649, 0.032528, 0.035384, 0.039258, 0.044206, 0.050298, 0.057615, 0.066249, 0.076304, 0.087890, 0.101126, 0.116136, 0.133045, 0.151982, 0.173071, 0.196433, 0.222180, 0.250412, 0.281214, 0.314655, 0.350779, 0.389606, 0.431125, 0.475295, 0.522038, 0.571236, 0.622734, 0.676338, 0.731808, 0.788865, 0.847189, 0.906417, 0.966156, 1.025976, 1.085418, 1.144002, 1.201232, 1.256598, 1.309590, 1.359703, 1.406443, 1.449339, 1.487944, 1.521852, 1.550699, 1.574171, 1.592007, 1.604010, 1.610045, 1.610046, 1.604011, 1.592008, 1.574172, 1.550701, 1.521854, 1.487946, 1.449341, 1.406446, 1.359706, 1.309593, 1.256601, 1.201235, 1.144006, 1.085422, 1.025980, 0.966160, 0.906421, 0.847192, 0.788869, 0.731812, 0.676341, 0.622738, 0.571239, 0.522041, 0.475298, 0.431128, 0.389608, 0.350782, 0.314657, 0.281216, 0.250413, 0.222182, 0.196435, 0.173073, 0.151983, 0.133046, 0.116137, 0.101127, 0.087891, 0.076305, 0.066250, 0.057615, 0.050298, 0.044206, 0.039258, 0.035384, 0.032528, 0.030649, 0.029716
0.029045, 0.029957, 0.031794, 0.034585, 0.038372, 0.043208, 0.049163, 0.056315, 0.064754, 0.074582, 0.085907, 0.098844, 0.113514, 0.130042, 0.148551, 0.169165, 0.191999, 0.217164, 0.244758, 0.274865, 0.307551, 0.342860, 0.380809, 0.421392, 0.464564, 0.510250, 0.558337, 0.608672, 0.661065, 0.715282, 0.771050, 0.828055, 0.885946, 0.944335, 1.002803, 1.060902, 1.118163, 1.174099, 1.228214, 1.280009, 1.328990, 1.374674, 1.416600, 1.454333, 1.487476, 1.515670, 1.538611, 1.556045, 1.567777, 1.573676, 1.573676, 1.567777, 1.556046, 1.538612, 1.515672, 1.487477, 1.454335, 1.416602, 1.374677, 1.328993, 1.280012, 1.228217, 1.174102, 1.118166, 1.060905, 1.002807, 0.944339, 0.885950, 0.828059, 0.771053, 0.715285, 0.661068, 0.608675, 0.558340, 0.510253, 0.464567, 0.421394, 0.380812, 0.342862, 0.307553, 0.274867, 0.244760, 0.217166, 0.192000, 0.169166, 0.148553, 0.130043, 0.113515, 0.098845, 0.085907, 0.074583, 0.064755, 0.056315, 0.049163, 0.043209, 0.038372, 0.034586, 0.031795, 0.029957, 0.029045
0.028265, 0.029152, 0.030940, 0.033656, 0.037341, 0.042048, 0.047842, 0.054802, 0.063015, 0.072578, 0.083599, 0.096188, 0.110465, 0.126548, 0.144560, 0.164619, 0.186840, 0.211328, 0.238181, 0.267479, 0.299286, 0.333645, 0.370575, 0.410067, 0.452079, 0.496536, 0.543330, 0.592312, 0.643296, 0.696056, 0.750324, 0.805796, 0.862130, 0.918949, 0.975844, 1.032381, 1.088102, 1.142534, 1.195194, 1.245597, 1.293260, 1.337716, 1.378514, 1.415233, 1.447484, 1.474921, 1.497245, 1.514209, 1.525626, 1.531366, 1.531366, 1.525626, 1.514210, 1.497246, 1.474922, 1.447486, 1.415235, 1.378517, 1.337719, 1.293263, 1.245600, 1.195197, 1.142537, 1.088106, 1.032385, 0.975848, 0.918952, 0.862134, 0.805800, 0.750327, 0.696059, 0.643299, 0.592315, 0.543333, 0.496539, 0.452081, 0.410070, 0.370578, 0.333648, 0.299288, 0.267481, 0.238183, 0.211330, 0.186841, 0.164620, 0.144561, 0.126549, 0.110465, 0.096189, 0.083599, 0.072579, 0.063015, 0.054803, 0.047843, 0.042048, 0.037341, 0.033657, 0.030941, 0.029153, 0.028265
0.027385, 0.028245, 0.029977, 0.032608, 0.036178, 0.040738, 0.046352, 0.053095, 0.061052, 0.070318, 0.080995, 0.093192, 0.107024, 0.122606, 0.140057, 0.159491, 0.181019, 0.204745, 0.230761, 0.259145, 0.289962, 0.323250, 0.359030, 0.397291, 0.437993, 0.481065, 0.526401, 0.573856, 0.623251, 0.674366, 0.726943, 0.780686, 0.835264, 0.890312, 0.945434, 1.000208, 1.054192, 1.106928, 1.157946, 1.206777, 1.252956, 1.296026, 1.335552, 1.371126, 1.402372, 1.428953, 1.450581, 1.467017, 1.478078, 1.483639, 1.483639, 1.478078, 1.467018, 1.450583, 1.428955, 1.402374, 1.371128, 1.335555, 1.296028, 1.252959, 1.206780, 1.157949, 1.106931, 1.054196, 1.000212, 0.945437, 0.890315, 0.835268, 0.780690, 0.726946, 0.674369, 0.623254, 0.573859, 0.526403, 0.481068, 0.437996, 0.397293, 0.359032, 0.323252, 0.289964, 0.259147, 0.230762, 0.204746, 0.181021, 0.159492, 0.140058, 0.122607, 0.107025, 0.093193, 0.080996, 0.070319, 0.061053, 0.053096, 0.046353, 0.040739, 0.036179, 0.032609, 0.029977, 0.028245, 0.027385
0.026416, 0.027245, 0.028916, 0.031454, 0.034897, 0.039296, 0.044711, 0.051215, 0.058890, 0.067828, 0.078127, 0.089892, 0.103234, 0.118264, 0.135097, 0.153842, 0.174608, 0.197493, 0.222588, 0.249967, 0.279691, 0.311801, 0.346313, 0.383219, 0.422479, 0.464024, 0.507754, 0.553528, 0.601172, 0.650476, 0.701190, 0.753029, 0.805673, 0.858770, 0.911939, 0.964772, 1.016843, 1.067710, 1.116921, 1.164022, 1.208564, 1.250108, 1.288233, 1.322547, 1.352685, 1.378325, 1.399186, 1.415040, 1.425708, 1.431072, 1.431072, 1.425709, 1.415040, 1.399187, 1.378326, 1.352687, 1.322549, 1.288236, 1.250110, 1.208566, 1.164025, 1.116924, 1.067713, 1.016847, 0.964776, 0.911942, 0.858774, 0.805677, 0.753033, 0.701194, 0.650479, 0.601175, 0.553531, 0.507756, 0.464027, 0.422481, 0.383221, 0.346315, 0.311803, 0.279693, 0.249969, 0.222589, 0.197495, 0.174609, 0.153844, 0.135098, 0.118265, 0.103235, 0.089893, 0.078127, 0.067829, 0.058891, 0.051216, 0.044712, 0.039296, 0.034898, 0.031454, 0.028916, 0.027245, 0.026416
0.025368, 0.026164, 0.027769, 0.030207, 0.033514, 0.037738, 0.042938, 0.049184, 0.056555, 0.065138, 0.075028, 0.086327, 0.099139, 0.113574, 0.129738, 0.147740, 0.167682, 0.189660, 0.213758, 0.240052, 0.268597, 0.299433, 0.332576, 0.368016, 0.405718, 0.445616, 0.487609, 0.531567, 0.577322, 0.624669, 0.673371, 0.723153, 0.773708, 0.824698, 0.875756, 0.926493, 0.976498, 1.025346, 1.072604, 1.117836, 1.160610, 1.200505, 1.237118, 1.270069, 1.299012, 1.323634, 1.343668, 1.358892, 1.369137, 1.374289, 1.374289, 1.369138, 1.358893, 1.343669, 1.323636, 1.299014, 1.270071, 1.237120, 1.200508, 1.160613, 1.117839, 1.072607, 1.025349, 0.976501, 0.926496, 0.875759, 0.824701, 0.773711, 0.723156, 0.673374, 0.624672, 0.577325, 0.531570, 0.487612, 0.445618, 0.405721, 0.368019, 0.332578, 0.299435, 0.268599, 0.240053, 0.213760, 0.189661, 0.167683, 0.147741, 0.129739, 0.113575, 0.099140, 0.086328, 0.075029, 0.065139, 0.056556, 0.049185, 0.042939, 0.037738, 0.033514, 0.030207, 0.027769, 0.026165, 0.025368
0.024255, 0.025016, 0.026551, 0.028881, 0.032043, 0.036082, 0.041054, 0.047026, 0.054073, 0.062279, 0.071735, 0.082538, 0.094788, 0.108588, 0.124043, 0.141255, 0.160321, 0.181334, 0.204375, 0.229513, 0.256805, 0.286287, 0.317975, 0.351859, 0.387906, 0.426051, 0.466201, 0.508228, 0.551973, 0.597242, 0.643805, 0.691401, 0.739735, 0.788486, 0.837303, 0.885811, 0.933620, 0.980323, 1.025505, 1.068751, 1.109647, 1.147790, 1.182795, 1.214299, 1.241971, 1.265511, 1.284665, 1.299221, 1.309016, 1.313941, 1.313941, 1.309016, 1.299221, 1.284666, 1.265512, 1.241972, 1.214301, 1.182797, 1.147792, 1.109649, 1.068754, 1.025508, 0.980326, 0.933623, 0.885814, 0.837305, 0.788489, 0.739738, 0.691404, 0.643808, 0.597245, 0.551976, 0.508231, 0.466203, 0.426054, 0.387908, 0.351862, 0.317977, 0.286289, 0.256807, 0.229515, 0.204376, 0.181335, 0.160323, 0.141256, 0.124044, 0.108589, 0.094788, 0.082538, 0.071736, 0.062280, 0.054073, 0.047026, 0.041054, 0.036082, 0.032043, 0.028881, 0.026551, 0.025016, 0.024255
0.023088, 0.023813, 0.025273, 0.027492, 0.030502, 0.034346, 0.039079, 0.044763, 0.051471, 0.059283, 0.068284, 0.078567, 0.090227, 0.103364, 0.118075, 0.134459, 0.152607, 0.172609, 0.194541, 0.218470, 0.244448, 0.272511, 0.302674, 0.334928, 0.369239, 0.405549, 0.443766, 0.483771, 0.525411, 0.568500, 0.612822, 0.658127, 0.704136, 0.750540, 0.797007, 0.843180, 0.888688, 0.933143, 0.976150, 1.017314, 1.056242, 1.092549, 1.125869, 1.155857, 1.182197, 1.204604, 1.222836, 1.236691, 1.246014, 1.250703, 1.250703, 1.246015, 1.236692, 1.222837, 1.204605, 1.182198, 1.155859, 1.125871, 1.092551, 1.056244, 1.017317, 0.976153, 0.933145, 0.888691, 0.843183, 0.797009, 0.750543, 0.704139, 0.658130, 0.612825, 0.568503, 0.525413, 0.483773, 0.443769, 0.405551, 0.369242, 0.334930, 0.302676, 0.272513, 0.244450, 0.218471, 0.194542, 0.172610, 0.152609, 0.134460, 0.118076, 0.103365, 0.090228, 0.078567, 0.068284, 0.059283, 0.051472, 0.044764, 0.039079, 0.034346, 0.030502, 0.027492, 0.025274, 0.023813, 0.023088
0.021881, 0.022568, 0.023952, 0.026054, 0.028906, 0.032549, 0.037035, 0.042422, 0.048779, 0.056182, 0.064712, 0.074457, 0.085507, 0.097956, 0.111898, 0.127424, 0.144624, 0.163579, 0.184363, 0.207040, 0.231659, 0.258253, 0.286838, 0.317404, 0.349920, 0.384329, 0.420547, 0.458458, 0.497919, 0.538754, 0.580756, 0.623690, 0.667291, 0.711267, 0.755302, 0.799059, 0.842185, 0.884313, 0.925070, 0.964080, 1.000970, 1.035377, 1.066954, 1.095372, 1.120333, 1.141568, 1.158846, 1.171975, 1.180811, 1.185254, 1.185254, 1.180812, 1.171976, 1.158847, 1.141569, 1.120335, 1.095374, 1.066955, 1.035379, 1.000972, 0.964082, 0.925073, 0.884316, 0.842188, 0.799062, 0.755305, 0.711270, 0.667294, 0.623693, 0.580759, 0.538756, 0.497922, 0.458461, 0.420549, 0.384332, 0.349922, 0.317406, 0.286840, 0.258255, 0.231661, 0.207042, 0.184364, 0.163580, 0.144625, 0.127425, 0.111899, 0.097957, 0.085508, 0.074457, 0.064712, 0.056182, 0.048779, 0.042422, 0.037035, 0.032550, 0.028906, 0.026054, 0.023952, 0.022568, 0.021881
0.020645, 0.021293, 0.022599, 0.024582, 0.027273, 0.030711, 0.034943, 0.040025, 0.046023, 0.053008, 0.061056, 0.070250, 0.080676, 0.092422, 0.105576, 0.120225, 0.136452, 0.154336, 0.173946, 0.195342, 0.218569, 0.243661, 0.270629, 0.299468, 0.330147, 0.362612, 0.396782, 0.432551, 0.469782, 0.508309, 0.547937, 0.588445, 0.629582, 0.671072, 0.712619, 0.753903, 0.794591, 0.834338, 0.872792, 0.909597, 0.944402, 0.976864, 1.006656, 1.033468, 1.057019, 1.077053, 1.093355, 1.105743, 1.114079, 1.118271, 1.118271, 1.114079, 1.105743, 1.093356, 1.077055, 1.057020, 1.033470, 1.006657, 0.976866, 0.944404, 0.909599, 0.872794, 0.834341, 0.794594, 0.753905, 0.712621, 0.671075, 0.629584, 0.588448, 0.547940, 0.508311, 0.469784, 0.432553, 0.396784, 0.362614, 0.330149, 0.299470, 0.270631, 0.243663, 0.218571, 0.195343, 0.173947, 0.154337, 0.136453, 0.120226, 0.105577, 0.092423, 0.080677, 0.070251, 0.061056, 0.053008, 0.046024, 0.040026, 0.034943, 0.030711, 0.027273, 0.024582, 0.022599, 0.021293, 0.020645
0.019393, 0.020001, 0.021228, 0.023091, 0.025619, 0.028848, 0.032823, 0.037597, 0.043231, 0.049792, 0.057352, 0.065988, 0.075782, 0.086815, 0.099171, 0.112931, 0.128174, 0.144972, 0.163392, 0.183490, 0.205308, 0.228877, 0.254208, 0.281297, 0.310115, 0.340609, 0.372706, 0.406305, 0.441276, 0.477465, 0.514688, 0.552738, 0.591378, 0.630351, 0.669376, 0.708155, 0.746374, 0.783709, 0.819829, 0.854400, 0.887093, 0.917585, 0.945569, 0.970754, 0.992875, 1.011694, 1.027006, 1.038641, 1.046472, 1.050410, 1.050410, 1.046472, 1.038642, 1.027006, 1.011695, 0.992876, 0.970755, 0.945570, 0.917587, 0.887095, 0.854402, 0.819831, 0.783711, 0.746376, 0.708157, 0.669378, 0.630353, 0.591381, 0.552740, 0.514691, 0.477467, 0.441278, 0.406307, 0.372709, 0.340611, 0.310117, 0.281299, 0.254210, 0.228878, 0.205310, 0.183491, 0.163394, 0.144973, 0.128175, 0.112932, 0.099172, 0.086816, 0.075782, 0.065989, 0.057352, 0.049793, 0.043232, 0.037598, 0.032823, 0.028848, 0.025619, 0.023091, 0.021228, 0.020001, 0.019393
0.018136, 0.018705, 0.019852, 0.021595, 0.023958, 0.026978, 0.030696, 0.035160, 0.040429, 0.046565, 0.053634, 0.061711, 0.070870, 0.081187, 0.092742, 0.105610, 0.119865, 0.135575, 0.152800, 0.171595, 0.191999, 0.214039, 0.237729, 0.263061, 0.290010, 0.318527, 0.348543, 0.379963, 0.412667, 0.446510, 0.481320, 0.516902, 0.553037, 0.589483, 0.625978, 0.662242, 0.697983, 0.732897, 0.766675, 0.799004, 0.829577, 0.858092, 0.884261, 0.907813, 0.928500, 0.946099, 0.960418, 0.971299, 0.978622, 0.982304, 0.982304, 0.978622, 0.971300, 0.960419, 0.946100, 0.928501, 0.907815, 0.884263, 0.858094, 0.829579, 0.799006, 0.766677, 0.732899, 0.697985, 0.662244, 0.625980, 0.589485, 0.553040, 0.516905, 0.481322, 0.446512, 0.412669, 0.379965, 0.348545, 0.318529, 0.290012, 0.263063, 0.237730, 0.214041, 0.192000, 0.171596, 0.152802, 0.135576, 0.119866, 0.105611, 0.092743, 0.081188, 0.070870, 0.061712, 0.053635, 0.046565, 0.040430, 0.035161, 0.030696, 0.026978, 0.023959, 0.021595, 0.019852, 0.018705, 0.018136
0.016885, 0.017415, 0.018483, 0.020106, 0.022307, 0.025118, 0.028579, 0.032736, 0.037641, 0.043354, 0.049936, 0.057456, 0.065983, 0.075589, 0.086347, 0.098327, 0.111599, 0.126225, 0.142263, 0.159761, 0.178757, 0.199278, 0.221333, 0.244918, 0.270008, 0.296559, 0.324505, 0.353758, 0.384206, 0.415714, 0.448123, 0.481251, 0.514894, 0.548826, 0.582803, 0.616566, 0.649841, 0.682347, 0.713795, 0.743895, 0.772358, 0.798907, 0.823270, 0.845198, 0.864458, 0.880842, 0.894174, 0.904305, 0.911122, 0.914550, 0.914550, 0.911123, 0.904305, 0.894174, 0.880843, 0.864459, 0.845199, 0.823272, 0.798908, 0.772360, 0.743896, 0.713797, 0.682349, 0.649844, 0.616568, 0.582805, 0.548828, 0.514896, 0.481253, 0.448125, 0.415716, 0.384208, 0.353760, 0.324507, 0.296561, 0.270010, 0.244919, 0.221335, 0.199279, 0.178759, 0.159762, 0.142264, 0.126226, 0.111600, 0.098328, 0.086347, 0.075589, 0.065983, 0.057456, 0.049936, 0.043354, 0.037642, 0.032736, 0.028579, 0.025118, 0.022307, 0.020106, 0.018483, 0.017415, 0.016885
0.015652, 0.016143, 0.017133, 0.018636, 0.020677, 0.023282, 0.026491, 0.030344, 0.034891, 0.040186, 0.046287, 0.053257, 0.061161, 0.070065, 0.080036, 0.091141, 0.103443, 0.117000, 0.131866, 0.148085, 0.165693, 0.184713, 0.205156, 0.227017, 0.250273, 0.274883, 0.300787, 0.327901, 0.356124, 0.385329, 0.415369, 0.446075, 0.477259, 0.508710, 0.540204, 0.571499, 0.602342, 0.632472, 0.661620, 0.689520, 0.715903, 0.740510, 0.763093, 0.783418, 0.801270, 0.816457, 0.828813, 0.838204, 0.844523, 0.847701, 0.847701, 0.844523, 0.838204, 0.828814, 0.816458, 0.801271, 0.783419, 0.763095, 0.740512, 0.715904, 0.689521, 0.661622, 0.632473, 0.602344, 0.571501, 0.540206, 0.508712, 0.477261, 0.446077, 0.415371, 0.385331, 0.356126, 0.327903, 0.300789, 0.274885, 0.250274, 0.227019, 0.205158, 0.184714, 0.165694, 0.148086, 0.131866, 0.117001, 0.103444, 0.091142, 0.080037, 0.070065, 0.061161, 0.053257, 0.046287, 0.040186, 0.034891, 0.030344, 0.026491, 0.023283, 0.020677, 0.018637, 0.017133, 0.016143, 0.015652
0.014444, 0.014897, 0.015810, 0.017198, 0.019081, 0.021486, 0.024446, 0.028002, 0.032198, 0.037084, 0.042714, 0.049146, 0.056440, 0.064657, 0.073858, 0.084106, 0.095458, 0.107969, 0.121687, 0.136654, 0.152902, 0.170455, 0.189320, 0.209493, 0.230953, 0.253663, 0.277567, 0.302588, 0.328632, 0.355582, 0.383303, 0.411639, 0.440415, 0.469438, 0.498500, 0.527379, 0.555841, 0.583645, 0.610543, 0.636288, 0.660635, 0.683342, 0.704182, 0.722937, 0.739411, 0.753425, 0.764828, 0.773493, 0.779324, 0.782257, 0.782257, 0.779324, 0.773493, 0.764828, 0.753426, 0.739412, 0.722938, 0.704183, 0.683344, 0.660636, 0.636290, 0.610545, 0.583646, 0.555843, 0.527381, 0.498502, 0.469440, 0.440417, 0.411641, 0.383305, 0.355584, 0.328633, 0.302590, 0.277568, 0.253664, 0.230954, 0.209494, 0.189321, 0.170456, 0.152903, 0.136655, 0.121688, 0.107969, 0.095459, 0.084107, 0.073859, 0.064657, 0.056440, 0.049146, 0.042714, 0.037084, 0.032198, 0.028002, 0.024446, 0.021486, 0.019081, 0.017198, 0.015810, 0.014897, 0.014444
0.013270, 0.013686, 0.014526, 0.015800, 0.017530, 0.019739, 0.022459, 0.025726, 0.029581, 0.034070, 0.039242, 0.045152, 0.051852, 0.059401, 0.067855, 0.077270, 0.087699, 0.099193, 0.111796, 0.125546, 0.140474, 0.156599, 0.173931, 0.192464, 0.212180, 0.233044, 0.255004, 0.277992, 0.301918, 0.326677, 0.352145, 0.378177, 0.404614, 0.431278, 0.457977, 0.484508, 0.510657, 0.536200, 0.560912, 0.584564, 0.606931, 0.627793, 0.646938, 0.664169, 0.679303, 0.692178, 0.702654, 0.710614, 0.715972, 0.718665, 0.718666, 0.715972, 0.710615, 0.702654, 0.692179, 0.679303, 0.664170, 0.646939, 0.627794, 0.606933, 0.584566, 0.560913, 0.536201, 0.510658, 0.484510, 0.457979, 0.431279, 0.404616, 0.378179, 0.352147, 0.326679, 0.301920, 0.277993, 0.255005, 0.233045, 0.212181, 0.192465, 0.173932, 0.156600, 0.140475, 0.125547, 0.111797, 0.099194, 0.087700, 0.077271, 0.067856, 0.059402, 0.051853, 0.045152, 0.039243, 0.034070, 0.029581, 0.025726, 0.022459, 0.019740, 0.017530, 0.015801, 0.014526, 0.013686, 0.013270
0.012137, 0.012518, 0.013286, 0.014452, 0.016034, 0.018055, 0.020542, 0.023530, 0.027056, 0.031162, 0.035893, 0.041298, 0.047427, 0.054331, 0.062064, 0.070675, 0.080214, 0.090726, 0.102253, 0.114830, 0.128484, 0.143232, 0.159084, 0.176035, 0.194068, 0.213150, 0.233236, 0.254261, 0.276145, 0.298791, 0.322085, 0.345895, 0.370075, 0.394462, 0.418882, 0.443149, 0.467065, 0.490427, 0.513030, 0.534663, 0.555120, 0.574201, 0.591712, 0.607471, 0.621314, 0.633090, 0.642671, 0.649952, 0.654852, 0.657316, 0.657316, 0.654852, 0.649952, 0.642672, 0.633090, 0.621315, 0.607472, 0.591713, 0.574203, 0.555122, 0.534664, 0.513031, 0.490429, 0.467066, 0.443150, 0.418884, 0.394464, 0.370076, 0.345896, 0.322086, 0.298793, 0.276147, 0.254262, 0.233237, 0.213152, 0.194069, 0.176036, 0.159085, 0.143233, 0.128484, 0.114831, 0.102254, 0.090727, 0.080214, 0.070675, 0.062064, 0.054332, 0.047427, 0.041298, 0.035893, 0.031162, 0.027057, 0.023531, 0.020543, 0.018055, 0.016034, 0.014452, 0.013286, 0.012518, 0.012137
0.011052, 0.011399, 0.012098, 0.013160, 0.014600, 0.016441, 0.018706, 0.021427, 0.024637, 0.028376, 0.032684, 0.037605, 0.043186, 0.049474, 0.056514, 0.064356, 0.073042, 0.082614, 0.093110, 0.104562, 0.116995, 0.130425, 0.144859, 0.160294, 0.176714, 0.194091, 0.212380, 0.231524, 0.251451, 0.272073, 0.293283, 0.314964, 0.336982, 0.359189, 0.381425, 0.403521, 0.425298, 0.446572, 0.467153, 0.486851, 0.505479, 0.522854, 0.538799, 0.553149, 0.565753, 0.576476, 0.585200, 0.591830, 0.596292, 0.598536, 0.598536, 0.596292, 0.591831, 0.585201, 0.576477, 0.565754, 0.553150, 0.538800, 0.522855, 0.505481, 0.486852, 0.467154, 0.446573, 0.425300, 0.403522, 0.381426, 0.359190, 0.336983, 0.314966, 0.293285, 0.272074, 0.251453, 0.231525, 0.212381, 0.194092, 0.176715, 0.160295, 0.144860, 0.130426, 0.116996, 0.104563, 0.093111, 0.082615, 0.073042, 0.064356, 0.056515, 0.049474, 0.043187, 0.037606, 0.032684, 0.028376, 0.024637, 0.021427, 0.018706, 0.016441, 0.014601, 0.013160, 0.012098, 0.011399, 0.011052
0.010020, 0.010334, 0.010968, 0.011930, 0.013236, 0.014904, 0.016958, 0.019424, 0.022335, 0.025724, 0.029630, 0.034091, 0.039150, 0.044850, 0.051233, 0.058341, 0.066215, 0.074893, 0.084409, 0.094790, 0.106061, 0.118236, 0.131321, 0.145313, 0.160198, 0.175950, 0.192530, 0.209885, 0.227950, 0.246643, 0.265871, 0.285526, 0.305486, 0.325617, 0.345775, 0.365806, 0.385548, 0.404833, 0.423490, 0.441347, 0.458234, 0.473984, 0.488439, 0.501448, 0.512874, 0.522595, 0.530504, 0.536514, 0.540559, 0.542592, 0.542592, 0.540559, 0.536514, 0.530504, 0.522595, 0.512875, 0.501449, 0.488440, 0.473985, 0.458235, 0.441348, 0.423491, 0.404834, 0.385549, 0.365807, 0.345776, 0.325618, 0.305487, 0.285528, 0.265872, 0.246644, 0.227951, 0.209886, 0.192531, 0.175951, 0.160199, 0.145314, 0.131322, 0.118236, 0.106062, 0.094791, 0.084409, 0.074894, 0.066216, 0.058342, 0.051233, 0.044850, 0.039151, 0.034091, 0.029630, 0.025724, 0.022335, 0.019424, 0.016958, 0.014904, 0.013236, 0.011930, 0.010968, 0.010334, 0.010020
0.009043, 0.009327, 0.009899, 0.010767, 0.011946, 0.013451, 0.015305, 0.017531, 0.020158, 0.023217, 0.026741, 0.030768, 0.035334, 0.040478, 0.046239, 0.052654, 0.059761, 0.067592, 0.076180, 0.085550, 0.095722, 0.106709, 0.118519, 0.131147, 0.144581, 0.158797, 0.173761, 0.189424, 0.205727, 0.222598, 0.239951, 0.257689, 0.275703, 0.293872, 0.312065, 0.330143, 0.347960, 0.365364, 0.382203, 0.398319, 0.413559, 0.427774, 0.440819, 0.452560, 0.462872, 0.471645, 0.478783, 0.484207, 0.487857, 0.489693, 0.489693, 0.487858, 0.484207, 0.478783, 0.471646, 0.462873, 0.452561, 0.440820, 0.427775, 0.413560, 0.398320, 0.382204, 0.365366, 0.347961, 0.330144, 0.312066, 0.293873, 0.275704, 0.257690, 0.239952, 0.222599, 0.205728, 0.189425, 0.173761, 0.158798, 0.144582, 0.131148, 0.118520, 0.106710, 0.095722, 0.085550, 0.076181, 0.067593, 0.059761, 0.052654, 0.046239, 0.040478, 0.035334, 0.030768, 0.026742, 0.023217, 0.020158, 0.017531, 0.015305, 0.013452, 0.011946, 0.010767, 0.009899, 0.009327, 0.009043
0.008125, 0.008380, 0.008894, 0.009675, 0.010734, 0.012086, 0.013752, 0.015752, 0.018112, 0.020860, 0.024027, 0.027645, 0.031748, 0.036370, 0.041546, 0.047310, 0.053695, 0.060732, 0.068448, 0.076867, 0.086006, 0.095879, 0.106490, 0.117836, 0.129906, 0.142680, 0.156124, 0.170197, 0.184845, 0.200004, 0.215595, 0.231533, 0.247718, 0.264043, 0.280389, 0.296632, 0.312641, 0.328279, 0.343408, 0.357888, 0.371582, 0.384354, 0.396075, 0.406624, 0.415889, 0.423771, 0.430185, 0.435058, 0.438338, 0.439987, 0.439987, 0.438338, 0.435058, 0.430185, 0.423772, 0.415889, 0.406624, 0.396075, 0.384354, 0.371583, 0.357889, 0.343409, 0.328280, 0.312642, 0.296633, 0.280390, 0.264044, 0.247719, 0.231534, 0.215596, 0.200005, 0.184846, 0.170198, 0.156125, 0.142680, 0.129907, 0.117837, 0.106490, 0.095879, 0.086007, 0.076867, 0.068449, 0.060733, 0.053696, 0.047310, 0.041546, 0.036370, 0.031748, 0.027646, 0.024028, 0.020861, 0.018112, 0.015752, 0.013752, 0.012086, 0.010734, 0.009675, 0.008894, 0.008380, 0.008125
0.007268, 0.007496, 0.007956, 0.008654, 0.009601, 0.010811, 0.012301, 0.014090, 0.016202, 0.018660, 0.021493, 0.024729, 0.028399, 0.032533, 0.037163, 0.042319, 0.048031, 0.054326, 0.061228, 0.068758, 0.076934, 0.085765, 0.095256, 0.105405, 0.116202, 0.127628, 0.139654, 0.152242, 0.165345, 0.178904, 0.192851, 0.207107, 0.221585, 0.236187, 0.250808, 0.265338, 0.279658, 0.293647, 0.307179, 0.320132, 0.332381, 0.343805, 0.354290, 0.363726, 0.372014, 0.379064, 0.384801, 0.389161, 0.392094, 0.393570, 0.393570, 0.392094, 0.389161, 0.384801, 0.379065, 0.372014, 0.363726, 0.354290, 0.343806, 0.332382, 0.320133, 0.307180, 0.293647, 0.279659, 0.265339, 0.250809, 0.236188, 0.221586, 0.207108, 0.192852, 0.178905, 0.165346, 0.152243, 0.139655, 0.127629, 0.116203, 0.105406, 0.095257, 0.085765, 0.076934, 0.068759, 0.061228, 0.054326, 0.048031, 0.042320, 0.037164, 0.032534, 0.028399, 0.024729, 0.021493, 0.018660, 0.016202, 0.014090, 0.012301, 0.010812, 0.009602, 0.008654, 0.007956, 0.007496, 0.007268
0.006473, 0.006676, 0.007085, 0.007707, 0.008551, 0.009628, 0.010955, 0.012548, 0.014428, 0.016618, 0.019140, 0.022022, 0.025290, 0.028972, 0.033095, 0.037687, 0.042773, 0.048379, 0.054525, 0.061232, 0.068512, 0.076376, 0.084829, 0.093867, 0.103482, 0.113657, 0.124366, 0.135576, 0.147245, 0.159320, 0.171740, 0.184435, 0.197327, 0.210331, 0.223352, 0.236290, 0.249042, 0.261499, 0.273551, 0.285086, 0.295994, 0.306168, 0.315504, 0.323907, 0.331288, 0.337566, 0.342675, 0.346557, 0.349170, 0.350484, 0.350484, 0.349170, 0.346557, 0.342675, 0.337567, 0.331288, 0.323908, 0.315505, 0.306168, 0.295995, 0.285087, 0.273552, 0.261500, 0.249043, 0.236291, 0.223352, 0.210331, 0.197328, 0.184436, 0.171740, 0.159320, 0.147246, 0.135577, 0.124367, 0.113657, 0.103483, 0.093867, 0.084829, 0.076377, 0.068512, 0.061232, 0.054526, 0.048379, 0.042774, 0.037687, 0.033096, 0.028972, 0.025291, 0.022023, 0.019141, 0.016618, 0.014428, 0.012548, 0.010955, 0.009628, 0.008551, 0.007707, 0.007085, 0.006676, 0.006473
0.005739, 0.005919, 0.006282, 0.006833, 0.007581, 0.008536, 0.009712, 0.011125, 0.012792, 0.014733, 0.016969, 0.019525, 0.022422, 0.025686, 0.029342, 0.033413, 0.037922, 0.042892, 0.048341, 0.054286, 0.060741, 0.067713, 0.075207, 0.083220, 0.091744, 0.100765, 0.110260, 0.120198, 0.130543, 0.141248, 0.152259, 0.163514, 0.174945, 0.186473, 0.198017, 0.209487, 0.220793, 0.231837, 0.242521, 0.252747, 0.262418, 0.271438, 0.279716, 0.287165, 0.293708, 0.299275, 0.303804, 0.307246, 0.309562, 0.310727, 0.310727, 0.309562, 0.307246, 0.303804, 0.299275, 0.293709, 0.287166, 0.279716, 0.271438, 0.262418, 0.252748, 0.242522, 0.231837, 0.220793, 0.209488, 0.198017, 0.186473, 0.174945, 0.163515, 0.152260, 0.141249, 0.130544, 0.120199, 0.110260, 0.100766, 0.091745, 0.083220, 0.075207, 0.067714, 0.060741, 0.054287, 0.048341, 0.042892, 0.037922, 0.033413, 0.029342, 0.025686, 0.022422, 0.019525, 0.016970, 0.014733, 0.012792, 0.011125, 0.009712, 0.008536, 0.007581, 0.006833, 0.006282, 0.005919, 0.005739
0.005065, 0.005224, 0.005544, 0.006031, 0.006691, 0.007534, 0.008572, 0.009819, 0.011291, 0.013004, 0.014978, 0.017233, 0.019791, 0.022672, 0.025898, 0.029491, 0.033471, 0.037858, 0.042668, 0.047915, 0.053612, 0.059766, 0.066380, 0.073453, 0.080977, 0.088939, 0.097319, 0.106091, 0.115222, 0.124670, 0.134389, 0.144323, 0.154411, 0.164586, 0.174775, 0.184900, 0.194878, 0.204626, 0.214056, 0.223082, 0.231617, 0.239578, 0.246884, 0.253459, 0.259234, 0.264147, 0.268145, 0.271182, 0.273227, 0.274255, 0.274255, 0.273227, 0.271183, 0.268145, 0.264147, 0.259234, 0.253459, 0.246884, 0.239578, 0.231617, 0.223082, 0.214056, 0.204626, 0.194879, 0.184900, 0.174776, 0.164587, 0.154412, 0.144323, 0.134389, 0.124671, 0.115222, 0.106091, 0.097319, 0.088939, 0.080977, 0.073453, 0.066380, 0.059766, 0.053612, 0.047916, 0.042668, 0.037858, 0.033472, 0.029491, 0.025898, 0.022672, 0.019791, 0.017233, 0.014978, 0.013004, 0.011291, 0.009819, 0.008573, 0.007534, 0.006691, 0.006031, 0.005544, 0.005224, 0.005065
0.004451, 0.004591, 0.004872, 0.005300, 0.005880, 0.006621, 0.007533, 0.008628, 0.009921, 0.011427, 0.013161, 0.015143, 0.017390, 0.019922, 0.022757, 0.025914, 0.029412, 0.033266, 0.037493, 0.042104, 0.047110, 0.052517, 0.058329, 0.064544, 0.071155, 0.078152, 0.085515, 0.093224, 0.101247, 0.109549, 0.118089, 0.126818, 0.135683, 0.144624, 0.153577, 0.162474, 0.171242, 0.179807, 0.188093, 0.196024, 0.203524, 0.210519, 0.216939, 0.222717, 0.227791, 0.232109, 0.235621, 0.238291, 0.240087, 0.240990, 0.240990, 0.240087, 0.238291, 0.235621, 0.232109, 0.227792, 0.222717, 0.216939, 0.210520, 0.203524, 0.196025, 0.188093, 0.179807, 0.171242, 0.162474, 0.153578, 0.144625, 0.135684, 0.126819, 0.118090, 0.109550, 0.101247, 0.093224, 0.085516, 0.078152, 0.071156, 0.064544, 0.058330, 0.052518, 0.047110, 0.042104, 0.037493, 0.033267, 0.029412, 0.025915, 0.022757, 0.019922, 0.017391, 0.015143, 0.013162, 0.011427, 0.009921, 0.008629, 0.007533, 0.006621, 0.005880, 0.005300, 0.004872, 0.004591, 0.004451
0.003894, 0.004016, 0.004262, 0.004636, 0.005144, 0.005792, 0.006590, 0.007548, 0.008679, 0.009996, 0.011514, 0.013248, 0.015214, 0.017428, 0.019909, 0.022671, 0.025730, 0.029102, 0.032800, 0.036833, 0.041213, 0.045943, 0.051028, 0.056465, 0.062248, 0.068369, 0.074811, 0.081554, 0.088573, 0.095836, 0.103307, 0.110943, 0.118698, 0.126520, 0.134352, 0.142135, 0.149805, 0.157298, 0.164547, 0.171485, 0.178046, 0.184166, 0.189782, 0.194836, 0.199276, 0.203052, 0.206125, 0.208461, 0.210032, 0.210822, 0.210822, 0.210032, 0.208461, 0.206125, 0.203053, 0.199276, 0.194836, 0.189782, 0.184166, 0.178047, 0.171485, 0.164547, 0.157298, 0.149806, 0.142135, 0.134352, 0.126520, 0.118699, 0.110944, 0.103307, 0.095836, 0.088573, 0.081554, 0.074811, 0.068369, 0.062249, 0.056465, 0.051028, 0.045944, 0.041213, 0.036834, 0.032800, 0.029102, 0.025731, 0.022671, 0.019909, 0.017428, 0.015214, 0.013248, 0.011514, 0.009997, 0.008680, 0.007549, 0.006590, 0.005792, 0.005144, 0.004636, 0.004262, 0.004016, 0.003894
0.003391, 0.003498, 0.003712, 0.004038, 0.004480, 0.005045, 0.005740, 0.006574, 0.007559, 0.008707, 0.010028, 0.011538, 0.013250, 0.015179, 0.017340, 0.019745, 0.022410, 0.025347, 0.028567, 0.032080, 0.035895, 0.040015, 0.044443, 0.049178, 0.054216, 0.059546, 0.065157, 0.071030, 0.077143, 0.083469, 0.089975, 0.096626, 0.103381, 0.110193, 0.117014, 0.123793, 0.130473, 0.136999, 0.143312, 0.149355, 0.155070, 0.160399, 0.165291, 0.169693, 0.173559, 0.176849, 0.179525, 0.181559, 0.182928, 0.183616, 0.183616, 0.182928, 0.181559, 0.179525, 0.176849, 0.173560, 0.169693, 0.165291, 0.160400, 0.155070, 0.149356, 0.143313, 0.136999, 0.130474, 0.123793, 0.117015, 0.110193, 0.103381, 0.096627, 0.089976, 0.083469, 0.077143, 0.071030, 0.065157, 0.059546, 0.054216, 0.049179, 0.044443, 0.040015, 0.035895, 0.032081, 0.028567, 0.025347, 0.022410, 0.019745, 0.017340, 0.015180, 0.013251, 0.011538, 0.010028, 0.008707, 0.007560, 0.006574, 0.005740, 0.005045, 0.004480, 0.004038, 0.003712, 0.003498, 0.003391
0.002941, 0.003033, 0.003219, 0.003502, 0.003885, 0.004374, 0.004977, 0.005701, 0.006555, 0.007550, 0.008696, 0.010005, 0.011490, 0.013163, 0.015036, 0.017122, 0.019433, 0.021979, 0.024771, 0.027818, 0.031125, 0.034698, 0.038538, 0.042644, 0.047012, 0.051634, 0.056499, 0.061592, 0.066893, 0.072378, 0.078020, 0.083787, 0.089644, 0.095551, 0.101466, 0.107344, 0.113137, 0.118795, 0.124270, 0.129510, 0.134465, 0.139086, 0.143328, 0.147145, 0.150497, 0.153350, 0.155671, 0.157434, 0.158621, 0.159218, 0.159218, 0.158621, 0.157434, 0.155671, 0.153350, 0.150498, 0.147145, 0.143328, 0.139087, 0.134465, 0.129510, 0.124270, 0.118796, 0.113137, 0.107344, 0.101466, 0.095551, 0.089644, 0.083788, 0.078020, 0.072378, 0.066893, 0.061592, 0.056500, 0.051634, 0.047012, 0.042644, 0.038538, 0.034698, 0.031126, 0.027818, 0.024772, 0.021979, 0.019433, 0.017122, 0.015036, 0.013163, 0.011490, 0.010005, 0.008696, 0.007550, 0.006555, 0.005701, 0.004977, 0.004374, 0.003885, 0.003502, 0.003219, 0.003033, 0.002941
0.002539, 0.002619, 0.002779, 0.003023, 0.003354, 0.003777, 0.004297, 0.004922, 0.005659, 0.006518, 0.007508, 0.008638, 0.009920, 0.011364, 0.012981, 0.014782, 0.016777, 0.018976, 0.021386, 0.024017, 0.026872, 0.029957, 0.033272, 0.036817, 0.040588, 0.044578, 0.048779, 0.053175, 0.057752, 0.062487, 0.067358, 0.072337, 0.077394, 0.082494, 0.087600, 0.092675, 0.097676, 0.102561, 0.107288, 0.111812, 0.116090, 0.120080, 0.123741, 0.127037, 0.129931, 0.132394, 0.134397, 0.135920, 0.136945, 0.137460, 0.137460, 0.136945, 0.135920, 0.134397, 0.132394, 0.129931, 0.127037, 0.123741, 0.120080, 0.116090, 0.111812, 0.107288, 0.102562, 0.097676, 0.092675, 0.087601, 0.082494, 0.077394, 0.072338, 0.067359, 0.062488, 0.057752, 0.053176, 0.048779, 0.044579, 0.040588, 0.036817, 0.033272, 0.029957, 0.026872, 0.024017, 0.021387, 0.018976, 0.016777, 0.014782, 0.012981, 0.011364, 0.009920, 0.008638, 0.007508, 0.006518, 0.005659, 0.004922, 0.004297, 0.003777, 0.003354, 0.003023, 0.002779, 0.002619, 0.002539
0.002183, 0.002251, 0.002389, 0.002599, 0.002883, 0.003247, 0.003694, 0.004231, 0.004865, 0.005603, 0.006454, 0.007426, 0.008528, 0.009769, 0.011159, 0.012707, 0.014422, 0.016312, 0.018385, 0.020646, 0.023100, 0.025752, 0.028602, 0.031649, 0.034891, 0.038321, 0.041932, 0.045711, 0.049645, 0.053716, 0.057904, 0.062184, 0.066530, 0.070914, 0.075304, 0.079666, 0.083966, 0.088165, 0.092228, 0.096117, 0.099794, 0.103224, 0.106372, 0.109205, 0.111693, 0.113810, 0.115532, 0.116841, 0.117722, 0.118165, 0.118165, 0.117722, 0.116841, 0.115532, 0.113810, 0.111693, 0.109205, 0.106372, 0.103225, 0.099795, 0.096117, 0.092229, 0.088166, 0.083966, 0.079667, 0.075305, 0.070915, 0.066531, 0.062184, 0.057904, 0.053717, 0.049646, 0.045712, 0.041932, 0.038321, 0.034891, 0.031649, 0.028602, 0.025752, 0.023100, 0.020646, 0.018385, 0.016312, 0.014422, 0.012707, 0.011159, 0.009769, 0.008528, 0.007426, 0.006454, 0.005603, 0.004865, 0.004231, 0.003694, 0.003247, 0.002883, 0.002599, 0.002389, 0.002251, 0.002183
0.001868, 0.001927, 0.002045, 0.002225, 0.002468, 0.002779, 0.003162, 0.003622, 0.004165, 0.004797, 0.005525, 0.006357, 0.007300, 0.008362, 0.009553, 0.010878, 0.012346, 0.013964, 0.015738, 0.017673, 0.019774, 0.022044, 0.024484, 0.027092, 0.029867, 0.032804, 0.035894, 0.039130, 0.042497, 0.045982, 0.049567, 0.053230, 0.056951, 0.060704, 0.064462, 0.068196, 0.071876, 0.075471, 0.078949, 0.082278, 0.085426, 0.088362, 0.091056, 0.093481, 0.095611, 0.097423, 0.098897, 0.100018, 0.100772, 0.101151, 0.101151, 0.100772, 0.100018, 0.098898, 0.097423, 0.095611, 0.093481, 0.091056, 0.088362, 0.085426, 0.082278, 0.078949, 0.075471, 0.071876, 0.068196, 0.064462, 0.060704, 0.056951, 0.053231, 0.049567, 0.045982, 0.042498, 0.039130, 0.035895, 0.032804, 0.029867, 0.027092, 0.024484, 0.022044, 0.019774, 0.017673, 0.015738, 0.013964, 0.012346, 0.010878, 0.009553, 0.008363, 0.007300, 0.006357, 0.005525, 0.004797, 0.004165, 0.003622, 0.003162, 0.002779, 0.002468, 0.002225, 0.002045, 0.001927, 0.001868
0.001593, 0.001643, 0.001744, 0.001897, 0.002104, 0.002369, 0.002696, 0.003088, 0.003551, 0.004089, 0.004710, 0.005419, 0.006223, 0.007129, 0.008144, 0.009274, 0.010525, 0.011905, 0.013417, 0.015067, 0.016858, 0.018793, 0.020873, 0.023097, 0.025463, 0.027966, 0.030601, 0.033360, 0.036231, 0.039202, 0.042257, 0.045381, 0.048553, 0.051752, 0.054956, 0.058139, 0.061277, 0.064342, 0.067307, 0.070145, 0.072829, 0.075332, 0.077629, 0.079696, 0.081512, 0.083057, 0.084314, 0.085269, 0.085912, 0.086235, 0.086235, 0.085912, 0.085269, 0.084314, 0.083057, 0.081512, 0.079696, 0.077629, 0.075332, 0.072829, 0.070145, 0.067307, 0.064342, 0.061277, 0.058140, 0.054956, 0.051753, 0.048553, 0.045381, 0.042258, 0.039202, 0.036231, 0.033360, 0.030602, 0.027967, 0.025463, 0.023097, 0.020873, 0.018794, 0.016859, 0.015067, 0.013417, 0.011905, 0.010525, 0.009274, 0.008144, 0.007129, 0.006223, 0.005419, 0.004710, 0.004089, 0.003551, 0.003088, 0.002696, 0.002369, 0.002104, 0.001897, 0.001744, 0.001643, 0.001593
0.001353, 0.001395, 0.001481, 0.001611, 0.001787, 0.002012, 0.002289, 0.002622, 0.003015, 0.003473, 0.004000, 0.004602, 0.005285, 0.006055, 0.006916, 0.007876, 0.008939, 0.010110, 0.011395, 0.012796, 0.014317, 0.015961, 0.017727, 0.019616, 0.021625, 0.023751, 0.025989, 0.028331, 0.030769, 0.033293, 0.035888, 0.038540, 0.041234, 0.043951, 0.046672, 0.049376, 0.052040, 0.054643, 0.057161, 0.059571, 0.061851, 0.063976, 0.065927, 0.067683, 0.069225, 0.070537, 0.071604, 0.072416, 0.072962, 0.073236, 0.073236, 0.072962, 0.072416, 0.071605, 0.070537, 0.069225, 0.067683, 0.065927, 0.063976, 0.061851, 0.059571, 0.057161, 0.054643, 0.052040, 0.049376, 0.046672, 0.043952, 0.041235, 0.038541, 0.035888, 0.033293, 0.030770, 0.028331, 0.025989, 0.023751, 0.021625, 0.019616, 0.017727, 0.015961, 0.014317, 0.012796, 0.011395, 0.010110, 0.008939, 0.007876, 0.006916, 0.006055, 0.005285, 0.004602, 0.004000, 0.003473, 0.003015, 0.002622, 0.002290, 0.002012, 0.001787, 0.001611, 0.001481, 0.001395, 0.001353
0.001145, 0.001181, 0.001253, 0.001363, 0.001512, 0.001703, 0.001938, 0.002219, 0.002552, 0.002939, 0.003385, 0.003895, 0.004473, 0.005124, 0.005853, 0.006665, 0.007565, 0.008556, 0.009643, 0.010829, 0.012117, 0.013507, 0.015002, 0.016601, 0.018301, 0.020100, 0.021994, 0.023977, 0.026040, 0.028175, 0.030372, 0.032617, 0.034896, 0.037196, 0.039498, 0.041786, 0.044041, 0.046244, 0.048375, 0.050415, 0.052344, 0.054143, 0.055794, 0.057280, 0.058585, 0.059695, 0.060598, 0.061285, 0.061747, 0.061979, 0.061979, 0.061747, 0.061285, 0.060598, 0.059695, 0.058585, 0.057280, 0.055794, 0.054143, 0.052344, 0.050415, 0.048375, 0.046244, 0.044041, 0.041787, 0.039499, 0.037196, 0.034897, 0.032617, 0.030372, 0.028175, 0.026040, 0.023977, 0.021994, 0.020100, 0.018301, 0.016601, 0.015002, 0.013508, 0.012117, 0.010829, 0.009643, 0.008556, 0.007565, 0.006665, 0.005853, 0.005124, 0.004473, 0.003895, 0.003385, 0.002939, 0.002552, 0.002219, 0.001938, 0.001703, 0.001512, 0.001363, 0.001253, 0.001181, 0.001145
0.000966, 0.000996, 0.001057, 0.001150, 0.001276, 0.001437, 0.001635, 0.001873, 0.002153, 0.002480, 0.002856, 0.003287, 0.003774, 0.004324, 0.004939, 0.005624, 0.006383, 0.007220, 0.008137, 0.009138, 0.010224, 0.011397, 0.012659, 0.014007, 0.015442, 0.016960, 0.018558, 0.020231, 0.021972, 0.023774, 0.025627, 0.027521, 0.029445, 0.031385, 0.033328, 0.035259, 0.037162, 0.039020, 0.040818, 0.042539, 0.044167, 0.045685, 0.047078, 0.048332, 0.049433, 0.050370, 0.051132, 0.051711, 0.052101, 0.052297, 0.052297, 0.052101, 0.051711, 0.051132, 0.050370, 0.049433, 0.048332, 0.047078, 0.045685, 0.044167, 0.042540, 0.040818, 0.039020, 0.037162, 0.035259, 0.033328, 0.031386, 0.029445, 0.027522, 0.025627, 0.023774, 0.021972, 0.020231, 0.018558, 0.016960, 0.015442, 0.014007, 0.012659, 0.011398, 0.010224, 0.009138, 0.008137, 0.007220, 0.006383, 0.005624, 0.004939, 0.004324, 0.003774, 0.003287, 0.002857, 0.002480, 0.002153, 0.001873, 0.001635, 0.001437, 0.001276, 0.001150, 0.001057, 0.000996, 0.000966
0.000813, 0.000839, 0.000890, 0.000968, 0.001074, 0.001210, 0.001377, 0.001577, 0.001813, 0.002088, 0.002405, 0.002767, 0.003178, 0.003640, 0.004158, 0.004735, 0.005374, 0.006079, 0.006851, 0.007694, 0.008608, 0.009596, 0.010658, 0.011794, 0.013002, 0.014280, 0.015626, 0.017034, 0.018500, 0.020017, 0.021577, 0.023172, 0.024792, 0.026426, 0.028062, 0.029687, 0.031289, 0.032854, 0.034368, 0.035817, 0.037187, 0.038466, 0.039639, 0.040694, 0.041621, 0.042410, 0.043052, 0.043540, 0.043868, 0.044033, 0.044033, 0.043868, 0.043540, 0.043052, 0.042410, 0.041621, 0.040694, 0.039639, 0.038466, 0.037188, 0.035817, 0.034368, 0.032854, 0.031289, 0.029687, 0.028062, 0.026426, 0.024792, 0.023172, 0.021578, 0.020017, 0.018500, 0.017034, 0.015626, 0.014280, 0.013002, 0.011794, 0.010658, 0.009596, 0.008608, 0.007694, 0.006851, 0.006079, 0.005375, 0.004735, 0.004159, 0.003640, 0.003178, 0.002767, 0.002405, 0.002088, 0.001813, 0.001577, 0.001377, 0.001210, 0.001074, 0.000968, 0.000890, 0.000839, 0.000813
0.000684, 0.000706, 0.000749, 0.000815, 0.000904, 0.001018, 0.001158, 0.001326, 0.001525, 0.001757, 0.002023, 0.002328, 0.002673, 0.003062, 0.003498, 0.003983, 0.004521, 0.005113, 0.005763, 0.006472, 0.007241, 0.008073, 0.008966, 0.009921, 0.010937, 0.012013, 0.013144, 0.014329, 0.015562, 0.016839, 0.018151, 0.019493, 0.020855, 0.022230, 0.023606, 0.024973, 0.026321, 0.027637, 0.028911, 0.030130, 0.031283, 0.032358, 0.033344, 0.034232, 0.035012, 0.035676, 0.036216, 0.036626, 0.036902, 0.037041, 0.037041, 0.036902, 0.036626, 0.036216, 0.035676, 0.035012, 0.034233, 0.033344, 0.032358, 0.031283, 0.030130, 0.028911, 0.027637, 0.026321, 0.024973, 0.023606, 0.022230, 0.020855, 0.019493, 0.018151, 0.016839, 0.015563, 0.014329, 0.013145, 0.012013, 0.010937, 0.009921, 0.008966, 0.008073, 0.007241, 0.006472, 0.005763, 0.005114, 0.004521, 0.003983, 0.003498, 0.003062, 0.002673, 0.002328, 0.002023, 0.001757, 0.001525, 0.001326, 0.001158, 0.001018, 0.000904, 0.000815, 0.000749, 0.000706, 0.000684
0.000576, 0.000594, 0.000631, 0.000686, 0.000761, 0.000857, 0.000975, 0.001117, 0.001284, 0.001479, 0.001703, 0.001960, 0.002251, 0.002578, 0.002945, 0.003354, 0.003807, 0.004306, 0.004853, 0.005449, 0.006097, 0.006797, 0.007549, 0.008354, 0.009209, 0.010115, 0.011068, 0.012065, 0.013104, 0.014178, 0.015283, 0.016413, 0.017560, 0.018718, 0.019876, 0.021028, 0.022162, 0.023271, 0.024343, 0.025370, 0.026340, 0.027246, 0.028076, 0.028824, 0.029481, 0.030040, 0.030494, 0.030840, 0.031072, 0.031189, 0.031189, 0.031072, 0.030840, 0.030494, 0.030040, 0.029481, 0.028824, 0.028077, 0.027246, 0.026340, 0.025370, 0.024343, 0.023271, 0.022162, 0.021028, 0.019876, 0.018718, 0.017561, 0.016413, 0.015284, 0.014178, 0.013104, 0.012065, 0.011068, 0.010115, 0.009209, 0.008354, 0.007549, 0.006797, 0.006097, 0.005449, 0.004853, 0.004306, 0.003807, 0.003354, 0.002945, 0.002579, 0.002251, 0.001960, 0.001704, 0.001479, 0.001284, 0.001117, 0.000975, 0.000857, 0.000761, 0.000686, 0.000631, 0.000594, 0.000576
0.000487, 0.000502, 0.000533, 0.000580, 0.000643, 0.000724, 0.000824, 0.000944, 0.001085, 0.001250, 0.001440, 0.001656, 0.001902, 0.002179, 0.002489, 0.002835, 0.003217, 0.003639, 0.004101, 0.004605, 0.005153, 0.005744, 0.006380, 0.007060, 0.007783, 0.008548, 0.009353, 0.010197, 0.011074, 0.011982, 0.012916, 0.013871, 0.014841, 0.015819, 0.016798, 0.017771, 0.018730, 0.019667, 0.020573, 0.021440, 0.022261, 0.023026, 0.023728, 0.024360, 0.024915, 0.025387, 0.025771, 0.026063, 0.026260, 0.026359, 0.026359, 0.026260, 0.026063, 0.025771, 0.025387, 0.024915, 0.024360, 0.023728, 0.023026, 0.022261, 0.021440, 0.020573, 0.019667, 0.018730, 0.017771, 0.016798, 0.015819, 0.014841, 0.013871, 0.012916, 0.011982, 0.011074, 0.010197, 0.009354, 0.008548, 0.007783, 0.007060, 0.006380, 0.005744, 0.005153, 0.004605, 0.004101, 0.003639, 0.003217, 0.002835, 0.002489, 0.002179, 0.001902, 0.001656, 0.001440, 0.001250, 0.001085, 0.000944, 0.000824, 0.000724, 0.000643, 0.000580, 0.000533, 0.000502, 0.000487
0.000415, 0.000428, 0.000454, 0.000494, 0.000548, 0.000617, 0.000702, 0.000804, 0.000924, 0.001064, 0.001226, 0.001410, 0.001620, 0.001855, 0.002120, 0.002414, 0.002739, 0.003098, 0.003492, 0.003921, 0.004388, 0.004891, 0.005433, 0.006012, 0.006627, 0.007279, 0.007965, 0.008683, 0.009430, 0.010203, 0.010999, 0.011812, 0.012637, 0.013470, 0.014304, 0.015133, 0.015949, 0.016747, 0.017519, 0.018257, 0.018956, 0.019607, 0.020205, 0.020744, 0.021216, 0.021618, 0.021945, 0.022194, 0.022361, 0.022446, 0.022446, 0.022361, 0.022194, 0.021945, 0.021618, 0.021216, 0.020744, 0.020205, 0.019608, 0.018956, 0.018257, 0.017519, 0.016747, 0.015949, 0.015133, 0.014304, 0.013470, 0.012637, 0.011812, 0.010999, 0.010203, 0.009430, 0.008683, 0.007965, 0.007279, 0.006627, 0.006012, 0.005433, 0.004891, 0.004388, 0.003921, 0.003492, 0.003098, 0.002739, 0.002414, 0.002120, 0.001855, 0.001620, 0.001410, 0.001226, 0.001064, 0.000924, 0.000804, 0.000702, 0.000617, 0.000548, 0.000494, 0.000454, 0.000428, 0.000415
0.000358, 0.000369, 0.000391, 0.000426, 0.000472, 0.000532, 0.000605, 0.000693, 0.000797, 0.000918, 0.001057, 0.001216, 0.001397, 0.001600, 0.001828, 0.002082, 0.002363, 0.002672, 0.003012, 0.003382, 0.003785, 0.004219, 0.004686, 0.005185, 0.005716, 0.006278, 0.006870, 0.007489, 0.008134, 0.008801, 0.009487, 0.010188, 0.010901, 0.011619, 0.012338, 0.013053, 0.013757, 0.014446, 0.015111, 0.015749, 0.016351, 0.016913, 0.017429, 0.017893, 0.018301, 0.018648, 0.018930, 0.019144, 0.019289, 0.019361, 0.019361, 0.019289, 0.019144, 0.018930, 0.018648, 0.018301, 0.017893, 0.017429, 0.016913, 0.016351, 0.015749, 0.015111, 0.014446, 0.013757, 0.013053, 0.012338, 0.011619, 0.010901, 0.010188, 0.009487, 0.008801, 0.008134, 0.007489, 0.006870, 0.006279, 0.005716, 0.005185, 0.004686, 0.004219, 0.003785, 0.003382, 0.003012, 0.002672, 0.002363, 0.002082, 0.001828, 0.001600, 0.001397, 0.001216, 0.001057, 0.000918, 0.000797, 0.000693, 0.000605, 0.000532, 0.000472, 0.000426, 0.000391, 0.000369, 0.000358
0.000314, 0.000324, 0.000344, 0.000374, 0.000415, 0.000468, 0.000532, 0.000610, 0.000701, 0.000807, 0.000930, 0.001070, 0.001229, 0.001408, 0.001608, 0.001831, 0.002078, 0.002351, 0.002649, 0.002975, 0.003329, 0.003711, 0.004122, 0.004561, 0.005029, 0.005523, 0.006043, 0.006588, 0.007155, 0.007742, 0.008346, 0.008963, 0.009589, 0.010221, 0.010854, 0.011483, 0.012102, 0.012708, 0.013293, 0.013854, 0.014384, 0.014879, 0.015332, 0.015741, 0.016099, 0.016405, 0.016653, 0.016841, 0.016968, 0.017032, 0.017032, 0.016968, 0.016841, 0.016653, 0.016405, 0.016099, 0.015741, 0.015332, 0.014879, 0.014384, 0.013854, 0.013293, 0.012708, 0.012102, 0.011483, 0.010854, 0.010221, 0.009589, 0.008963, 0.008346, 0.007742, 0.007155, 0.006588, 0.006043, 0.005523, 0.005029, 0.004561, 0.004122, 0.003711, 0.003329, 0.002975, 0.002649, 0.002351, 0.002078, 0.001831, 0.001608, 0.001408, 0.001229, 0.001070, 0.000930, 0.000807, 0.000701, 0.000610, 0.000532, 0.000468, 0.000415, 0.000374, 0.000344, 0.000324, 0.000314
0.000284, 0.000293, 0.000311, 0.000338, 0.000376, 0.000423, 0.000481, 0.000551, 0.000634, 0.000730, 0.000841, 0.000967, 0.001111, 0.001273, 0.001454, 0.001656, 0.001879, 0.002125, 0.002395, 0.002690, 0.003010, 0.003355, 0.003727, 0.004124, 0.004547, 0.004994, 0.005464, 0.005957, 0.006470, 0.007000, 0.007546, 0.008104, 0.008670, 0.009242, 0.009814, 0.010382, 0.010943, 0.011490, 0.012020, 0.012527, 0.013006, 0.013453, 0.013863, 0.014233, 0.014557, 0.014833, 0.015058, 0.015228, 0.015343, 0.015401, 0.015401, 0.015343, 0.015228, 0.015058, 0.014833, 0.014557, 0.014233, 0.013864, 0.013453, 0.013006, 0.012527, 0.012020, 0.011490, 0.010943, 0.010383, 0.009814, 0.009242, 0.008670, 0.008104, 0.007546, 0.007000, 0.006470, 0.005957, 0.005464, 0.004994, 0.004547, 0.004124, 0.003727, 0.003356, 0.003010, 0.002690, 0.002395, 0.002125, 0.001879, 0.001656, 0.001454, 0.001273, 0.001111, 0.000967, 0.000841, 0.000730, 0.000634, 0.000551, 0.000481, 0.000423, 0.000376, 0.000338, 0.000311, 0.000293, 0.000284
0.000266, 0.000275, 0.000291, 0.000317, 0.000352, 0.000396, 0.000451, 0.000516, 0.000593, 0.000684, 0.000787, 0.000906, 0.001040, 0.001192, 0.001361, 0.001550, 0.001760, 0.001990, 0.002243, 0.002519, 0.002819, 0.003142, 0.003490, 0.003862, 0.004258, 0.004677, 0.005117, 0.005579, 0.006059, 0.006556, 0.007067, 0.007590, 0.008120, 0.008655, 0.009191, 0.009724, 0.010249, 0.010761, 0.011258, 0.011732, 0.012181, 0.012600, 0.012984, 0.013330, 0.013634, 0.013892, 0.014103, 0.014263, 0.014370, 0.014424, 0.014424, 0.014370, 0.014263, 0.014103, 0.013892, 0.013634, 0.013330, 0.012984, 0.012600, 0.012181, 0.011732, 0.011258, 0.010762, 0.010249, 0.009724, 0.009191, 0.008655, 0.008120, 0.007590, 0.007067, 0.006556, 0.006059, 0.005579, 0.005117, 0.004677, 0.004258, 0.003862, 0.003490, 0.003142, 0.002819, 0.002519, 0.002243, 0.001990, 0.001760, 0.001550, 0.001361, 0.001192, 0.001040, 0.000906, 0.000787, 0.000684, 0.000593, 0.000516, 0.000451, 0.000396, 0.000352, 0.000317, 0.000291, 0.000275, 0.000266
0.000260, 0.000268, 0.000284, 0.000309, 0.000343, 0.000386, 0.000440, 0.000504, 0.000579, 0.000667, 0.000768, 0.000884, 0.001015, 0.001163, 0.001328, 0.001513, 0.001717, 0.001942, 0.002189, 0.002458, 0.002750, 0.003066, 0.003406, 0.003769, 0.004155, 0.004563, 0.004993, 0.005444, 0.005912, 0.006397, 0.006896, 0.007406, 0.007924, 0.008446, 0.008969, 0.009489, 0.010001, 0.010501, 0.010986, 0.011449, 0.011887, 0.012296, 0.012671, 0.013008, 0.013305, 0.013557, 0.013762, 0.013918, 0.014023, 0.014076, 0.014076, 0.014023, 0.013918, 0.013762, 0.013557, 0.013305, 0.013008, 0.012671, 0.012296, 0.011887, 0.011449, 0.010986, 0.010501, 0.010001, 0.009489, 0.008969, 0.008446, 0.007924, 0.007406, 0.006896, 0.006397, 0.005912, 0.005444, 0.004993, 0.004563, 0.004155, 0.003769, 0.003406, 0.003066, 0.002750, 0.002458, 0.002189, 0.001942, 0.001717, 0.001513, 0.001328, 0.001163, 0.001015, 0.000884, 0.000768, 0.000667, 0.000579, 0.000504, 0.000440, 0.000386, 0.000343, 0.000309, 0.000284, 0.000268, 0.000260
0.000265, 0.000273, 0.000290, 0.000315, 0.000350, 0.000394, 0.000448, 0.000513, 0.000590, 0.000679, 0.000783, 0.000901, 0.001034, 0.001185, 0.001354, 0.001541, 0.001749, 0.001979, 0.002230, 0.002505, 0.002803, 0.003124, 0.003470, 0.003840, 0.004234, 0.004650, 0.005088, 0.005547, 0.006025, 0.006519, 0.007027, 0.007547, 0.008075, 0.008607, 0.009140, 0.009670, 0.010192, 0.010702, 0.011195, 0.011667, 0.012114, 0.012530, 0.012913, 0.013257, 0.013559, 0.013816, 0.014025, 0.014184, 0.014291, 0.014345, 0.014345, 0.014291, 0.014184, 0.014025, 0.013816, 0.013559, 0.013257, 0.012913, 0.012530, 0.012114, 0.011667, 0.011195, 0.010702, 0.010192, 0.009670, 0.009140, 0.008607, 0.008075, 0.007547, 0.007027, 0.006519, 0.006025, 0.005547, 0.005088, 0.004650, 0.004234, 0.003840, 0.003470, 0.003124, 0.002803, 0.002505, 0.002230, 0.001979, 0.001749, 0.001541, 0.001354, 0.001185, 0.001034, 0.000901, 0.000783, 0.000679, 0.000590, 0.000513, 0.000448, 0.000394, 0.000350, 0.000315, 0.000290, 0.000273, 0.000265
0.000281, 0.000290, 0.000307, 0.000334, 0.000371, 0.000418, 0.000476, 0.000545, 0.000626, 0.000721, 0.000831, 0.000956, 0.001098, 0.001258, 0.001437, 0.001637, 0.001858, 0.002101, 0.002368, 0.002660, 0.002976, 0.003318, 0.003685, 0.004078, 0.004496, 0.004938, 0.005404, 0.005891, 0.006398, 0.006923, 0.007463, 0.008015, 0.008576, 0.009141, 0.009707, 0.010270, 0.010824, 0.011366, 0.011890, 0.012391, 0.012865, 0.013308, 0.013714, 0.014079, 0.014400, 0.014673, 0.014895, 0.015064, 0.015178, 0.015235, 0.015235, 0.015178, 0.015064, 0.014895, 0.014673, 0.014400, 0.014079, 0.013714, 0.013308, 0.012865, 0.012391, 0.011890, 0.011366, 0.010824, 0.010270, 0.009707, 0.009141, 0.008576, 0.008015, 0.007463, 0.006923, 0.006398, 0.005891, 0.005404, 0.004938, 0.004496, 0.004078, 0.003685, 0.003318, 0.002976, 0.002660, 0.002368, 0.002101, 0.001858, 0.001637, 0.001437, 0.001258, 0.001098, 0.000956, 0.000831, 0.000721, 0.000626, 0.000545, 0.000476, 0.000418, 0.000371, 0.000334, 0.000307, 0.000290, 0.000281
0.000309, 0.000319, 0.000338, 0.000368, 0.000408, 0.000460, 0.000523, 0.000599, 0.000689, 0.000794, 0.000914, 0.001052, 0.001208, 0.001384, 0.001582, 0.001801, 0.002044, 0.002312, 0.002606, 0.002927, 0.003275, 0.003651, 0.004055, 0.004488, 0.004948, 0.005434, 0.005947, 0.006483, 0.007041, 0.007619, 0.008213, 0.008820, 0.009437, 0.010059, 0.010682, 0.011301, 0.011912, 0.012508, 0.013084, 0.013636, 0.014158, 0.014645, 0.015092, 0.015494, 0.015847, 0.016148, 0.016392, 0.016578, 0.016703, 0.016766, 0.016766, 0.016703, 0.016578, 0.016392, 0.016148, 0.015847, 0.015494, 0.015092, 0.014645, 0.014158, 0.013636, 0.013084, 0.012508, 0.011912, 0.011301, 0.010682, 0.010059, 0.009437, 0.008820, 0.008213, 0.007619, 0.007041, 0.006483, 0.005947, 0.005434, 0.004948, 0.004488, 0.004056, 0.003651, 0.003275, 0.002927, 0.002606, 0.002312, 0.002044, 0.001801, 0.001582, 0.001384, 0.001208, 0.001052, 0.000914, 0.000794, 0.000689, 0.000599, 0.000523, 0.000460, 0.000408, 0.000368, 0.000338, 0.000319, 0.000309
0.000350, 0.000361, 0.000383, 0.000416, 0.000462, 0.000520, 0.000592, 0.000678, 0.000780, 0.000898, 0.001035, 0.001191, 0.001367, 0.001567, 0.001790, 0.002038, 0.002313, 0.002617, 0.002949, 0.003312, 0.003706, 0.004132, 0.004589, 0.005078, 0.005599, 0.006150, 0.006729, 0.007336, 0.007968, 0.008622, 0.009294, 0.009981, 0.010679, 0.011383, 0.012089, 0.012789, 0.013480, 0.014154, 0.014807, 0.015431, 0.016022, 0.016573, 0.017079, 0.017534, 0.017934, 0.018274, 0.018550, 0.018761, 0.018902, 0.018973, 0.018973, 0.018902, 0.018761, 0.018550, 0.018274, 0.017934, 0.017534, 0.017079, 0.016573, 0.016022, 0.015431, 0.014807, 0.014154, 0.013480, 0.012789, 0.012089, 0.011384, 0.010679, 0.009981, 0.009294, 0.008622, 0.007968, 0.007336, 0.006729, 0.006150, 0.005599, 0.005078, 0.004589, 0.004132, 0.003706, 0.003312, 0.002949, 0.002617, 0.002313, 0.002038, 0.001790, 0.001567, 0.001367, 0.001191, 0.001035, 0.000898, 0.000780, 0.000678, 0.000592, 0.000520, 0.000462, 0.000416, 0.000383, 0.000361, 0.000350
0.000404, 0.000416, 0.000442, 0.000481, 0.000533, 0.000601, 0.000683, 0.000783, 0.000900, 0.001037, 0.001195, 0.001375, 0.001579, 0.001809, 0.002066, 0.002353, 0.002671, 0.003021, 0.003405, 0.003824, 0.004279, 0.004770, 0.005299, 0.005863, 0.006464, 0.007100, 0.007770, 0.008470, 0.009200, 0.009955, 0.010731, 0.011525, 0.012331, 0.013144, 0.013958, 0.014767, 0.015564, 0.016343, 0.017096, 0.017818, 0.018500, 0.019136, 0.019720, 0.020245, 0.020707, 0.021099, 0.021419, 0.021661, 0.021825, 0.021907, 0.021907, 0.021825, 0.021661, 0.021419, 0.021099, 0.020707, 0.020245, 0.019720, 0.019136, 0.018500, 0.017818, 0.017096, 0.016343, 0.015564, 0.014767, 0.013958, 0.013144, 0.012331, 0.011525, 0.010731, 0.009955, 0.009200, 0.008470, 0.007770, 0.007100, 0.006464, 0.005864, 0.005299, 0.004770, 0.004279, 0.003824, 0.003405, 0.003021, 0.002671, 0.002353, 0.002066, 0.001809, 0.001579, 0.001375, 0.001195, 0.001037, 0.000900, 0.000783, 0.000683, 0.000601, 0.000533, 0.000481, 0.000442, 0.000416, 0.000404
0.000472, 0.000487, 0.000517, 0.000562, 0.000624, 0.000703, 0.000800, 0.000916, 0.001053, 0.001213, 0.001398, 0.001608, 0.001847, 0.002116, 0.002418, 0.002753, 0.003125, 0.003535, 0.003984, 0.004474, 0.005007, 0.005582, 0.006200, 0.006861, 0.007564, 0.008308, 0.009091, 0.009911, 0.010764, 0.011647, 0.012556, 0.013485, 0.014428, 0.015379, 0.016331, 0.017278, 0.018211, 0.019122, 0.020004, 0.020848, 0.021646, 0.022390, 0.023073, 0.023688, 0.024228, 0.024688, 0.025061, 0.025346, 0.025537, 0.025633, 0.025633, 0.025537, 0.025346, 0.025061, 0.024688, 0.024228, 0.023688, 0.023073, 0.022390, 0.021646, 0.020848, 0.020004, 0.019122, 0.018211, 0.017278, 0.016331, 0.015379, 0.014428, 0.013485, 0.012556, 0.011648, 0.010764, 0.009911, 0.009091, 0.008308, 0.007564, 0.006861, 0.006200, 0.005582, 0.005007, 0.004474, 0.003984, 0.003535, 0.003125, 0.002753, 0.002418, 0.002116, 0.001847, 0.001608, 0.001398, 0.001213, 0.001053, 0.000916, 0.000800, 0.000703, 0.000624, 0.000562, 0.000517, 0.000487, 0.000472
0.000557, 0.000575, 0.000610, 0.000663, 0.000736, 0.000829, 0.000943, 0.001080, 0.001242, 0.001431, 0.001649, 0.001897, 0.002179, 0.002496, 0.002851, 0.003247, 0.003686, 0.004169, 0.004699, 0.005277, 0.005905, 0.006583, 0.007312, 0.008091, 0.008921, 0.009798, 0.010722, 0.011689, 0.012695, 0.013737, 0.014808, 0.015904, 0.017016, 0.018138, 0.019261, 0.020377, 0.021478, 0.022553, 0.023592, 0.024588, 0.025529, 0.026407, 0.027213, 0.027938, 0.028575, 0.029116, 0.029557, 0.029892, 0.030118, 0.030231, 0.030231, 0.030118, 0.029892, 0.029557, 0.029117, 0.028575, 0.027938, 0.027213, 0.026407, 0.025529, 0.024588, 0.023593, 0.022553, 0.021478, 0.020378, 0.019261, 0.018138, 0.017016, 0.015904, 0.014808, 0.013737, 0.012695, 0.011689, 0.010722, 0.009798, 0.008921, 0.008091, 0.007312, 0.006583, 0.005905, 0.005277, 0.004699, 0.004169, 0.003686, 0.003247, 0.002851, 0.002496, 0.002179, 0.001897, 0.001649, 0.001431, 0.001242, 0.001080, 0.000943, 0.000829, 0.000736, 0.000663, 0.000610, 0.000575, 0.000557
0.000660, 0.000680, 0.000722, 0.000785, 0.000872, 0.000981, 0.001117, 0.001279, 0.001471, 0.001695, 0.001952, 0.002246, 0.002580, 0.002955, 0.003376, 0.003845, 0.004364, 0.004936, 0.005564, 0.006249, 0.006992, 0.007795, 0.008658, 0.009581, 0.010563, 0.011602, 0.012696, 0.013841, 0.015033, 0.016266, 0.017535, 0.018832, 0.020149, 0.021477, 0.022807, 0.024129, 0.025432, 0.026705, 0.027936, 0.029115, 0.030229, 0.031269, 0.032223, 0.033082, 0.033836, 0.034477, 0.034999, 0.035396, 0.035663, 0.035797, 0.035797, 0.035663, 0.035396, 0.034999, 0.034477, 0.033836, 0.033082, 0.032223, 0.031269, 0.030229, 0.029115, 0.027936, 0.026705, 0.025432, 0.024129, 0.022808, 0.021477, 0.020149, 0.018832, 0.017535, 0.016266, 0.015033, 0.013841, 0.012696, 0.011602, 0.010563, 0.009581, 0.008658, 0.007795, 0.006992, 0.006249, 0.005564, 0.004936, 0.004364, 0.003845, 0.003376, 0.002955, 0.002580, 0.002246, 0.001952, 0.001695, 0.001471, 0.001279, 0.001117, 0.000981, 0.000872, 0.000785, 0.000722, 0.000680, 0.000660
0.000782, 0.000807, 0.000856, 0.000931, 0.001033, 0.001164, 0.001324, 0.001517, 0.001744, 0.002009, 0.002314, 0.002663, 0.003058, 0.003504, 0.004003, 0.004559, 0.005174, 0.005853, 0.006597, 0.007408, 0.008290, 0.009242, 0.010265, 0.011359, 0.012523, 0.013755, 0.015052, 0.016410, 0.017823, 0.019285, 0.020789, 0.022327, 0.023888, 0.025463, 0.027040, 0.028607, 0.030152, 0.031661, 0.033121, 0.034518, 0.035840, 0.037072, 0.038203, 0.039221, 0.040115, 0.040876, 0.041495, 0.041965, 0.042282, 0.042441, 0.042441, 0.042282, 0.041965, 0.041495, 0.040876, 0.040115, 0.039221, 0.038203, 0.037072, 0.035840, 0.034518, 0.033121, 0.031661, 0.030152, 0.028607, 0.027040, 0.025463, 0.023888, 0.022327, 0.020789, 0.019285, 0.017823, 0.016410, 0.015052, 0.013755, 0.012523, 0.011359, 0.010265, 0.009242, 0.008290, 0.007408, 0.006597, 0.005853, 0.005174, 0.004559, 0.004003, 0.003504, 0.003058, 0.002663, 0.002314, 0.002009, 0.001744, 0.001517, 0.001324, 0.001164, 0.001033, 0.000931, 0.000856, 0.000807, 0.000782
0.000927, 0.000956, 0.001014, 0.001103, 0.001224, 0.001379, 0.001569, 0.001797, 0.002067, 0.002380, 0.002742, 0.003155, 0.003624, 0.004152, 0.004743, 0.005401, 0.006130, 0.006934, 0.007816, 0.008778, 0.009822, 0.010950, 0.012162, 0.013459, 0.014838, 0.016298, 0.017834, 0.019442, 0.021117, 0.022849, 0.024631, 0.026453, 0.028303, 0.030169, 0.032038, 0.033895, 0.035725, 0.037512, 0.039242, 0.040898, 0.042463, 0.043923, 0.045264, 0.046470, 0.047529, 0.048430, 0.049164, 0.049721, 0.050096, 0.050284, 0.050284, 0.050096, 0.049721, 0.049164, 0.048430, 0.047529, 0.046470, 0.045264, 0.043924, 0.042463, 0.040898, 0.039242, 0.037513, 0.035725, 0.033895, 0.032038, 0.030169, 0.028303, 0.026453, 0.024631, 0.022849, 0.021117, 0.019443, 0.017834, 0.016298, 0.014838, 0.013459, 0.012162, 0.010950, 0.009822, 0.008778, 0.007816, 0.006934, 0.006130, 0.005401, 0.004743, 0.004152, 0.003624, 0.003155, 0.002742, 0.002380, 0.002067, 0.001797, 0.001569, 0.001379, 0.001224, 0.001103, 0.001014, 0.000956, 0.000927
0.001096, 0.001130, 0.001199, 0.001305, 0.001448, 0.001630, 0.001855, 0.002125, 0.002444, 0.002815, 0.003243, 0.003731, 0.004285, 0.004910, 0.005609, 0.006387, 0.007250, 0.008200, 0.009243, 0.010380, 0.011615, 0.012949, 0.014383, 0.015916, 0.017547, 0.019273, 0.021090, 0.022992, 0.024972, 0.027021, 0.029128, 0.031282, 0.033470, 0.035677, 0.037887, 0.040082, 0.042247, 0.044361, 0.046406, 0.048364, 0.050215, 0.051942, 0.053527, 0.054953, 0.056206, 0.057272, 0.058139, 0.058798, 0.059241, 0.059464, 0.059464, 0.059241, 0.058798, 0.058139, 0.057272, 0.056206, 0.054953, 0.053527, 0.051942, 0.050216, 0.048364, 0.046406, 0.044361, 0.042247, 0.040083, 0.037887, 0.035677, 0.033470, 0.031283, 0.029128, 0.027021, 0.024972, 0.022992, 0.021090, 0.019273, 0.017547, 0.015916, 0.014383, 0.012949, 0.011615, 0.010380, 0.009243, 0.008200, 0.007250, 0.006387, 0.005609, 0.004910, 0.004285, 0.003731, 0.003243, 0.002815, 0.002444, 0.002125, 0.001855, 0.001630, 0.001448, 0.001305, 0.001199, 0.001130, 0.001096
0.001292, 0.001333, 0.001415, 0.001539, 0.001708, 0.001923, 0.002188, 0.002507, 0.002882, 0.003320, 0.003824, 0.004401, 0.005054, 0.005790, 0.006615, 0.007533, 0.008550, 0.009671, 0.010900, 0.012242, 0.013698, 0.015271, 0.016962, 0.018770, 0.020694, 0.022730, 0.024872, 0.027115, 0.029450, 0.031867, 0.034352, 0.036893, 0.039473, 0.042075, 0.044681, 0.047271, 0.049823, 0.052316, 0.054728, 0.057037, 0.059221, 0.061257, 0.063126, 0.064808, 0.066286, 0.067543, 0.068565, 0.069342, 0.069865, 0.070128, 0.070128, 0.069865, 0.069342, 0.068565, 0.067543, 0.066286, 0.064808, 0.063126, 0.061257, 0.059221, 0.057037, 0.054729, 0.052316, 0.049823, 0.047271, 0.044681, 0.042075, 0.039473, 0.036893, 0.034352, 0.031867, 0.029450, 0.027116, 0.024872, 0.022730, 0.020694, 0.018770, 0.016962, 0.015271, 0.013698, 0.012242, 0.010900, 0.009671, 0.008550, 0.007533, 0.006615, 0.005790, 0.005054, 0.004401, 0.003824, 0.003320, 0.002882, 0.002507, 0.002188, 0.001923, 0.001708, 0.001539, 0.001415, 0.001333, 0.001292
0.001519, 0.001567, 0.001663, 0.001809, 0.002007, 0.002260, 0.002572, 0.002946, 0.003388, 0.003903, 0.004496, 0.005173, 0.005941, 0.006806, 0.007775, 0.008855, 0.010050, 0.011368, 0.012813, 0.014390, 0.016102, 0.017951, 0.019939, 0.022064, 0.024325, 0.026718, 0.029237, 0.031874, 0.034618, 0.037459, 0.040380, 0.043367, 0.046399, 0.049459, 0.052522, 0.055566, 0.058566, 0.061497, 0.064332, 0.067046, 0.069613, 0.072006, 0.074203, 0.076180, 0.077917, 0.079395, 0.080597, 0.081510, 0.082125, 0.082434, 0.082434, 0.082125, 0.081510, 0.080597, 0.079395, 0.077917, 0.076181, 0.074203, 0.072007, 0.069613, 0.067046, 0.064332, 0.061497, 0.058566, 0.055566, 0.052522, 0.049459, 0.046400, 0.043367, 0.040380, 0.037459, 0.034619, 0.031874, 0.029237, 0.026718, 0.024325, 0.022064, 0.019939, 0.017951, 0.016102, 0.014390, 0.012813, 0.011368, 0.010051, 0.008855, 0.007775, 0.006806, 0.005941, 0.005173, 0.004496, 0.003903, 0.003388, 0.002946, 0.002572, 0.002260, 0.002007, 0.001809, 0.001663, 0.001567, 0.001519
0.001779, 0.001835, 0.001948, 0.002119, 0.002351, 0.002647, 0.003013, 0.003451, 0.003968, 0.004571, 0.005265, 0.006059, 0.006958, 0.007972, 0.009107, 0.010371, 0.011772, 0.013315, 0.015007, 0.016854, 0.018859, 0.021025, 0.023353, 0.025842, 0.028491, 0.031293, 0.034243, 0.037332, 0.040546, 0.043872, 0.047294, 0.050792, 0.054344, 0.057927, 0.061515, 0.065080, 0.068594, 0.072026, 0.075347, 0.078526, 0.081532, 0.084335, 0.086908, 0.089224, 0.091258, 0.092988, 0.094396, 0.095466, 0.096186, 0.096548, 0.096548, 0.096186, 0.095466, 0.094396, 0.092989, 0.091258, 0.089224, 0.086909, 0.084336, 0.081532, 0.078526, 0.075347, 0.072026, 0.068594, 0.065080, 0.061515, 0.057927, 0.054344, 0.050792, 0.047295, 0.043873, 0.040546, 0.037332, 0.034244, 0.031293, 0.028491, 0.025842, 0.023353, 0.021025, 0.018859, 0.016854, 0.015008, 0.013315, 0.011772, 0.010371, 0.009107, 0.007972, 0.006958, 0.006059, 0.005265, 0.004571, 0.003968, 0.003451, 0.003013, 0.002648, 0.002351, 0.002119, 0.001948, 0.001835, 0.001779
0.002076, 0.002141, 0.002273, 0.002472, 0.002743, 0.003089, 0.003515, 0.004026, 0.004630, 0.005333, 0.006143, 0.007069, 0.008118, 0.009301, 0.010625, 0.012100, 0.013734, 0.015535, 0.017510, 0.019664, 0.022003, 0.024530, 0.027246, 0.030151, 0.033241, 0.036511, 0.039952, 0.043555, 0.047306, 0.051187, 0.055179, 0.059260, 0.063404, 0.067584, 0.071770, 0.075930, 0.080029, 0.084034, 0.087908, 0.091617, 0.095124, 0.098395, 0.101397, 0.104099, 0.106472, 0.108491, 0.110133, 0.111381, 0.112221, 0.112644, 0.112644, 0.112221, 0.111381, 0.110133, 0.108491, 0.106472, 0.104099, 0.101397, 0.098395, 0.095124, 0.091617, 0.087909, 0.084034, 0.080029, 0.075930, 0.071770, 0.067585, 0.063404, 0.059260, 0.055179, 0.051187, 0.047306, 0.043556, 0.039953, 0.036511, 0.033241, 0.030151, 0.027246, 0.024530, 0.022004, 0.019664, 0.017510, 0.015535, 0.013734, 0.012100, 0.010625, 0.009301, 0.008119, 0.007069, 0.006143, 0.005333, 0.004630, 0.004026, 0.003515, 0.003089, 0.002743, 0.002472, 0.002273, 0.002141, 0.002076
0.002412, 0.002488, 0.002641, 0.002873, 0.003188, 0.003590, 0.004085, 0.004679, 0.005381, 0.006198, 0.007139, 0.008215, 0.009434, 0.010808, 0.012347, 0.014061, 0.015960, 0.018053, 0.020347, 0.022851, 0.025569, 0.028506, 0.031662, 0.035037, 0.038627, 0.042427, 0.046427, 0.050614, 0.054972, 0.059482, 0.064121, 0.068863, 0.073679, 0.078536, 0.083400, 0.088234, 0.092998, 0.097651, 0.102154, 0.106463, 0.110538, 0.114339, 0.117828, 0.120967, 0.123725, 0.126071, 0.127980, 0.129430, 0.130406, 0.130897, 0.130897, 0.130406, 0.129430, 0.127980, 0.126071, 0.123725, 0.120968, 0.117828, 0.114340, 0.110539, 0.106463, 0.102154, 0.097652, 0.092998, 0.088234, 0.083401, 0.078537, 0.073679, 0.068863, 0.064121, 0.059482, 0.054972, 0.050614, 0.046427, 0.042428, 0.038628, 0.035037, 0.031662, 0.028506, 0.025569, 0.022851, 0.020347, 0.018053, 0.015960, 0.014061, 0.012348, 0.010809, 0.009434, 0.008215, 0.007139, 0.006198, 0.005381, 0.004679, 0.004085, 0.003590, 0.003188, 0.002873, 0.002641, 0.002488, 0.002412
0.002792, 0.002880, 0.003056, 0.003325, 0.003689, 0.004154, 0.004727, 0.005415, 0.006227, 0.007173, 0.008262, 0.009507, 0.010918, 0.012509, 0.014290, 0.016273, 0.018471, 0.020892, 0.023548, 0.026446, 0.029591, 0.032990, 0.036642, 0.040548, 0.044704, 0.049101, 0.053730, 0.058575, 0.063619, 0.068838, 0.074207, 0.079695, 0.085268, 0.090890, 0.096519, 0.102112, 0.107625, 0.113011, 0.118222, 0.123209, 0.127925, 0.132324, 0.136361, 0.139994, 0.143185, 0.145900, 0.148109, 0.149788, 0.150918, 0.151486, 0.151486, 0.150918, 0.149788, 0.148109, 0.145900, 0.143186, 0.139994, 0.136361, 0.132324, 0.127925, 0.123209, 0.118222, 0.113011, 0.107626, 0.102113, 0.096519, 0.090890, 0.085268, 0.079695, 0.074207, 0.068838, 0.063619, 0.058575, 0.053730, 0.049101, 0.044704, 0.040548, 0.036643, 0.032990, 0.029592, 0.026446, 0.023548, 0.020893, 0.018471, 0.016273, 0.014290, 0.012509, 0.010919, 0.009507, 0.008262, 0.007173, 0.006227, 0.005415, 0.004727, 0.004154, 0.003689, 0.003325, 0.003056, 0.002880, 0.002792
0.003218, 0.003319, 0.003523, 0.003832, 0.004252, 0.004788, 0.005448, 0.006241, 0.007177, 0.008266, 0.009522, 0.010957, 0.012584, 0.014416, 0.016469, 0.018755, 0.021287, 0.024079, 0.027139, 0.030478, 0.034104, 0.038020, 0.042230, 0.046731, 0.051520, 0.056588, 0.061923, 0.067507, 0.073320, 0.079335, 0.085522, 0.091847, 0.098270, 0.104749, 0.111236, 0.117682, 0.124036, 0.130243, 0.136248, 0.141995, 0.147431, 0.152500, 0.157153, 0.161340, 0.165018, 0.168147, 0.170692, 0.172627, 0.173929, 0.174583, 0.174583, 0.173929, 0.172627, 0.170692, 0.168147, 0.165018, 0.161340, 0.157153, 0.152500, 0.147431, 0.141996, 0.136248, 0.130243, 0.124036, 0.117683, 0.111236, 0.104749, 0.098270, 0.091847, 0.085522, 0.079335, 0.073320, 0.067507, 0.061923, 0.056589, 0.051521, 0.046732, 0.042230, 0.038021, 0.034104, 0.030479, 0.027139, 0.024079, 0.021288, 0.018755, 0.016469, 0.014416, 0.012584, 0.010957, 0.009522, 0.008267, 0.007177, 0.006241, 0.005448, 0.004788, 0.004252, 0.003832, 0.003523, 0.003319, 0.003218
0.003693, 0.003809, 0.004043, 0.004398, 0.004880, 0.005495, 0.006253, 0.007163, 0.008237, 0.009487, 0.010928, 0.012575, 0.014442, 0.016545, 0.018901, 0.021524, 0.024431, 0.027634, 0.031146, 0.034979, 0.039139, 0.043634, 0.048465, 0.053631, 0.059127, 0.064944, 0.071066, 0.077474, 0.084145, 0.091048, 0.098149, 0.105407, 0.112779, 0.120214, 0.127659, 0.135057, 0.142349, 0.149472, 0.156363, 0.162959, 0.169197, 0.175015, 0.180354, 0.185160, 0.189380, 0.192971, 0.195893, 0.198113, 0.199607, 0.200358, 0.200358, 0.199607, 0.198113, 0.195893, 0.192971, 0.189381, 0.185160, 0.180354, 0.175015, 0.169197, 0.162960, 0.156364, 0.149472, 0.142349, 0.135058, 0.127659, 0.120214, 0.112779, 0.105408, 0.098149, 0.091049, 0.084145, 0.077475, 0.071066, 0.064944, 0.059128, 0.053632, 0.048466, 0.043634, 0.039140, 0.034979, 0.031147, 0.027634, 0.024431, 0.021525, 0.018901, 0.016545, 0.014442, 0.012575, 0.010928, 0.009487, 0.008237, 0.007163, 0.006253, 0.005495, 0.004880, 0.004398, 0.004043, 0.003809, 0.003693
0.004221, 0.004353, 0.004620, 0.005026, 0.005577, 0.006280, 0.007146, 0.008186, 0.009413, 0.010842, 0.012489, 0.014371, 0.016504, 0.018908, 0.021600, 0.024598, 0.027920, 0.031580, 0.035594, 0.039974, 0.044729, 0.049865, 0.055386, 0.061290, 0.067571, 0.074217, 0.081214, 0.088537, 0.096160, 0.104049, 0.112164, 0.120459, 0.128883, 0.137379, 0.145887, 0.154342, 0.162675, 0.170815, 0.178690, 0.186228, 0.193356, 0.200005, 0.206106, 0.211598, 0.216421, 0.220524, 0.223863, 0.226400, 0.228107, 0.228966, 0.228966, 0.228107, 0.226400, 0.223863, 0.220524, 0.216421, 0.211598, 0.206107, 0.200005, 0.193356, 0.186228, 0.178690, 0.170815, 0.162675, 0.154342, 0.145888, 0.137380, 0.128883, 0.120459, 0.112164, 0.104050, 0.096161, 0.088538, 0.081214, 0.074218, 0.067571, 0.061290, 0.055386, 0.049866, 0.044729, 0.039974, 0.035594, 0.031580, 0.027920, 0.024598, 0.021600, 0.018908, 0.016504, 0.014371, 0.012489, 0.010842, 0.009413, 0.008186, 0.007146, 0.006280, 0.005577, 0.005026, 0.004620, 0.004353, 0.004221
0.004803, 0.004954, 0.005258, 0.005720, 0.006346, 0.007146, 0.008132, 0.009315, 0.010712, 0.012338, 0.014212, 0.016353, 0.018781, 0.021516, 0.024580, 0.027992, 0.031771, 0.035937, 0.040504, 0.045488, 0.050899, 0.056744, 0.063026, 0.069745, 0.076892, 0.084455, 0.092416, 0.100750, 0.109425, 0.118402, 0.127636, 0.137075, 0.146661, 0.156329, 0.166011, 0.175631, 0.185113, 0.194376, 0.203337, 0.211915, 0.220026, 0.227592, 0.234535, 0.240784, 0.246272, 0.250942, 0.254741, 0.257628, 0.259571, 0.260548, 0.260548, 0.259571, 0.257628, 0.254741, 0.250942, 0.246272, 0.240784, 0.234535, 0.227592, 0.220026, 0.211915, 0.203338, 0.194377, 0.185114, 0.175632, 0.166011, 0.156330, 0.146661, 0.137075, 0.127636, 0.118402, 0.109426, 0.100751, 0.092417, 0.084456, 0.076892, 0.069745, 0.063027, 0.056744, 0.050899, 0.045489, 0.040505, 0.035937, 0.031772, 0.027992, 0.024580, 0.021517, 0.018781, 0.016353, 0.014212, 0.012338, 0.010712, 0.009315, 0.008132, 0.007146, 0.006346, 0.005720, 0.005258, 0.004954, 0.004803
0.005442, 0.005613, 0.005958, 0.006481, 0.007191, 0.008098, 0.009214, 0.010555, 0.012138, 0.013980, 0.016104, 0.018530, 0.021281, 0.024381, 0.027852, 0.031718, 0.036000, 0.040720, 0.045896, 0.051543, 0.057674, 0.064297, 0.071415, 0.079028, 0.087126, 0.095696, 0.104717, 0.114160, 0.123989, 0.134161, 0.144623, 0.155318, 0.166180, 0.177135, 0.188105, 0.199006, 0.209749, 0.220245, 0.230399, 0.240118, 0.249309, 0.257881, 0.265748, 0.272829, 0.279048, 0.284338, 0.288643, 0.291915, 0.294116, 0.295223, 0.295223, 0.294116, 0.291915, 0.288644, 0.284339, 0.279048, 0.272829, 0.265748, 0.257881, 0.249309, 0.240118, 0.230400, 0.220246, 0.209750, 0.199007, 0.188106, 0.177136, 0.166180, 0.155319, 0.144624, 0.134161, 0.123989, 0.114160, 0.104717, 0.095697, 0.087127, 0.079028, 0.071416, 0.064297, 0.057674, 0.051543, 0.045896, 0.040721, 0.036001, 0.031718, 0.027852, 0.024381, 0.021281, 0.018530, 0.016104, 0.013981, 0.012138, 0.010555, 0.009214, 0.008098, 0.007191, 0.006481, 0.005958, 0.005613, 0.005442
0.006141, 0.006333, 0.006722, 0.007312, 0.008113, 0.009137, 0.010396, 0.011909, 0.013695, 0.015774, 0.018170, 0.020907, 0.024011, 0.027508, 0.031424, 0.035786, 0.040618, 0.045943, 0.051783, 0.058154, 0.065071, 0.072544, 0.080575, 0.089164, 0.098301, 0.107970, 0.118148, 0.128802, 0.139891, 0.151367, 0.163172, 0.175239, 0.187493, 0.199853, 0.212229, 0.224528, 0.236650, 0.248492, 0.259948, 0.270913, 0.281283, 0.290954, 0.299830, 0.307819, 0.314835, 0.320805, 0.325662, 0.329353, 0.331836, 0.333085, 0.333085, 0.331836, 0.329353, 0.325662, 0.320805, 0.314836, 0.307819, 0.299831, 0.290955, 0.281283, 0.270914, 0.259948, 0.248492, 0.236651, 0.224529, 0.212230, 0.199853, 0.187493, 0.175239, 0.163173, 0.151368, 0.139892, 0.128802, 0.118148, 0.107971, 0.098301, 0.089164, 0.080576, 0.072544, 0.065072, 0.058155, 0.051783, 0.045944, 0.040618, 0.035786, 0.031425, 0.027508, 0.024011, 0.020907, 0.018170, 0.015774, 0.013695, 0.011909, 0.010396, 0.009137, 0.008113, 0.007313, 0.006722, 0.006333, 0.006141
0.006899, 0.007115, 0.007552, 0.008215, 0.009115, 0.010265, 0.011680, 0.013379, 0.015385, 0.017721, 0.020413, 0.023488, 0.026975, 0.030904, 0.035304, 0.040204, 0.045632, 0.051615, 0.058175, 0.065333, 0.073104, 0.081499, 0.090521, 0.100170, 0.110435, 0.121297, 0.132731, 0.144700, 0.157158, 0.170051, 0.183312, 0.196868, 0.210634, 0.224520, 0.238424, 0.252241, 0.265859, 0.279162, 0.292032, 0.304350, 0.316000, 0.326865, 0.336837, 0.345811, 0.353694, 0.360400, 0.365856, 0.370003, 0.372793, 0.374196, 0.374196, 0.372793, 0.370003, 0.365856, 0.360400, 0.353694, 0.345812, 0.336837, 0.326866, 0.316000, 0.304351, 0.292033, 0.279163, 0.265860, 0.252242, 0.238425, 0.224521, 0.210635, 0.196868, 0.183313, 0.170051, 0.157159, 0.144701, 0.132732, 0.121298, 0.110435, 0.100171, 0.090522, 0.081499, 0.073104, 0.065333, 0.058175, 0.051615, 0.045632, 0.040204, 0.035304, 0.030904, 0.026975, 0.023488, 0.020413, 0.017721, 0.015385, 0.013380, 0.011680, 0.010265, 0.009115, 0.008215, 0.007552, 0.007115, 0.006899
0.007717, 0.007960, 0.008448, 0.009190, 0.010197, 0.011483, 0.013066, 0.014967, 0.017211, 0.019824, 0.022835, 0.026274, 0.030175, 0.034570, 0.039492, 0.044973, 0.051046, 0.057738, 0.065076, 0.073083, 0.081776, 0.091166, 0.101259, 0.112053, 0.123535, 0.135686, 0.148476, 0.161864, 0.175800, 0.190221, 0.205056, 0.220220, 0.235619, 0.251151, 0.266705, 0.282161, 0.297394, 0.312274, 0.326671, 0.340451, 0.353482, 0.365635, 0.376790, 0.386829, 0.395646, 0.403148, 0.409251, 0.413889, 0.417011, 0.418580, 0.418580, 0.417011, 0.413890, 0.409252, 0.403148, 0.395647, 0.386829, 0.376791, 0.365636, 0.353482, 0.340451, 0.326672, 0.312275, 0.297395, 0.282162, 0.266706, 0.251152, 0.235620, 0.220220, 0.205057, 0.190222, 0.175801, 0.161865, 0.148477, 0.135687, 0.123536, 0.112053, 0.101260, 0.091167, 0.081777, 0.073084, 0.065077, 0.057738, 0.051046, 0.044974, 0.039492, 0.034570, 0.030176, 0.026275, 0.022835, 0.019824, 0.017211, 0.014967, 0.013066, 0.011483, 0.010197, 0.009190, 0.008448, 0.007960, 0.007717
0.008596, 0.008866, 0.009410, 0.010236, 0.011358, 0.012790, 0.014553, 0.016671, 0.019170, 0.022080, 0.025434, 0.029266, 0.033611, 0.038506, 0.043988, 0.050093, 0.056856, 0.064310, 0.072484, 0.081402, 0.091085, 0.101544, 0.112786, 0.124807, 0.137596, 0.151130, 0.165376, 0.180288, 0.195810, 0.211873, 0.228395, 0.245285, 0.262437, 0.279737, 0.297061, 0.314276, 0.331242, 0.347817, 0.363852, 0.379200, 0.393714, 0.407251, 0.419675, 0.430856, 0.440677, 0.449032, 0.455830, 0.460996, 0.464473, 0.466221, 0.466221, 0.464473, 0.460996, 0.455831, 0.449033, 0.440678, 0.430857, 0.419676, 0.407252, 0.393715, 0.379201, 0.363853, 0.347818, 0.331243, 0.314277, 0.297062, 0.279738, 0.262438, 0.245286, 0.228396, 0.211874, 0.195811, 0.180289, 0.165377, 0.151131, 0.137597, 0.124808, 0.112786, 0.101544, 0.091085, 0.081403, 0.072485, 0.064311, 0.056857, 0.050093, 0.043988, 0.038506, 0.033611, 0.029266, 0.025434, 0.022081, 0.019170, 0.016671, 0.014553, 0.012790, 0.011358, 0.010236, 0.009410, 0.008866, 0.008596
0.009534, 0.009833, 0.010436, 0.011353, 0.012596, 0.014185, 0.016140, 0.018489, 0.021261, 0.024489, 0.028208, 0.032457, 0.037276, 0.042705, 0.048785, 0.055556, 0.063057, 0.071323, 0.080388, 0.090279, 0.101017, 0.112617, 0.125084, 0.138417, 0.152600, 0.167610, 0.183408, 0.199946, 0.217161, 0.234975, 0.253299, 0.272030, 0.291053, 0.310239, 0.329452, 0.348543, 0.367360, 0.385741, 0.403524, 0.420546, 0.436642, 0.451655, 0.465433, 0.477834, 0.488726, 0.497992, 0.505531, 0.511260, 0.515116, 0.517054, 0.517054, 0.515116, 0.511260, 0.505531, 0.497992, 0.488726, 0.477835, 0.465434, 0.451656, 0.436643, 0.420547, 0.403526, 0.385742, 0.367361, 0.348544, 0.329453, 0.310240, 0.291054, 0.272031, 0.253300, 0.234976, 0.217162, 0.199947, 0.183409, 0.167611, 0.152601, 0.138418, 0.125085, 0.112618, 0.101018, 0.090280, 0.080389, 0.071324, 0.063057, 0.055556, 0.048785, 0.042705, 0.037276, 0.032458, 0.028208, 0.024489, 0.021261, 0.018489, 0.016140, 0.014185, 0.012596, 0.011353, 0.010436, 0.009833, 0.009534
0.010528, 0.010859, 0.011525, 0.012537, 0.013910, 0.015664, 0.017824, 0.020418, 0.023478, 0.027043, 0.031150, 0.035842, 0.041164, 0.047159, 0.053872, 0.061350, 0.069633, 0.078762, 0.088772, 0.099694, 0.111551, 0.124361, 0.138128, 0.152851, 0.168513, 0.185087, 0.202533, 0.220796, 0.239805, 0.259477, 0.279712, 0.300396, 0.321401, 0.342588, 0.363804, 0.384886, 0.405664, 0.425962, 0.445600, 0.464395, 0.482170, 0.498748, 0.513963, 0.527656, 0.539684, 0.549916, 0.558241, 0.564568, 0.568825, 0.570966, 0.570966, 0.568825, 0.564568, 0.558241, 0.549916, 0.539684, 0.527657, 0.513964, 0.498749, 0.482171, 0.464397, 0.445601, 0.425963, 0.405665, 0.384887, 0.363805, 0.342589, 0.321403, 0.300397, 0.279713, 0.259478, 0.239806, 0.220797, 0.202534, 0.185088, 0.168514, 0.152852, 0.138129, 0.124361, 0.111552, 0.099694, 0.088772, 0.078762, 0.069633, 0.061350, 0.053873, 0.047159, 0.041164, 0.035843, 0.031150, 0.027043, 0.023479, 0.020418, 0.017824, 0.015664, 0.013910, 0.012537, 0.011525, 0.010859, 0.010528
0.011576, 0.011940, 0.012672, 0.013785, 0.015295, 0.017224, 0.019598, 0.022450, 0.025816, 0.029735, 0.034251, 0.039410, 0.045261, 0.051853, 0.059235, 0.067456, 0.076564, 0.086601, 0.097608, 0.109617, 0.122654, 0.136738, 0.151876, 0.168063, 0.185284, 0.203508, 0.222690, 0.242770, 0.263671, 0.285301, 0.307549, 0.330292, 0.353388, 0.376683, 0.400010, 0.423190, 0.446036, 0.468354, 0.489945, 0.510611, 0.530155, 0.548383, 0.565112, 0.580167, 0.593392, 0.604642, 0.613795, 0.620752, 0.625433, 0.627787, 0.627787, 0.625433, 0.620752, 0.613796, 0.604642, 0.593392, 0.580168, 0.565112, 0.548384, 0.530156, 0.510613, 0.489947, 0.468355, 0.446037, 0.423191, 0.400011, 0.376684, 0.353389, 0.330293, 0.307551, 0.285302, 0.263673, 0.242772, 0.222692, 0.203509, 0.185285, 0.168064, 0.151877, 0.136739, 0.122655, 0.109617, 0.097608, 0.086602, 0.076564, 0.067457, 0.059235, 0.051853, 0.045261, 0.039411, 0.034251, 0.029735, 0.025816, 0.022450, 0.019598, 0.017224, 0.015295, 0.013785, 0.012672, 0.011940, 0.011576
0.012674, 0.013072, 0.013874, 0.015092, 0.016745, 0.018857, 0.021456, 0.024579, 0.028263, 0.032554, 0.037498, 0.043147, 0.049552, 0.056769, 0.064851, 0.073851, 0.083822, 0.094811, 0.106861, 0.120008, 0.134282, 0.149701, 0.166273, 0.183994, 0.202848, 0.222799, 0.243800, 0.265783, 0.288665, 0.312344, 0.336702, 0.361600, 0.386885, 0.412388, 0.437926, 0.463303, 0.488314, 0.512747, 0.536385, 0.559010, 0.580405, 0.600361, 0.618675, 0.635158, 0.649635, 0.661952, 0.671973, 0.679588, 0.684713, 0.687290, 0.687290, 0.684713, 0.679589, 0.671973, 0.661952, 0.649636, 0.635159, 0.618676, 0.600362, 0.580406, 0.559011, 0.536386, 0.512748, 0.488315, 0.463304, 0.437927, 0.412390, 0.386886, 0.361601, 0.336703, 0.312346, 0.288666, 0.265784, 0.243801, 0.222800, 0.202849, 0.183996, 0.166274, 0.149702, 0.134283, 0.120009, 0.106861, 0.094812, 0.083823, 0.073852, 0.064851, 0.056769, 0.049553, 0.043147, 0.037499, 0.032554, 0.028264, 0.024579, 0.021457, 0.018857, 0.016746, 0.015093, 0.013874, 0.013072, 0.012674
0.013816, 0.014250, 0.015124, 0.016452, 0.018254, 0.020556, 0.023390, 0.026793, 0.030810, 0.035487, 0.040877, 0.047034, 0.054016, 0.061883, 0.070693, 0.080504, 0.091373, 0.103352, 0.116487, 0.130818, 0.146378, 0.163185, 0.181250, 0.200568, 0.221119, 0.242868, 0.265760, 0.289723, 0.314666, 0.340478, 0.367029, 0.394169, 0.421732, 0.449532, 0.477369, 0.505032, 0.532295, 0.558929, 0.584696, 0.609358, 0.632680, 0.654433, 0.674397, 0.692364, 0.708145, 0.721571, 0.732495, 0.740796, 0.746382, 0.749191, 0.749191, 0.746382, 0.740796, 0.732495, 0.721572, 0.708146, 0.692365, 0.674398, 0.654435, 0.632682, 0.609359, 0.584697, 0.558930, 0.532297, 0.505033, 0.477371, 0.449533, 0.421733, 0.394171, 0.367031, 0.340480, 0.314667, 0.289724, 0.265761, 0.242869, 0.221121, 0.200569, 0.181251, 0.163186, 0.146379, 0.130819, 0.116488, 0.103353, 0.091374, 0.080505, 0.070693, 0.061883, 0.054017, 0.047034, 0.040877, 0.035487, 0.030810, 0.026793, 0.023390, 0.020556, 0.018254, 0.016452, 0.015124, 0.014250, 0.013816
0.014996, 0.015467, 0.016416, 0.017857, 0.019813, 0.022311, 0.025387, 0.029081, 0.033441, 0.038517, 0.044367, 0.051050, 0.058629, 0.067167, 0.076729, 0.087378, 0.099175, 0.112176, 0.126433, 0.141987, 0.158875, 0.177117, 0.196724, 0.217691, 0.239997, 0.263602, 0.288448, 0.314457, 0.341529, 0.369545, 0.398362, 0.427820, 0.457735, 0.487907, 0.518121, 0.548145, 0.577736, 0.606643, 0.634609, 0.661376, 0.686689, 0.710299, 0.731967, 0.751468, 0.768596, 0.783167, 0.795023, 0.804033, 0.810096, 0.813145, 0.813145, 0.810097, 0.804033, 0.795024, 0.783168, 0.768597, 0.751469, 0.731968, 0.710301, 0.686691, 0.661378, 0.634610, 0.606644, 0.577738, 0.548147, 0.518123, 0.487909, 0.457736, 0.427821, 0.398364, 0.369547, 0.341531, 0.314459, 0.288450, 0.263604, 0.239999, 0.217693, 0.196725, 0.177118, 0.158876, 0.141989, 0.126434, 0.112177, 0.099176, 0.087379, 0.076729, 0.067167, 0.058629, 0.051050, 0.044367, 0.038517, 0.033441, 0.029081, 0.025387, 0.022312, 0.019813, 0.017858, 0.016416, 0.015467, 0.014996
0.016206, 0.016715, 0.017741, 0.019299, 0.021412, 0.024112, 0.027436, 0.031428, 0.036140, 0.041626, 0.047948, 0.055170, 0.063360, 0.072587, 0.082921, 0.094429, 0.107178, 0.121228, 0.136635, 0.153445, 0.171694, 0.191409, 0.212598, 0.235257, 0.259362, 0.284872, 0.311723, 0.339830, 0.369086, 0.399362, 0.430504, 0.462338, 0.494666, 0.527273, 0.559925, 0.592371, 0.624349, 0.655588, 0.685810, 0.714737, 0.742092, 0.767606, 0.791021, 0.812096, 0.830606, 0.846353, 0.859165, 0.868902, 0.875454, 0.878749, 0.878749, 0.875454, 0.868902, 0.859166, 0.846353, 0.830606, 0.812097, 0.791023, 0.767608, 0.742094, 0.714738, 0.685812, 0.655589, 0.624351, 0.592373, 0.559927, 0.527275, 0.494668, 0.462340, 0.430506, 0.399364, 0.369088, 0.339832, 0.311724, 0.284873, 0.259364, 0.235258, 0.212599, 0.191410, 0.171696, 0.153446, 0.136636, 0.121229, 0.107179, 0.094430, 0.082922, 0.072588, 0.063361, 0.055170, 0.047948, 0.041626, 0.036140, 0.031429, 0.027436, 0.024112, 0.021413, 0.019299, 0.017741, 0.016715, 0.016206
0.017439, 0.017987, 0.019090, 0.020766, 0.023041, 0.025946, 0.029522, 0.033818, 0.038888, 0.044791, 0.051593, 0.059365, 0.068178, 0.078106, 0.089225, 0.101609, 0.115326, 0.130445, 0.147022, 0.165110, 0.184747, 0.205960, 0.228760, 0.253141, 0.279079, 0.306528, 0.335420, 0.365663, 0.397143, 0.429720, 0.463230, 0.497483, 0.532269, 0.567354, 0.602487, 0.637399, 0.671808, 0.705421, 0.737940, 0.769065, 0.798500, 0.825953, 0.851148, 0.873823, 0.893740, 0.910684, 0.924471, 0.934947, 0.941997, 0.945542, 0.945542, 0.941997, 0.934947, 0.924472, 0.910685, 0.893741, 0.873824, 0.851149, 0.825955, 0.798501, 0.769067, 0.737942, 0.705423, 0.671810, 0.637401, 0.602489, 0.567356, 0.532271, 0.497485, 0.463232, 0.429722, 0.397145, 0.365665, 0.335421, 0.306529, 0.279081, 0.253143, 0.228762, 0.205961, 0.184748, 0.165111, 0.147023, 0.130446, 0.115327, 0.101609, 0.089226, 0.078107, 0.068178, 0.059365, 0.051594, 0.044791, 0.038888, 0.033819, 0.029523, 0.025946, 0.023041, 0.020767, 0.019090, 0.017987, 0.017439
0.018684, 0.019271, 0.020453, 0.022249, 0.024686, 0.027798, 0.031630, 0.036232, 0.041664, 0.047988, 0.055276, 0.063602, 0.073044, 0.083681, 0.095594, 0.108861, 0.123558, 0.139755, 0.157516, 0.176894, 0.197933, 0.220660, 0.245087, 0.271208, 0.298996, 0.328404, 0.359357, 0.391759, 0.425486, 0.460387, 0.496287, 0.532984, 0.570253, 0.607842, 0.645482, 0.682885, 0.719748, 0.755760, 0.790599, 0.823946, 0.855480, 0.884892, 0.911885, 0.936179, 0.957516, 0.975669, 0.990439, 1.001663, 1.009217, 1.013015, 1.013015, 1.009217, 1.001664, 0.990440, 0.975670, 0.957517, 0.936180, 0.911887, 0.884894, 0.855482, 0.823948, 0.790601, 0.755762, 0.719751, 0.682887, 0.645484, 0.607844, 0.570255, 0.532987, 0.496289, 0.460389, 0.425488, 0.391761, 0.359359, 0.328406, 0.298998, 0.271210, 0.245088, 0.220661, 0.197934, 0.176895, 0.157517, 0.139756, 0.123559, 0.108862, 0.095595, 0.083682, 0.073045, 0.063603, 0.055277, 0.047989, 0.041664, 0.036233, 0.031630, 0.027798, 0.024686, 0.022249, 0.020453, 0.019271, 0.018684
0.019931, 0.020557, 0.021819, 0.023734, 0.026334, 0.029654, 0.033742, 0.038651, 0.044445, 0.051191, 0.058966, 0.067848, 0.077920, 0.089267, 0.101974, 0.116126, 0.131804, 0.149082, 0.168028, 0.188699, 0.211142, 0.235385, 0.261442, 0.289306, 0.318949, 0.350319, 0.383338, 0.417901, 0.453878, 0.491108, 0.529404, 0.568550, 0.608304, 0.648401, 0.688552, 0.728450, 0.767774, 0.806188, 0.843351, 0.878922, 0.912561, 0.943935, 0.972729, 0.998643, 1.021404, 1.040768, 1.056523, 1.068496, 1.076554, 1.080605, 1.080605, 1.076554, 1.068497, 1.056524, 1.040769, 1.021405, 0.998644, 0.972730, 0.943937, 0.912562, 0.878924, 0.843354, 0.806190, 0.767776, 0.728453, 0.688554, 0.648403, 0.608306, 0.568552, 0.529406, 0.491111, 0.453880, 0.417903, 0.383340, 0.350321, 0.318951, 0.289308, 0.261444, 0.235387, 0.211143, 0.188701, 0.168029, 0.149083, 0.131805, 0.116127, 0.101975, 0.089267, 0.077920, 0.067848, 0.058966, 0.051192, 0.044445, 0.038651, 0.033742, 0.029654, 0.026334, 0.023735, 0.021819, 0.020557, 0.019931
0.021170, 0.021835, 0.023174, 0.025209, 0.027970, 0.031496, 0.035838, 0.041053, 0.047206, 0.054372, 0.062629, 0.072063, 0.082760, 0.094812, 0.108309, 0.123340, 0.139991, 0.158342, 0.178465, 0.200421, 0.224257, 0.250006, 0.277681, 0.307276, 0.338760, 0.372078, 0.407147, 0.443857, 0.482068, 0.521611, 0.562284, 0.603861, 0.646084, 0.688671, 0.731315, 0.773691, 0.815456, 0.856256, 0.895727, 0.933507, 0.969234, 1.002556, 1.033138, 1.060661, 1.084836, 1.105402, 1.122136, 1.134852, 1.143410, 1.147713, 1.147713, 1.143411, 1.134853, 1.122137, 1.105403, 1.084837, 1.060663, 1.033140, 1.002558, 0.969236, 0.933509, 0.895730, 0.856258, 0.815459, 0.773694, 0.731318, 0.688673, 0.646087, 0.603864, 0.562287, 0.521613, 0.482071, 0.443860, 0.407149, 0.372080, 0.338762, 0.307278, 0.277683, 0.250008, 0.224259, 0.200422, 0.178466, 0.158343, 0.139992, 0.123341, 0.108310, 0.094813, 0.082761, 0.072063, 0.062630, 0.054372, 0.047207, 0.041053, 0.035838, 0.031497, 0.027970, 0.025209, 0.023174, 0.021835, 0.021170
0.022388, 0.023091, 0.024508, 0.026660, 0.029579, 0.033309, 0.037900, 0.043414, 0.049922, 0.057500, 0.066232, 0.076208, 0.087521, 0.100266, 0.114539, 0.130434, 0.148043, 0.167449, 0.188729, 0.211947, 0.237154, 0.264384, 0.293651, 0.324947, 0.358242, 0.393475, 0.430561, 0.469382, 0.509790, 0.551606, 0.594618, 0.638586, 0.683236, 0.728271, 0.773368, 0.818180, 0.862346, 0.905491, 0.947232, 0.987184, 1.024965, 1.060203, 1.092543, 1.121649, 1.147213, 1.168962, 1.186658, 1.200105, 1.209155, 1.213705, 1.213706, 1.209155, 1.200106, 1.186659, 1.168963, 1.147215, 1.121650, 1.092545, 1.060205, 1.024967, 0.987186, 0.947235, 0.905494, 0.862349, 0.818183, 0.773370, 0.728274, 0.683239, 0.638588, 0.594621, 0.551608, 0.509793, 0.469384, 0.430563, 0.393477, 0.358244, 0.324949, 0.293653, 0.264386, 0.237156, 0.211949, 0.188731, 0.167450, 0.148044, 0.130435, 0.114540, 0.100266, 0.087521, 0.076209, 0.066233, 0.057500, 0.049922, 0.043415, 0.037900, 0.033309, 0.029579, 0.026660, 0.024508, 0.023091, 0.022388
