0.056168, 0.057323, 0.059642, 0.063142, 0.067847, 0.073790, 0.081009, 0.089550, 0.099464, 0.110803, 0.123626, 0.137989, 0.153950, 0.171566, 0.190887, 0.211961, 0.234827, 0.259513, 0.286039, 0.314409, 0.344615, 0.376626, 0.410398, 0.445867, 0.482947, 0.521529, 0.561484, 0.602658, 0.644877, 0.687943, 0.731637, 0.775721, 0.819937, 0.864013, 0.907663, 0.950588, 0.992483, 1.033039, 1.071946, 1.108898, 1.143596, 1.175752, 1.205094, 1.231368, 1.254345, 1.273820, 1.289617, 1.301594, 1.309640, 1.313682, 1.313682, 1.309641, 1.301594, 1.289618, 1.273821, 1.254346, 1.231370, 1.205095, 1.175754, 1.143598, 1.108900, 1.071948, 1.033041, 0.992485, 0.950590, 0.907665, 0.864016, 0.819940, 0.775723, 0.731640, 0.687945, 0.644880, 0.602661, 0.561486, 0.521532, 0.482949, 0.445869, 0.410401, 0.376628, 0.344617, 0.314411, 0.286040, 0.259514, 0.234828, 0.211963, 0.190889, 0.171567, 0.153951, 0.137989, 0.123626, 0.110804, 0.099464, 0.089551, 0.081010, 0.073790, 0.067847, 0.063142, 0.059642, 0.057323, 0.056168
0.054789, 0.055916, 0.058178, 0.061592, 0.066181, 0.071978, 0.079020, 0.087352, 0.097022, 0.108083, 0.120590, 0.134600, 0.150169, 0.167352, 0.186200, 0.206756, 0.229060, 0.253140, 0.279014, 0.306689, 0.336151, 0.367376, 0.400318, 0.434915, 0.471083, 0.508717, 0.547690, 0.587853, 0.629034, 0.671041, 0.713662, 0.756662, 0.799792, 0.842785, 0.885361, 0.927231, 0.968096, 1.007655, 1.045606, 1.081650, 1.115495, 1.146860, 1.175481, 1.201110, 1.223522, 1.242519, 1.257928, 1.269610, 1.277459, 1.281402, 1.281402, 1.277459, 1.269611, 1.257929, 1.242520, 1.223524, 1.201112, 1.175483, 1.146862, 1.115497, 1.081652, 1.045609, 1.007658, 0.968098, 0.927233, 0.885364, 0.842787, 0.799794, 0.756665, 0.713664, 0.671044, 0.629037, 0.587855, 0.547693, 0.508720, 0.471085, 0.434917, 0.400320, 0.367378, 0.336153, 0.306690, 0.279016, 0.253141, 0.229061, 0.206757, 0.186201, 0.167354, 0.150170, 0.134601, 0.120591, 0.108083, 0.097022, 0.087352, 0.079021, 0.071978, 0.066182, 0.061592, 0.058178, 0.055916, 0.054789
0.053244, 0.054340, 0.056538, 0.059855, 0.064315, 0.069949, 0.076792, 0.084889, 0.094286, 0.105035, 0.117189, 0.130804, 0.145935, 0.162633, 0.180948, 0.200925, 0.222600, 0.246001, 0.271146, 0.298040, 0.326671, 0.357014, 0.389027, 0.422647, 0.457794, 0.494367, 0.532240, 0.571269, 0.611288, 0.652110, 0.693528, 0.735314, 0.777227, 0.819007, 0.860381, 0.901069, 0.940781, 0.979224, 1.016104, 1.051131, 1.084020, 1.114501, 1.142314, 1.167219, 1.188999, 1.207459, 1.222433, 1.233786, 1.241413, 1.245244, 1.245244, 1.241413, 1.233787, 1.222434, 1.207460, 1.189000, 1.167220, 1.142315, 1.114502, 1.084022, 1.051133, 1.016106, 0.979226, 0.940784, 0.901072, 0.860384, 0.819009, 0.777230, 0.735317, 0.693530, 0.652113, 0.611291, 0.571271, 0.532242, 0.494369, 0.457797, 0.422649, 0.389028, 0.357016, 0.326672, 0.298041, 0.271147, 0.246003, 0.222601, 0.200926, 0.180950, 0.162634, 0.145936, 0.130805, 0.117190, 0.105036, 0.094287, 0.084889, 0.076793, 0.069949, 0.064316, 0.059856, 0.056538, 0.054340, 0.053245
0.051550, 0.052610, 0.054739, 0.057951, 0.062269, 0.067722, 0.074348, 0.082187, 0.091285, 0.101692, 0.113459, 0.126641, 0.141289, 0.157456, 0.175188, 0.194529, 0.215514, 0.238170, 0.262515, 0.288551, 0.316270, 0.345647, 0.376640, 0.409190, 0.443217, 0.478625, 0.515291, 0.553077, 0.591822, 0.631344, 0.671442, 0.711898, 0.752476, 0.792924, 0.832981, 0.872372, 0.910819, 0.948037, 0.983742, 1.017653, 1.049495, 1.079005, 1.105932, 1.130044, 1.151130, 1.169002, 1.183500, 1.194490, 1.201875, 1.205584, 1.205584, 1.201875, 1.194491, 1.183500, 1.169003, 1.151131, 1.130046, 1.105934, 1.079007, 1.049497, 1.017655, 0.983744, 0.948040, 0.910822, 0.872375, 0.832983, 0.792926, 0.752478, 0.711901, 0.671445, 0.631346, 0.591825, 0.553080, 0.515294, 0.478627, 0.443220, 0.409192, 0.376642, 0.345649, 0.316272, 0.288553, 0.262516, 0.238171, 0.215515, 0.194530, 0.175189, 0.157457, 0.141290, 0.126642, 0.113460, 0.101692, 0.091285, 0.082187, 0.074349, 0.067723, 0.062269, 0.057951, 0.054739, 0.052610, 0.051550
0.049723, 0.050745, 0.052798, 0.055896, 0.060061, 0.065322, 0.071713, 0.079273, 0.088049, 0.098086, 0.109437, 0.122151, 0.136280, 0.151873, 0.168977, 0.187631, 0.207872, 0.229725, 0.253206, 0.278320, 0.305056, 0.333390, 0.363284, 0.394679, 0.427499, 0.461650, 0.497016, 0.533462, 0.570833, 0.608952, 0.647628, 0.686649, 0.725787, 0.764800, 0.803436, 0.841430, 0.878513, 0.914411, 0.948849, 0.981556, 1.012269, 1.040732, 1.066704, 1.089961, 1.110299, 1.127537, 1.141520, 1.152121, 1.159243, 1.162821, 1.162821, 1.159243, 1.152122, 1.141521, 1.127538, 1.110300, 1.089962, 1.066705, 1.040733, 1.012271, 0.981558, 0.948851, 0.914413, 0.878515, 0.841432, 0.803438, 0.764803, 0.725789, 0.686651, 0.647631, 0.608955, 0.570835, 0.533464, 0.497019, 0.461653, 0.427501, 0.394681, 0.363286, 0.333392, 0.305057, 0.278321, 0.253208, 0.229726, 0.207873, 0.187633, 0.168978, 0.151874, 0.136281, 0.122152, 0.109437, 0.098087, 0.088049, 0.079274, 0.071713, 0.065322, 0.060062, 0.055897, 0.052799, 0.050746, 0.049723
0.047781, 0.048764, 0.050736, 0.053713, 0.057715, 0.062770, 0.068911, 0.076177, 0.084609, 0.094255, 0.105162, 0.117379, 0.130956, 0.145940, 0.162375, 0.180301, 0.199751, 0.220750, 0.243314, 0.267446, 0.293137, 0.320364, 0.349089, 0.379257, 0.410795, 0.443611, 0.477595, 0.512616, 0.548526, 0.585156, 0.622320, 0.659816, 0.697424, 0.734913, 0.772038, 0.808547, 0.844181, 0.878675, 0.911767, 0.943196, 0.972708, 1.000059, 1.025016, 1.047363, 1.066907, 1.083471, 1.096907, 1.107094, 1.113938, 1.117375, 1.117376, 1.113938, 1.107095, 1.096908, 1.083472, 1.066908, 1.047365, 1.025017, 1.000060, 0.972710, 0.943198, 0.911769, 0.878677, 0.844183, 0.808550, 0.772040, 0.734915, 0.697426, 0.659818, 0.622323, 0.585158, 0.548528, 0.512619, 0.477597, 0.443613, 0.410797, 0.379259, 0.349091, 0.320365, 0.293138, 0.267447, 0.243315, 0.220751, 0.199752, 0.180302, 0.162376, 0.145941, 0.130957, 0.117380, 0.105162, 0.094256, 0.084610, 0.076177, 0.068912, 0.062771, 0.057716, 0.053713, 0.050736, 0.048764, 0.047781
0.045743, 0.046683, 0.048572, 0.051422, 0.055253, 0.060093, 0.065972, 0.072927, 0.081000, 0.090234, 0.100675, 0.112371, 0.125369, 0.139713, 0.155447, 0.172608, 0.191228, 0.211330, 0.232931, 0.256033, 0.280628, 0.306693, 0.334192, 0.363073, 0.393265, 0.424680, 0.457213, 0.490740, 0.525117, 0.560183, 0.595761, 0.631656, 0.667659, 0.703548, 0.739089, 0.774039, 0.808151, 0.841173, 0.872853, 0.902940, 0.931193, 0.957375, 0.981267, 1.002661, 1.021370, 1.037227, 1.050090, 1.059842, 1.066394, 1.069685, 1.069685, 1.066394, 1.059843, 1.050091, 1.037228, 1.021371, 1.002662, 0.981268, 0.957377, 0.931194, 0.902942, 0.872855, 0.841175, 0.808154, 0.774042, 0.739091, 0.703550, 0.667662, 0.631659, 0.595764, 0.560186, 0.525119, 0.490742, 0.457215, 0.424682, 0.393267, 0.363075, 0.334194, 0.306695, 0.280629, 0.256035, 0.232933, 0.211332, 0.191229, 0.172609, 0.155448, 0.139714, 0.125370, 0.112372, 0.100676, 0.090234, 0.081000, 0.072928, 0.065972, 0.060093, 0.055254, 0.051422, 0.048572, 0.046684, 0.045743
0.043627, 0.044525, 0.046326, 0.049044, 0.052698, 0.057314, 0.062921, 0.069554, 0.077253, 0.086060, 0.096019, 0.107174, 0.119570, 0.133251, 0.148257, 0.164624, 0.182382, 0.201554, 0.222155, 0.244189, 0.267646, 0.292505, 0.318732, 0.346276, 0.375071, 0.405033, 0.436061, 0.468036, 0.500822, 0.534266, 0.568198, 0.602432, 0.636769, 0.670997, 0.704893, 0.738226, 0.770760, 0.802254, 0.832467, 0.861162, 0.888107, 0.913078, 0.935864, 0.956268, 0.974111, 0.989234, 1.001502, 1.010803, 1.017051, 1.020190, 1.020190, 1.017052, 1.010804, 1.001503, 0.989235, 0.974112, 0.956269, 0.935865, 0.913080, 0.888109, 0.861164, 0.832469, 0.802256, 0.770762, 0.738228, 0.704895, 0.670999, 0.636771, 0.602434, 0.568200, 0.534268, 0.500824, 0.468038, 0.436063, 0.405035, 0.375073, 0.346278, 0.318734, 0.292507, 0.267647, 0.244190, 0.222157, 0.201556, 0.182383, 0.164625, 0.148258, 0.133252, 0.119571, 0.107174, 0.096019, 0.086061, 0.077254, 0.069555, 0.062921, 0.057314, 0.052698, 0.049044, 0.046326, 0.044525, 0.043627
0.041454, 0.042306, 0.044018, 0.046600, 0.050072, 0.054458, 0.059785, 0.066089, 0.073404, 0.081772, 0.091234, 0.101833, 0.113612, 0.126611, 0.140869, 0.156420, 0.173293, 0.191510, 0.211084, 0.232019, 0.254306, 0.277927, 0.302847, 0.329018, 0.356377, 0.384846, 0.414327, 0.444708, 0.475860, 0.507637, 0.539877, 0.572404, 0.605030, 0.637551, 0.669758, 0.701429, 0.732341, 0.762265, 0.790972, 0.818237, 0.843838, 0.867564, 0.889214, 0.908601, 0.925554, 0.939924, 0.951580, 0.960417, 0.966354, 0.969336, 0.969336, 0.966354, 0.960417, 0.951580, 0.939924, 0.925555, 0.908602, 0.889215, 0.867565, 0.843839, 0.818238, 0.790974, 0.762267, 0.732343, 0.701431, 0.669760, 0.637553, 0.605032, 0.572407, 0.539879, 0.507639, 0.475862, 0.444710, 0.414328, 0.384847, 0.356379, 0.329019, 0.302848, 0.277928, 0.254308, 0.232020, 0.211085, 0.191511, 0.173294, 0.156421, 0.140870, 0.126612, 0.113612, 0.101834, 0.091235, 0.081772, 0.073405, 0.066089, 0.059786, 0.054458, 0.050073, 0.046600, 0.044018, 0.042306, 0.041454
0.039240, 0.040048, 0.041668, 0.044112, 0.047399, 0.051550, 0.056593, 0.062560, 0.069485, 0.077406, 0.086362, 0.096395, 0.107545, 0.119850, 0.133346, 0.148067, 0.164039, 0.181282, 0.199811, 0.219628, 0.240725, 0.263084, 0.286673, 0.311446, 0.337344, 0.364292, 0.392198, 0.420957, 0.450444, 0.480524, 0.511042, 0.541832, 0.572715, 0.603499, 0.633985, 0.663965, 0.693225, 0.721550, 0.748724, 0.774533, 0.798766, 0.821225, 0.841718, 0.860069, 0.876116, 0.889718, 0.900752, 0.909117, 0.914737, 0.917560, 0.917560, 0.914737, 0.909118, 0.900752, 0.889719, 0.876117, 0.860070, 0.841719, 0.821226, 0.798767, 0.774534, 0.748726, 0.721552, 0.693227, 0.663966, 0.633987, 0.603501, 0.572717, 0.541834, 0.511044, 0.480526, 0.450446, 0.420958, 0.392200, 0.364294, 0.337346, 0.311448, 0.286674, 0.263085, 0.240726, 0.219629, 0.199812, 0.181283, 0.164040, 0.148068, 0.133347, 0.119851, 0.107546, 0.096396, 0.086363, 0.077406, 0.069485, 0.062560, 0.056594, 0.051551, 0.047399, 0.044112, 0.041668, 0.040048, 0.039241
0.037006, 0.037767, 0.039295, 0.041600, 0.044700, 0.048615, 0.053370, 0.058997, 0.065527, 0.072997, 0.081444, 0.090905, 0.101420, 0.113024, 0.125751, 0.139633, 0.154695, 0.170957, 0.188429, 0.207117, 0.227012, 0.248098, 0.270343, 0.293705, 0.318128, 0.343541, 0.369857, 0.396977, 0.424785, 0.453151, 0.481930, 0.510967, 0.540089, 0.569120, 0.597869, 0.626141, 0.653734, 0.680446, 0.706071, 0.730409, 0.753262, 0.774441, 0.793766, 0.811072, 0.826206, 0.839032, 0.849437, 0.857326, 0.862625, 0.865287, 0.865287, 0.862626, 0.857326, 0.849438, 0.839033, 0.826206, 0.811073, 0.793768, 0.774442, 0.753263, 0.730410, 0.706072, 0.680447, 0.653736, 0.626142, 0.597870, 0.569122, 0.540091, 0.510968, 0.481932, 0.453153, 0.424787, 0.396979, 0.369859, 0.343542, 0.318130, 0.293707, 0.270344, 0.248099, 0.227014, 0.207118, 0.188431, 0.170958, 0.154696, 0.139634, 0.125752, 0.113025, 0.101421, 0.090906, 0.081444, 0.072998, 0.065528, 0.058997, 0.053371, 0.048615, 0.044700, 0.041600, 0.039295, 0.037767, 0.037006
0.034767, 0.035482, 0.036918, 0.039084, 0.041996, 0.045674, 0.050142, 0.055428, 0.061563, 0.068581, 0.076517, 0.085406, 0.095284, 0.106186, 0.118143, 0.131185, 0.145336, 0.160613, 0.177028, 0.194585, 0.213276, 0.233086, 0.253985, 0.275934, 0.298879, 0.322754, 0.347478, 0.372957, 0.399082, 0.425731, 0.452769, 0.480048, 0.507408, 0.534682, 0.561691, 0.588252, 0.614176, 0.639271, 0.663345, 0.686210, 0.707680, 0.727578, 0.745734, 0.761992, 0.776210, 0.788260, 0.798035, 0.805447, 0.810425, 0.812926, 0.812926, 0.810426, 0.805447, 0.798036, 0.788261, 0.776210, 0.761993, 0.745735, 0.727579, 0.707682, 0.686212, 0.663347, 0.639272, 0.614177, 0.588254, 0.561693, 0.534684, 0.507410, 0.480049, 0.452770, 0.425732, 0.399083, 0.372958, 0.347479, 0.322755, 0.298880, 0.275935, 0.253986, 0.233087, 0.213278, 0.194586, 0.177029, 0.160614, 0.145337, 0.131186, 0.118144, 0.106187, 0.095285, 0.085406, 0.076517, 0.068582, 0.061564, 0.055428, 0.050142, 0.045674, 0.041996, 0.039084, 0.036918, 0.035483, 0.034767
0.032542, 0.033211, 0.034554, 0.036581, 0.039307, 0.042749, 0.046931, 0.051879, 0.057622, 0.064190, 0.071617, 0.079937, 0.089183, 0.099386, 0.110578, 0.122785, 0.136029, 0.150328, 0.165692, 0.182124, 0.199618, 0.218159, 0.237720, 0.258263, 0.279739, 0.302085, 0.325225, 0.349072, 0.373524, 0.398466, 0.423772, 0.449304, 0.474912, 0.500439, 0.525719, 0.550578, 0.574841, 0.598329, 0.620862, 0.642262, 0.662357, 0.680980, 0.697973, 0.713190, 0.726497, 0.737775, 0.746925, 0.753861, 0.758521, 0.760861, 0.760862, 0.758521, 0.753861, 0.746925, 0.737776, 0.726497, 0.713191, 0.697974, 0.680981, 0.662358, 0.642263, 0.620863, 0.598330, 0.574843, 0.550580, 0.525720, 0.500441, 0.474914, 0.449305, 0.423774, 0.398468, 0.373525, 0.349074, 0.325226, 0.302086, 0.279740, 0.258264, 0.237721, 0.218160, 0.199619, 0.182125, 0.165693, 0.150329, 0.136030, 0.122786, 0.110579, 0.099387, 0.089183, 0.079938, 0.071618, 0.064190, 0.057622, 0.051879, 0.046932, 0.042750, 0.039307, 0.036582, 0.034554, 0.033211, 0.032542
0.030344, 0.030968, 0.032220, 0.034111, 0.036652, 0.039862, 0.043761, 0.048375, 0.053729, 0.059854, 0.066779, 0.074537, 0.083158, 0.092673, 0.103108, 0.114490, 0.126839, 0.140172, 0.154498, 0.169819, 0.186131, 0.203419, 0.221659, 0.240814, 0.260839, 0.281675, 0.303252, 0.325488, 0.348287, 0.371544, 0.395140, 0.418947, 0.442825, 0.466627, 0.490198, 0.513378, 0.536002, 0.557902, 0.578912, 0.598867, 0.617604, 0.634968, 0.650813, 0.665002, 0.677409, 0.687926, 0.696457, 0.702924, 0.707269, 0.709452, 0.709452, 0.707269, 0.702925, 0.696457, 0.687926, 0.677410, 0.665002, 0.650814, 0.634969, 0.617605, 0.598868, 0.578914, 0.557904, 0.536003, 0.513379, 0.490200, 0.466628, 0.442826, 0.418948, 0.395142, 0.371546, 0.348289, 0.325489, 0.303253, 0.281676, 0.260840, 0.240815, 0.221660, 0.203420, 0.186132, 0.169820, 0.154499, 0.140173, 0.126840, 0.114491, 0.103109, 0.092673, 0.083159, 0.074538, 0.066780, 0.059854, 0.053730, 0.048375, 0.043762, 0.039862, 0.036652, 0.034111, 0.032220, 0.030968, 0.030344
0.028187, 0.028767, 0.029931, 0.031687, 0.034048, 0.037029, 0.040652, 0.044937, 0.049911, 0.055601, 0.062034, 0.069240, 0.077249, 0.086087, 0.095781, 0.106354, 0.117825, 0.130210, 0.143518, 0.157750, 0.172903, 0.188962, 0.205904, 0.223698, 0.242300, 0.261655, 0.281699, 0.302354, 0.323533, 0.345137, 0.367056, 0.389170, 0.411351, 0.433461, 0.455357, 0.476889, 0.497905, 0.518249, 0.537766, 0.556301, 0.573707, 0.589837, 0.604555, 0.617735, 0.629261, 0.639030, 0.646954, 0.652962, 0.656998, 0.659026, 0.659026, 0.656999, 0.652963, 0.646955, 0.639030, 0.629262, 0.617736, 0.604556, 0.589838, 0.573708, 0.556302, 0.537767, 0.518250, 0.497906, 0.476891, 0.455358, 0.433462, 0.411352, 0.389172, 0.367057, 0.345139, 0.323535, 0.302355, 0.281700, 0.261656, 0.242301, 0.223699, 0.205905, 0.188962, 0.172904, 0.157751, 0.143519, 0.130211, 0.117826, 0.106354, 0.095781, 0.086087, 0.077249, 0.069241, 0.062034, 0.055601, 0.049911, 0.044938, 0.040652, 0.037030, 0.034048, 0.031687, 0.029931, 0.028767, 0.028188
0.026086, 0.026622, 0.027699, 0.029324, 0.031509, 0.034269, 0.037621, 0.041587, 0.046190, 0.051455, 0.057409, 0.064078, 0.071489, 0.079668, 0.088639, 0.098423, 0.109040, 0.120501, 0.132816, 0.145987, 0.160009, 0.174871, 0.190550, 0.207016, 0.224231, 0.242143, 0.260692, 0.279807, 0.299407, 0.319400, 0.339684, 0.360149, 0.380675, 0.401136, 0.421399, 0.441326, 0.460774, 0.479600, 0.497662, 0.514815, 0.530922, 0.545849, 0.559470, 0.571667, 0.582333, 0.591374, 0.598707, 0.604267, 0.608002, 0.609878, 0.609878, 0.608002, 0.604267, 0.598708, 0.591374, 0.582334, 0.571668, 0.559471, 0.545850, 0.530923, 0.514816, 0.497663, 0.479601, 0.460775, 0.441327, 0.421400, 0.401138, 0.380676, 0.360150, 0.339685, 0.319401, 0.299408, 0.279808, 0.260693, 0.242144, 0.224232, 0.207017, 0.190551, 0.174871, 0.160010, 0.145988, 0.132817, 0.120502, 0.109040, 0.098424, 0.088639, 0.079668, 0.071489, 0.064078, 0.057409, 0.051455, 0.046190, 0.041587, 0.037621, 0.034269, 0.031509, 0.029324, 0.027699, 0.026623, 0.026086
0.024050, 0.024545, 0.025538, 0.027036, 0.029050, 0.031594, 0.034685, 0.038341, 0.042585, 0.047439, 0.052928, 0.059076, 0.065909, 0.073450, 0.081720, 0.090741, 0.100529, 0.111095, 0.122449, 0.134592, 0.147520, 0.161221, 0.175676, 0.190857, 0.206727, 0.223241, 0.240342, 0.257965, 0.276035, 0.294467, 0.313168, 0.332036, 0.350960, 0.369824, 0.388505, 0.406875, 0.424805, 0.442162, 0.458813, 0.474628, 0.489477, 0.503239, 0.515797, 0.527041, 0.536875, 0.545210, 0.551971, 0.557096, 0.560540, 0.562270, 0.562270, 0.560540, 0.557097, 0.551971, 0.545210, 0.536876, 0.527042, 0.515797, 0.503240, 0.489478, 0.474629, 0.458814, 0.442163, 0.424806, 0.406876, 0.388506, 0.369825, 0.350961, 0.332037, 0.313169, 0.294468, 0.276036, 0.257966, 0.240343, 0.223242, 0.206728, 0.190858, 0.175676, 0.161222, 0.147521, 0.134593, 0.122450, 0.111096, 0.100529, 0.090742, 0.081721, 0.073450, 0.065909, 0.059077, 0.052928, 0.047439, 0.042585, 0.038341, 0.034685, 0.031594, 0.029050, 0.027036, 0.025538, 0.024545, 0.024050
0.022090, 0.022544, 0.023456, 0.024832, 0.026682, 0.029019, 0.031857, 0.035216, 0.039113, 0.043572, 0.048613, 0.054260, 0.060536, 0.067462, 0.075058, 0.083343, 0.092333, 0.102038, 0.112466, 0.123619, 0.135492, 0.148076, 0.161352, 0.175295, 0.189872, 0.205039, 0.220746, 0.236932, 0.253529, 0.270458, 0.287634, 0.304963, 0.322344, 0.339670, 0.356828, 0.373701, 0.390169, 0.406110, 0.421404, 0.435928, 0.449567, 0.462207, 0.473741, 0.484068, 0.493100, 0.500755, 0.506965, 0.511672, 0.514835, 0.516424, 0.516424, 0.514835, 0.511673, 0.506965, 0.500755, 0.493101, 0.484069, 0.473741, 0.462208, 0.449568, 0.435929, 0.421404, 0.406111, 0.390170, 0.373702, 0.356829, 0.339671, 0.322346, 0.304964, 0.287635, 0.270459, 0.253530, 0.236933, 0.220747, 0.205040, 0.189873, 0.175296, 0.161353, 0.148077, 0.135493, 0.123620, 0.112467, 0.102039, 0.092334, 0.083344, 0.075059, 0.067462, 0.060536, 0.054261, 0.048613, 0.043572, 0.039114, 0.035216, 0.031857, 0.029019, 0.026682, 0.024832, 0.023456, 0.022544, 0.022090
0.020213, 0.020628, 0.021463, 0.022722, 0.024415, 0.026553, 0.029150, 0.032223, 0.035789, 0.039869, 0.044482, 0.049649, 0.055391, 0.061728, 0.068679, 0.076260, 0.084486, 0.093366, 0.102908, 0.113112, 0.123977, 0.135491, 0.147639, 0.160396, 0.173734, 0.187611, 0.201983, 0.216794, 0.231980, 0.247470, 0.263187, 0.279043, 0.294946, 0.310800, 0.326499, 0.341938, 0.357006, 0.371592, 0.385586, 0.398876, 0.411355, 0.422921, 0.433474, 0.442924, 0.451188, 0.458192, 0.463874, 0.468181, 0.471075, 0.472529, 0.472529, 0.471075, 0.468181, 0.463874, 0.458192, 0.451188, 0.442924, 0.433474, 0.422921, 0.411356, 0.398877, 0.385586, 0.371593, 0.357007, 0.341939, 0.326500, 0.310801, 0.294947, 0.279044, 0.263188, 0.247471, 0.231981, 0.216794, 0.201984, 0.187612, 0.173735, 0.160397, 0.147639, 0.135492, 0.123977, 0.113113, 0.102908, 0.093367, 0.084486, 0.076261, 0.068680, 0.061729, 0.055392, 0.049649, 0.044482, 0.039869, 0.035790, 0.032223, 0.029150, 0.026553, 0.024415, 0.022722, 0.021463, 0.020628, 0.020213
0.018425, 0.018804, 0.019565, 0.020713, 0.022256, 0.024205, 0.026572, 0.029373, 0.032624, 0.036343, 0.040548, 0.045258, 0.050493, 0.056269, 0.062606, 0.069516, 0.077014, 0.085109, 0.093807, 0.103109, 0.113012, 0.123508, 0.134581, 0.146211, 0.158368, 0.171019, 0.184119, 0.197619, 0.211462, 0.225583, 0.239909, 0.254363, 0.268860, 0.283311, 0.297622, 0.311695, 0.325431, 0.338727, 0.351483, 0.363598, 0.374973, 0.385516, 0.395135, 0.403749, 0.411282, 0.417667, 0.422846, 0.426773, 0.429411, 0.430736, 0.430736, 0.429411, 0.426773, 0.422847, 0.417668, 0.411283, 0.403750, 0.395136, 0.385516, 0.374974, 0.363598, 0.351484, 0.338728, 0.325432, 0.311696, 0.297623, 0.283312, 0.268861, 0.254364, 0.239910, 0.225584, 0.211463, 0.197620, 0.184120, 0.171019, 0.158369, 0.146212, 0.134582, 0.123509, 0.113013, 0.103110, 0.093807, 0.085110, 0.077015, 0.069517, 0.062606, 0.056270, 0.050493, 0.045259, 0.040548, 0.036343, 0.032625, 0.029374, 0.026572, 0.024205, 0.022256, 0.020713, 0.019565, 0.018804, 0.018425
0.016733, 0.017077, 0.017768, 0.018810, 0.020211, 0.021981, 0.024131, 0.026675, 0.029628, 0.033005, 0.036823, 0.041101, 0.045854, 0.051100, 0.056854, 0.063130, 0.069939, 0.077290, 0.085189, 0.093636, 0.102630, 0.112161, 0.122217, 0.132778, 0.143818, 0.155306, 0.167203, 0.179463, 0.192034, 0.204857, 0.217867, 0.230993, 0.244158, 0.257282, 0.270278, 0.283058, 0.295532, 0.307606, 0.319190, 0.330192, 0.340522, 0.350096, 0.358832, 0.366654, 0.373495, 0.379293, 0.383997, 0.387562, 0.389958, 0.391161, 0.391161, 0.389958, 0.387563, 0.383997, 0.379294, 0.373495, 0.366655, 0.358832, 0.350096, 0.340523, 0.330192, 0.319191, 0.307607, 0.295532, 0.283059, 0.270279, 0.257283, 0.244159, 0.230994, 0.217868, 0.204857, 0.192034, 0.179464, 0.167204, 0.155307, 0.143819, 0.132779, 0.122218, 0.112162, 0.102630, 0.093637, 0.085189, 0.077291, 0.069939, 0.063130, 0.056855, 0.051101, 0.045855, 0.041101, 0.036824, 0.033005, 0.029628, 0.026675, 0.024131, 0.021981, 0.020211, 0.018810, 0.017768, 0.017077, 0.016733
0.015139, 0.015450, 0.016075, 0.017018, 0.018286, 0.019887, 0.021832, 0.024134, 0.026805, 0.029860, 0.033315, 0.037185, 0.041485, 0.046231, 0.051437, 0.057115, 0.063275, 0.069926, 0.077072, 0.084714, 0.092851, 0.101474, 0.110571, 0.120126, 0.130114, 0.140507, 0.151270, 0.162362, 0.173735, 0.185336, 0.197106, 0.208981, 0.220892, 0.232765, 0.244522, 0.256085, 0.267370, 0.278294, 0.288774, 0.298727, 0.308073, 0.316735, 0.324638, 0.331715, 0.337904, 0.343150, 0.347405, 0.350631, 0.352798, 0.353887, 0.353887, 0.352798, 0.350631, 0.347405, 0.343150, 0.337904, 0.331716, 0.324639, 0.316735, 0.308074, 0.298728, 0.288775, 0.278295, 0.267371, 0.256086, 0.244523, 0.232765, 0.220893, 0.208982, 0.197106, 0.185336, 0.173735, 0.162362, 0.151271, 0.140508, 0.130115, 0.120127, 0.110572, 0.101474, 0.092851, 0.084715, 0.077072, 0.069926, 0.063275, 0.057115, 0.051437, 0.046232, 0.041485, 0.037185, 0.033315, 0.029860, 0.026805, 0.024134, 0.021832, 0.019887, 0.018286, 0.017018, 0.016075, 0.015450, 0.015139
0.013645, 0.013926, 0.014489, 0.015339, 0.016481, 0.017925, 0.019678, 0.021752, 0.024160, 0.026914, 0.030027, 0.033515, 0.037392, 0.041669, 0.046361, 0.051479, 0.057031, 0.063025, 0.069466, 0.076355, 0.083688, 0.091460, 0.099660, 0.108272, 0.117274, 0.126642, 0.136342, 0.146339, 0.156589, 0.167045, 0.177654, 0.188357, 0.199092, 0.209793, 0.220391, 0.230812, 0.240984, 0.250830, 0.260276, 0.269247, 0.277671, 0.285477, 0.292601, 0.298979, 0.304558, 0.309285, 0.313120, 0.316028, 0.317981, 0.318963, 0.318963, 0.317982, 0.316028, 0.313121, 0.309286, 0.304558, 0.298980, 0.292601, 0.285478, 0.277671, 0.269247, 0.260276, 0.250830, 0.240984, 0.230813, 0.220391, 0.209794, 0.199093, 0.188358, 0.177655, 0.167046, 0.156590, 0.146340, 0.136343, 0.126642, 0.117275, 0.108272, 0.099660, 0.091461, 0.083689, 0.076355, 0.069467, 0.063026, 0.057031, 0.051479, 0.046362, 0.041670, 0.037392, 0.033516, 0.030028, 0.026914, 0.024160, 0.021752, 0.019678, 0.017925, 0.016481, 0.015339, 0.014489, 0.013926, 0.013645
0.012253, 0.012505, 0.013010, 0.013774, 0.014800, 0.016096, 0.017670, 0.019533, 0.021694, 0.024167, 0.026963, 0.030095, 0.033576, 0.037417, 0.041630, 0.046225, 0.051211, 0.056594, 0.062377, 0.068562, 0.075148, 0.082127, 0.089490, 0.097222, 0.105306, 0.113717, 0.122428, 0.131404, 0.140609, 0.149997, 0.159523, 0.169134, 0.178773, 0.188382, 0.197898, 0.207255, 0.216389, 0.225230, 0.233712, 0.241767, 0.249332, 0.256342, 0.262738, 0.268466, 0.273475, 0.277720, 0.281164, 0.283775, 0.285529, 0.286410, 0.286410, 0.285529, 0.283775, 0.281164, 0.277720, 0.273475, 0.268466, 0.262738, 0.256342, 0.249332, 0.241768, 0.233713, 0.225231, 0.216389, 0.207256, 0.197898, 0.188383, 0.178774, 0.169134, 0.159524, 0.149998, 0.140609, 0.131405, 0.122428, 0.113718, 0.105306, 0.097223, 0.089490, 0.082127, 0.075148, 0.068563, 0.062377, 0.056594, 0.051211, 0.046226, 0.041630, 0.037417, 0.033576, 0.030096, 0.026963, 0.024167, 0.021695, 0.019533, 0.017670, 0.016096, 0.014800, 0.013774, 0.013010, 0.012505, 0.012253
0.010961, 0.011187, 0.011639, 0.012322, 0.013240, 0.014399, 0.015808, 0.017474, 0.019408, 0.021620, 0.024122, 0.026924, 0.030037, 0.033474, 0.037243, 0.041354, 0.045814, 0.050629, 0.055803, 0.061336, 0.067228, 0.073471, 0.080058, 0.086975, 0.094207, 0.101732, 0.109524, 0.117555, 0.125789, 0.134188, 0.142709, 0.151307, 0.159930, 0.168527, 0.177039, 0.185410, 0.193581, 0.201490, 0.209078, 0.216284, 0.223051, 0.229323, 0.235045, 0.240169, 0.244650, 0.248448, 0.251529, 0.253864, 0.255433, 0.256222, 0.256222, 0.255434, 0.253865, 0.251529, 0.248448, 0.244650, 0.240169, 0.235045, 0.229323, 0.223052, 0.216285, 0.209078, 0.201491, 0.193581, 0.185411, 0.177040, 0.168527, 0.159931, 0.151308, 0.142710, 0.134188, 0.125789, 0.117555, 0.109525, 0.101732, 0.094208, 0.086976, 0.080058, 0.073471, 0.067228, 0.061337, 0.055803, 0.050629, 0.045814, 0.041354, 0.037243, 0.033474, 0.030038, 0.026924, 0.024122, 0.021620, 0.019408, 0.017474, 0.015808, 0.014399, 0.013240, 0.012322, 0.011639, 0.011187, 0.010961
0.009770, 0.009971, 0.010374, 0.010983, 0.011801, 0.012834, 0.014090, 0.015575, 0.017299, 0.019270, 0.021500, 0.023997, 0.026772, 0.029835, 0.033195, 0.036859, 0.040834, 0.045126, 0.049737, 0.054669, 0.059920, 0.065485, 0.071356, 0.077521, 0.083967, 0.090674, 0.097619, 0.104776, 0.112115, 0.119601, 0.127197, 0.134859, 0.142545, 0.150207, 0.157794, 0.165256, 0.172538, 0.179587, 0.186350, 0.192773, 0.198804, 0.204393, 0.209494, 0.214061, 0.218054, 0.221440, 0.224186, 0.226267, 0.227666, 0.228368, 0.228368, 0.227666, 0.226267, 0.224186, 0.221440, 0.218055, 0.214061, 0.209494, 0.204394, 0.198805, 0.192773, 0.186350, 0.179588, 0.172538, 0.165256, 0.157795, 0.150208, 0.142546, 0.134860, 0.127197, 0.119602, 0.112116, 0.104777, 0.097619, 0.090674, 0.083967, 0.077522, 0.071356, 0.065485, 0.059920, 0.054670, 0.049738, 0.045126, 0.040834, 0.036859, 0.033195, 0.029836, 0.026773, 0.023997, 0.021500, 0.019270, 0.017299, 0.015575, 0.014090, 0.012834, 0.011801, 0.010983, 0.010374, 0.009971, 0.009770
0.008676, 0.008855, 0.009213, 0.009753, 0.010480, 0.011398, 0.012512, 0.013831, 0.015362, 0.017113, 0.019093, 0.021311, 0.023775, 0.026495, 0.029479, 0.032732, 0.036263, 0.040074, 0.044169, 0.048549, 0.053212, 0.058154, 0.063367, 0.068842, 0.074566, 0.080522, 0.086690, 0.093046, 0.099563, 0.106211, 0.112956, 0.119761, 0.126586, 0.133390, 0.140128, 0.146754, 0.153221, 0.159481, 0.165486, 0.171190, 0.176546, 0.181510, 0.186039, 0.190094, 0.193641, 0.196647, 0.199085, 0.200934, 0.202176, 0.202800, 0.202800, 0.202176, 0.200934, 0.199086, 0.196647, 0.193641, 0.190095, 0.186039, 0.181510, 0.176546, 0.171191, 0.165487, 0.159481, 0.153221, 0.146754, 0.140128, 0.133391, 0.126587, 0.119762, 0.112957, 0.106212, 0.099564, 0.093047, 0.086690, 0.080523, 0.074567, 0.068843, 0.063367, 0.058154, 0.053212, 0.048549, 0.044170, 0.040074, 0.036263, 0.032733, 0.029479, 0.026495, 0.023776, 0.021311, 0.019093, 0.017113, 0.015362, 0.013831, 0.012512, 0.011398, 0.010480, 0.009753, 0.009213, 0.008855, 0.008676
0.007677, 0.007835, 0.008152, 0.008630, 0.009273, 0.010085, 0.011072, 0.012239, 0.013593, 0.015143, 0.016895, 0.018857, 0.021038, 0.023445, 0.026085, 0.028964, 0.032087, 0.035460, 0.039084, 0.042959, 0.047085, 0.051458, 0.056071, 0.060916, 0.065981, 0.071251, 0.076708, 0.082333, 0.088099, 0.093982, 0.099950, 0.105971, 0.112011, 0.118031, 0.123993, 0.129856, 0.135578, 0.141117, 0.146431, 0.151478, 0.156217, 0.160609, 0.164617, 0.168205, 0.171344, 0.174003, 0.176161, 0.177797, 0.178896, 0.179448, 0.179448, 0.178896, 0.177797, 0.176161, 0.174004, 0.171344, 0.168206, 0.164617, 0.160609, 0.156218, 0.151478, 0.146432, 0.141118, 0.135578, 0.129856, 0.123993, 0.118031, 0.112011, 0.105972, 0.099950, 0.093982, 0.088100, 0.082333, 0.076709, 0.071251, 0.065981, 0.060916, 0.056071, 0.051458, 0.047085, 0.042959, 0.039084, 0.035460, 0.032088, 0.028964, 0.026085, 0.023445, 0.021038, 0.018857, 0.016895, 0.015143, 0.013594, 0.012239, 0.011072, 0.010085, 0.009273, 0.008630, 0.008152, 0.007835, 0.007677
0.006770, 0.006909, 0.007188, 0.007610, 0.008177, 0.008893, 0.009763, 0.010792, 0.011986, 0.013352, 0.014897, 0.016628, 0.018551, 0.020673, 0.023000, 0.025539, 0.028294, 0.031267, 0.034463, 0.037880, 0.041518, 0.045373, 0.049441, 0.053713, 0.058179, 0.062826, 0.067638, 0.072598, 0.077683, 0.082869, 0.088132, 0.093441, 0.098767, 0.104075, 0.109332, 0.114501, 0.119547, 0.124431, 0.129117, 0.133567, 0.137746, 0.141618, 0.145152, 0.148316, 0.151083, 0.153429, 0.155331, 0.156774, 0.157743, 0.158229, 0.158229, 0.157743, 0.156774, 0.155331, 0.153429, 0.151084, 0.148316, 0.145152, 0.141619, 0.137746, 0.133567, 0.129117, 0.124432, 0.119547, 0.114502, 0.109332, 0.104075, 0.098767, 0.093442, 0.088132, 0.082870, 0.077683, 0.072598, 0.067639, 0.062827, 0.058180, 0.053714, 0.049442, 0.045374, 0.041518, 0.037880, 0.034463, 0.031268, 0.028294, 0.025539, 0.023001, 0.020673, 0.018551, 0.016628, 0.014897, 0.013353, 0.011986, 0.010792, 0.009763, 0.008893, 0.008177, 0.007610, 0.007188, 0.006909, 0.006770
0.005949, 0.006072, 0.006317, 0.006688, 0.007186, 0.007815, 0.008580, 0.009484, 0.010534, 0.011734, 0.013092, 0.014612, 0.016302, 0.018167, 0.020213, 0.022444, 0.024864, 0.027478, 0.030285, 0.033289, 0.036486, 0.039874, 0.043449, 0.047203, 0.051128, 0.055211, 0.059440, 0.063798, 0.068267, 0.072825, 0.077449, 0.082115, 0.086795, 0.091460, 0.096080, 0.100623, 0.105057, 0.109349, 0.113466, 0.117377, 0.121049, 0.124452, 0.127558, 0.130338, 0.132770, 0.134831, 0.136503, 0.137771, 0.138622, 0.139050, 0.139050, 0.138622, 0.137771, 0.136503, 0.134831, 0.132770, 0.130339, 0.127558, 0.124453, 0.121050, 0.117377, 0.113467, 0.109349, 0.105057, 0.100623, 0.096080, 0.091460, 0.086795, 0.082116, 0.077450, 0.072825, 0.068267, 0.063798, 0.059440, 0.055211, 0.051128, 0.047203, 0.043449, 0.039874, 0.036486, 0.033289, 0.030286, 0.027478, 0.024864, 0.022444, 0.020213, 0.018167, 0.016302, 0.014612, 0.013092, 0.011734, 0.010534, 0.009484, 0.008580, 0.007815, 0.007186, 0.006688, 0.006317, 0.006072, 0.005949
0.005212, 0.005319, 0.005534, 0.005859, 0.006295, 0.006846, 0.007516, 0.008308, 0.009227, 0.010279, 0.011468, 0.012800, 0.014281, 0.015914, 0.017706, 0.019661, 0.021781, 0.024070, 0.026530, 0.029161, 0.031961, 0.034930, 0.038061, 0.041350, 0.044788, 0.048365, 0.052069, 0.055887, 0.059802, 0.063794, 0.067846, 0.071933, 0.076032, 0.080119, 0.084165, 0.088145, 0.092029, 0.095789, 0.099396, 0.102822, 0.106039, 0.109020, 0.111740, 0.114176, 0.116306, 0.118112, 0.119576, 0.120687, 0.121432, 0.121807, 0.121807, 0.121432, 0.120687, 0.119576, 0.118112, 0.116306, 0.114176, 0.111740, 0.109020, 0.106039, 0.102822, 0.099396, 0.095789, 0.092029, 0.088145, 0.084166, 0.080119, 0.076033, 0.071933, 0.067846, 0.063795, 0.059802, 0.055887, 0.052070, 0.048365, 0.044788, 0.041350, 0.038061, 0.034930, 0.031962, 0.029161, 0.026530, 0.024071, 0.021781, 0.019661, 0.017706, 0.015915, 0.014281, 0.012801, 0.011468, 0.010279, 0.009227, 0.008308, 0.007516, 0.006846, 0.006295, 0.005859, 0.005534, 0.005319, 0.005212
0.004552, 0.004646, 0.004834, 0.005117, 0.005498, 0.005980, 0.006565, 0.007257, 0.008060, 0.008978, 0.010017, 0.011181, 0.012474, 0.013901, 0.015466, 0.017173, 0.019025, 0.021024, 0.023173, 0.025471, 0.027917, 0.030509, 0.033245, 0.036117, 0.039120, 0.042245, 0.045480, 0.048815, 0.052234, 0.055722, 0.059260, 0.062830, 0.066411, 0.069980, 0.073515, 0.076991, 0.080383, 0.083667, 0.086818, 0.089810, 0.092620, 0.095224, 0.097600, 0.099727, 0.101588, 0.103165, 0.104444, 0.105414, 0.106066, 0.106393, 0.106393, 0.106066, 0.105414, 0.104444, 0.103165, 0.101588, 0.099727, 0.097600, 0.095224, 0.092620, 0.089810, 0.086818, 0.083667, 0.080383, 0.076991, 0.073515, 0.069980, 0.066411, 0.062830, 0.059260, 0.055722, 0.052234, 0.048815, 0.045481, 0.042245, 0.039120, 0.036117, 0.033245, 0.030510, 0.027917, 0.025471, 0.023173, 0.021025, 0.019025, 0.017173, 0.015466, 0.013901, 0.012474, 0.011181, 0.010017, 0.008978, 0.008060, 0.007257, 0.006565, 0.005980, 0.005498, 0.005117, 0.004834, 0.004646, 0.004552
0.003966, 0.004048, 0.004211, 0.004458, 0.004791, 0.005210, 0.005720, 0.006323, 0.007022, 0.007823, 0.008728, 0.009741, 0.010868, 0.012111, 0.013475, 0.014962, 0.016576, 0.018318, 0.020190, 0.022192, 0.024323, 0.026582, 0.028965, 0.031468, 0.034084, 0.036806, 0.039625, 0.042531, 0.045510, 0.048548, 0.051631, 0.054741, 0.057861, 0.060971, 0.064051, 0.067079, 0.070035, 0.072896, 0.075641, 0.078248, 0.080696, 0.082965, 0.085035, 0.086889, 0.088510, 0.089884, 0.090998, 0.091843, 0.092411, 0.092696, 0.092696, 0.092411, 0.091843, 0.090998, 0.089884, 0.088510, 0.086889, 0.085035, 0.082965, 0.080696, 0.078248, 0.075641, 0.072896, 0.070035, 0.067079, 0.064051, 0.060971, 0.057861, 0.054742, 0.051631, 0.048548, 0.045510, 0.042531, 0.039626, 0.036806, 0.034084, 0.031468, 0.028965, 0.026582, 0.024323, 0.022192, 0.020190, 0.018318, 0.016576, 0.014962, 0.013475, 0.012111, 0.010868, 0.009741, 0.008728, 0.007823, 0.007022, 0.006323, 0.005720, 0.005210, 0.004791, 0.004458, 0.004211, 0.004048, 0.003966
0.003449, 0.003520, 0.003662, 0.003877, 0.004166, 0.004531, 0.004974, 0.005498, 0.006106, 0.006802, 0.007589, 0.008471, 0.009450, 0.010532, 0.011717, 0.013011, 0.014414, 0.015929, 0.017556, 0.019297, 0.021151, 0.023115, 0.025187, 0.027363, 0.029638, 0.032006, 0.034457, 0.036983, 0.039574, 0.042216, 0.044897, 0.047602, 0.050314, 0.053019, 0.055697, 0.058330, 0.060900, 0.063388, 0.065775, 0.068042, 0.070171, 0.072144, 0.073944, 0.075556, 0.076966, 0.078160, 0.079129, 0.079864, 0.080358, 0.080606, 0.080606, 0.080358, 0.079864, 0.079130, 0.078160, 0.076966, 0.075556, 0.073944, 0.072144, 0.070171, 0.068043, 0.065776, 0.063389, 0.060901, 0.058330, 0.055697, 0.053019, 0.050315, 0.047602, 0.044897, 0.042216, 0.039574, 0.036984, 0.034457, 0.032006, 0.029639, 0.027363, 0.025187, 0.023115, 0.021151, 0.019297, 0.017557, 0.015929, 0.014414, 0.013011, 0.011717, 0.010532, 0.009450, 0.008471, 0.007589, 0.006802, 0.006106, 0.005498, 0.004974, 0.004531, 0.004166, 0.003877, 0.003662, 0.003520, 0.003449
0.002996, 0.003057, 0.003181, 0.003367, 0.003618, 0.003935, 0.004320, 0.004775, 0.005304, 0.005908, 0.006592, 0.007358, 0.008208, 0.009147, 0.010177, 0.011301, 0.012520, 0.013835, 0.015249, 0.016761, 0.018371, 0.020077, 0.021877, 0.023767, 0.025743, 0.027799, 0.029929, 0.032123, 0.034373, 0.036668, 0.038997, 0.041346, 0.043702, 0.046051, 0.048377, 0.050664, 0.052897, 0.055058, 0.057131, 0.059100, 0.060949, 0.062663, 0.064226, 0.065626, 0.066851, 0.067888, 0.068730, 0.069369, 0.069797, 0.070013, 0.070013, 0.069797, 0.069369, 0.068730, 0.067889, 0.066851, 0.065627, 0.064226, 0.062663, 0.060949, 0.059100, 0.057131, 0.055058, 0.052897, 0.050665, 0.048377, 0.046051, 0.043702, 0.041346, 0.038997, 0.036668, 0.034373, 0.032123, 0.029929, 0.027800, 0.025743, 0.023767, 0.021877, 0.020077, 0.018371, 0.016761, 0.015249, 0.013835, 0.012520, 0.011301, 0.010177, 0.009148, 0.008208, 0.007358, 0.006592, 0.005908, 0.005304, 0.004775, 0.004320, 0.003935, 0.003618, 0.003367, 0.003181, 0.003057, 0.002996
0.002602, 0.002655, 0.002763, 0.002925, 0.003143, 0.003418, 0.003752, 0.004148, 0.004607, 0.005132, 0.005725, 0.006391, 0.007130, 0.007945, 0.008840, 0.009815, 0.010874, 0.012017, 0.013245, 0.014558, 0.015956, 0.017438, 0.019002, 0.020643, 0.022360, 0.024146, 0.025995, 0.027901, 0.029855, 0.031849, 0.033871, 0.035912, 0.037959, 0.039999, 0.042019, 0.044006, 0.045945, 0.047822, 0.049623, 0.051333, 0.052939, 0.054427, 0.055785, 0.057001, 0.058065, 0.058966, 0.059697, 0.060252, 0.060624, 0.060811, 0.060811, 0.060624, 0.060252, 0.059698, 0.058966, 0.058065, 0.057002, 0.055785, 0.054427, 0.052939, 0.051333, 0.049623, 0.047822, 0.045945, 0.044006, 0.042019, 0.039999, 0.037959, 0.035912, 0.033871, 0.031849, 0.029856, 0.027901, 0.025995, 0.024146, 0.022360, 0.020644, 0.019002, 0.017438, 0.015957, 0.014558, 0.013245, 0.012017, 0.010874, 0.009816, 0.008840, 0.007945, 0.007130, 0.006391, 0.005726, 0.005132, 0.004607, 0.004148, 0.003752, 0.003418, 0.003143, 0.002925, 0.002763, 0.002655, 0.002602
0.002263, 0.002310, 0.002403, 0.002544, 0.002734, 0.002973, 0.003264, 0.003608, 0.004007, 0.004464, 0.004981, 0.005559, 0.006202, 0.006912, 0.007690, 0.008539, 0.009460, 0.010454, 0.011522, 0.012665, 0.013881, 0.015170, 0.016530, 0.017958, 0.019451, 0.021005, 0.022614, 0.024272, 0.025972, 0.027706, 0.029466, 0.031241, 0.033021, 0.034796, 0.036554, 0.038282, 0.039969, 0.041602, 0.043168, 0.044656, 0.046053, 0.047348, 0.048530, 0.049588, 0.050513, 0.051297, 0.051933, 0.052415, 0.052739, 0.052902, 0.052902, 0.052739, 0.052415, 0.051933, 0.051297, 0.050513, 0.049588, 0.048530, 0.047348, 0.046053, 0.044656, 0.043169, 0.041602, 0.039969, 0.038282, 0.036554, 0.034796, 0.033021, 0.031241, 0.029466, 0.027706, 0.025972, 0.024272, 0.022614, 0.021005, 0.019452, 0.017958, 0.016530, 0.015170, 0.013881, 0.012665, 0.011522, 0.010454, 0.009460, 0.008539, 0.007690, 0.006912, 0.006202, 0.005559, 0.004981, 0.004464, 0.004007, 0.003608, 0.003264, 0.002973, 0.002734, 0.002544, 0.002403, 0.002310, 0.002263
0.001976, 0.002017, 0.002098, 0.002221, 0.002387, 0.002596, 0.002850, 0.003150, 0.003499, 0.003898, 0.004349, 0.004854, 0.005415, 0.006035, 0.006714, 0.007455, 0.008260, 0.009128, 0.010060, 0.011058, 0.012120, 0.013246, 0.014433, 0.015680, 0.016984, 0.018341, 0.019745, 0.021193, 0.022678, 0.024192, 0.025728, 0.027278, 0.028833, 0.030382, 0.031917, 0.033426, 0.034899, 0.036325, 0.037693, 0.038992, 0.040212, 0.041342, 0.042374, 0.043298, 0.044106, 0.044790, 0.045346, 0.045767, 0.046050, 0.046192, 0.046192, 0.046050, 0.045767, 0.045346, 0.044790, 0.044106, 0.043298, 0.042374, 0.041343, 0.040212, 0.038992, 0.037693, 0.036325, 0.034899, 0.033426, 0.031917, 0.030382, 0.028833, 0.027278, 0.025728, 0.024192, 0.022678, 0.021193, 0.019746, 0.018341, 0.016984, 0.015680, 0.014433, 0.013246, 0.012120, 0.011058, 0.010060, 0.009128, 0.008260, 0.007455, 0.006714, 0.006035, 0.005415, 0.004854, 0.004349, 0.003898, 0.003499, 0.003150, 0.002850, 0.002596, 0.002387, 0.002222, 0.002098, 0.002017, 0.001976
0.001737, 0.001772, 0.001844, 0.001952, 0.002098, 0.002281, 0.002505, 0.002769, 0.003075, 0.003426, 0.003822, 0.004266, 0.004759, 0.005304, 0.005901, 0.006552, 0.007259, 0.008022, 0.008842, 0.009718, 0.010652, 0.011641, 0.012685, 0.013781, 0.014927, 0.016119, 0.017354, 0.018626, 0.019931, 0.021261, 0.022612, 0.023974, 0.025340, 0.026702, 0.028051, 0.029377, 0.030672, 0.031925, 0.033127, 0.034269, 0.035341, 0.036335, 0.037242, 0.038053, 0.038763, 0.039365, 0.039853, 0.040223, 0.040472, 0.040597, 0.040597, 0.040472, 0.040223, 0.039853, 0.039365, 0.038763, 0.038054, 0.037242, 0.036335, 0.035341, 0.034269, 0.033127, 0.031925, 0.030672, 0.029377, 0.028051, 0.026702, 0.025340, 0.023974, 0.022612, 0.021261, 0.019931, 0.018626, 0.017354, 0.016119, 0.014927, 0.013781, 0.012685, 0.011641, 0.010652, 0.009718, 0.008842, 0.008022, 0.007259, 0.006552, 0.005901, 0.005304, 0.004759, 0.004266, 0.003822, 0.003426, 0.003075, 0.002769, 0.002505, 0.002281, 0.002098, 0.001952, 0.001844, 0.001772, 0.001737
0.001542, 0.001573, 0.001637, 0.001733, 0.001862, 0.002025, 0.002223, 0.002458, 0.002730, 0.003041, 0.003393, 0.003787, 0.004225, 0.004708, 0.005239, 0.005817, 0.006444, 0.007122, 0.007849, 0.008628, 0.009457, 0.010335, 0.011261, 0.012235, 0.013252, 0.014310, 0.015407, 0.016536, 0.017695, 0.018876, 0.020075, 0.021284, 0.022497, 0.023707, 0.024904, 0.026082, 0.027231, 0.028344, 0.029411, 0.030425, 0.031377, 0.032259, 0.033064, 0.033785, 0.034415, 0.034949, 0.035383, 0.035711, 0.035932, 0.036043, 0.036043, 0.035932, 0.035711, 0.035383, 0.034949, 0.034415, 0.033785, 0.033064, 0.032259, 0.031377, 0.030425, 0.029411, 0.028344, 0.027231, 0.026082, 0.024904, 0.023707, 0.022497, 0.021284, 0.020075, 0.018876, 0.017695, 0.016536, 0.015407, 0.014310, 0.013252, 0.012235, 0.011261, 0.010335, 0.009457, 0.008628, 0.007850, 0.007122, 0.006444, 0.005817, 0.005239, 0.004708, 0.004225, 0.003787, 0.003393, 0.003041, 0.002730, 0.002458, 0.002223, 0.002025, 0.001862, 0.001733, 0.001637, 0.001573, 0.001542
0.001389, 0.001417, 0.001474, 0.001561, 0.001677, 0.001824, 0.002003, 0.002214, 0.002459, 0.002739, 0.003056, 0.003411, 0.003805, 0.004241, 0.004718, 0.005239, 0.005804, 0.006414, 0.007070, 0.007771, 0.008518, 0.009309, 0.010143, 0.011020, 0.011936, 0.012890, 0.013877, 0.014895, 0.015938, 0.017002, 0.018082, 0.019171, 0.020264, 0.021353, 0.022432, 0.023493, 0.024528, 0.025530, 0.026492, 0.027405, 0.028262, 0.029057, 0.029782, 0.030431, 0.030999, 0.031481, 0.031871, 0.032167, 0.032366, 0.032466, 0.032466, 0.032366, 0.032167, 0.031871, 0.031481, 0.030999, 0.030431, 0.029782, 0.029057, 0.028262, 0.027405, 0.026492, 0.025530, 0.024528, 0.023493, 0.022432, 0.021353, 0.020264, 0.019171, 0.018082, 0.017002, 0.015938, 0.014895, 0.013877, 0.012890, 0.011936, 0.011020, 0.010143, 0.009309, 0.008518, 0.007771, 0.007070, 0.006415, 0.005804, 0.005239, 0.004718, 0.004241, 0.003805, 0.003411, 0.003056, 0.002739, 0.002459, 0.002214, 0.002003, 0.001824, 0.001677, 0.001561, 0.001474, 0.001417, 0.001389
0.001275, 0.001301, 0.001354, 0.001433, 0.001540, 0.001675, 0.001839, 0.002032, 0.002257, 0.002515, 0.002806, 0.003132, 0.003494, 0.003894, 0.004332, 0.004811, 0.005330, 0.005890, 0.006492, 0.007136, 0.007821, 0.008547, 0.009314, 0.010119, 0.010960, 0.011836, 0.012742, 0.013677, 0.014635, 0.015612, 0.016604, 0.017604, 0.018608, 0.019608, 0.020598, 0.021572, 0.022523, 0.023443, 0.024326, 0.025165, 0.025952, 0.026682, 0.027348, 0.027944, 0.028466, 0.028908, 0.029266, 0.029538, 0.029720, 0.029812, 0.029812, 0.029720, 0.029538, 0.029266, 0.028908, 0.028466, 0.027944, 0.027348, 0.026682, 0.025952, 0.025165, 0.024326, 0.023444, 0.022523, 0.021572, 0.020598, 0.019608, 0.018608, 0.017604, 0.016604, 0.015612, 0.014635, 0.013677, 0.012742, 0.011836, 0.010960, 0.010119, 0.009314, 0.008547, 0.007821, 0.007136, 0.006492, 0.005890, 0.005330, 0.004811, 0.004332, 0.003894, 0.003494, 0.003132, 0.002806, 0.002515, 0.002257, 0.002032, 0.001839, 0.001675, 0.001540, 0.001433, 0.001354, 0.001301, 0.001275
0.001199, 0.001224, 0.001273, 0.001348, 0.001448, 0.001575, 0.001729, 0.001911, 0.002123, 0.002365, 0.002639, 0.002945, 0.003286, 0.003662, 0.004075, 0.004524, 0.005013, 0.005539, 0.006106, 0.006711, 0.007356, 0.008039, 0.008760, 0.009517, 0.010309, 0.011132, 0.011985, 0.012864, 0.013765, 0.014684, 0.015617, 0.016558, 0.017502, 0.018443, 0.019375, 0.020291, 0.021185, 0.022051, 0.022881, 0.023670, 0.024411, 0.025097, 0.025724, 0.026284, 0.026775, 0.027191, 0.027528, 0.027784, 0.027955, 0.028042, 0.028042, 0.027955, 0.027784, 0.027528, 0.027191, 0.026775, 0.026284, 0.025724, 0.025097, 0.024411, 0.023670, 0.022881, 0.022051, 0.021185, 0.020291, 0.019375, 0.018443, 0.017502, 0.016558, 0.015617, 0.014684, 0.013765, 0.012864, 0.011985, 0.011132, 0.010309, 0.009517, 0.008760, 0.008039, 0.007356, 0.006711, 0.006106, 0.005540, 0.005013, 0.004524, 0.004075, 0.003662, 0.003286, 0.002945, 0.002639, 0.002365, 0.002123, 0.001911, 0.001729, 0.001575, 0.001448, 0.001348, 0.001273, 0.001224, 0.001199
0.001159, 0.001183, 0.001231, 0.001303, 0.001401, 0.001523, 0.001672, 0.001849, 0.002053, 0.002287, 0.002552, 0.002849, 0.003178, 0.003542, 0.003941, 0.004376, 0.004848, 0.005358, 0.005906, 0.006491, 0.007115, 0.007776, 0.008473, 0.009205, 0.009971, 0.010768, 0.011593, 0.012443, 0.013315, 0.014204, 0.015106, 0.016016, 0.016929, 0.017839, 0.018741, 0.019627, 0.020492, 0.021330, 0.022133, 0.022896, 0.023612, 0.024277, 0.024882, 0.025425, 0.025899, 0.026302, 0.026628, 0.026875, 0.027041, 0.027125, 0.027125, 0.027041, 0.026875, 0.026628, 0.026302, 0.025899, 0.025425, 0.024882, 0.024277, 0.023613, 0.022896, 0.022133, 0.021330, 0.020492, 0.019627, 0.018741, 0.017839, 0.016929, 0.016016, 0.015106, 0.014204, 0.013315, 0.012443, 0.011593, 0.010768, 0.009971, 0.009205, 0.008473, 0.007776, 0.007115, 0.006491, 0.005906, 0.005358, 0.004848, 0.004376, 0.003941, 0.003542, 0.003178, 0.002849, 0.002552, 0.002287, 0.002053, 0.001849, 0.001672, 0.001523, 0.001401, 0.001303, 0.001231, 0.001183, 0.001159
0.001156, 0.001180, 0.001227, 0.001299, 0.001396, 0.001518, 0.001667, 0.001843, 0.002047, 0.002280, 0.002544, 0.002840, 0.003169, 0.003531, 0.003929, 0.004363, 0.004833, 0.005342, 0.005888, 0.006472, 0.007093, 0.007752, 0.008448, 0.009178, 0.009941, 0.010735, 0.011558, 0.012406, 0.013275, 0.014162, 0.015061, 0.015969, 0.016879, 0.017787, 0.018685, 0.019569, 0.020432, 0.021267, 0.022068, 0.022829, 0.023543, 0.024205, 0.024809, 0.025350, 0.025823, 0.026224, 0.026550, 0.026796, 0.026962, 0.027045, 0.027045, 0.026962, 0.026796, 0.026550, 0.026224, 0.025823, 0.025350, 0.024809, 0.024205, 0.023543, 0.022829, 0.022068, 0.021267, 0.020432, 0.019569, 0.018685, 0.017787, 0.016879, 0.015969, 0.015061, 0.014162, 0.013275, 0.012406, 0.011558, 0.010736, 0.009941, 0.009178, 0.008448, 0.007752, 0.007094, 0.006472, 0.005888, 0.005342, 0.004833, 0.004363, 0.003929, 0.003531, 0.003169, 0.002840, 0.002544, 0.002280, 0.002047, 0.001843, 0.001667, 0.001518, 0.001396, 0.001299, 0.001227, 0.001180, 0.001156
0.001188, 0.001212, 0.001261, 0.001335, 0.001435, 0.001561, 0.001713, 0.001894, 0.002104, 0.002344, 0.002615, 0.002919, 0.003256, 0.003629, 0.004038, 0.004484, 0.004968, 0.005490, 0.006051, 0.006652, 0.007291, 0.007968, 0.008683, 0.009433, 0.010218, 0.011034, 0.011880, 0.012751, 0.013644, 0.014556, 0.015480, 0.016413, 0.017349, 0.018282, 0.019206, 0.020114, 0.021001, 0.021859, 0.022683, 0.023465, 0.024199, 0.024880, 0.025501, 0.026057, 0.026543, 0.026955, 0.027290, 0.027543, 0.027713, 0.027799, 0.027799, 0.027713, 0.027543, 0.027290, 0.026955, 0.026543, 0.026057, 0.025501, 0.024880, 0.024199, 0.023465, 0.022683, 0.021859, 0.021001, 0.020114, 0.019206, 0.018282, 0.017349, 0.016413, 0.015480, 0.014556, 0.013644, 0.012751, 0.011880, 0.011034, 0.010218, 0.009433, 0.008683, 0.007968, 0.007291, 0.006652, 0.006051, 0.005490, 0.004968, 0.004484, 0.004038, 0.003629, 0.003256, 0.002919, 0.002615, 0.002344, 0.002104, 0.001894, 0.001713, 0.001561, 0.001435, 0.001335, 0.001261, 0.001212, 0.001188
0.001256, 0.001281, 0.001333, 0.001412, 0.001517, 0.001650, 0.001811, 0.002002, 0.002224, 0.002478, 0.002765, 0.003086, 0.003443, 0.003837, 0.004269, 0.004741, 0.005252, 0.005805, 0.006398, 0.007033, 0.007709, 0.008425, 0.009180, 0.009974, 0.010804, 0.011667, 0.012561, 0.013482, 0.014427, 0.015391, 0.016368, 0.017355, 0.018344, 0.019331, 0.020308, 0.021268, 0.022206, 0.023113, 0.023984, 0.024811, 0.025588, 0.026307, 0.026964, 0.027552, 0.028066, 0.028502, 0.028856, 0.029124, 0.029304, 0.029394, 0.029394, 0.029304, 0.029124, 0.028856, 0.028502, 0.028066, 0.027552, 0.026964, 0.026307, 0.025588, 0.024811, 0.023984, 0.023113, 0.022206, 0.021268, 0.020308, 0.019331, 0.018344, 0.017355, 0.016368, 0.015391, 0.014427, 0.013482, 0.012561, 0.011667, 0.010804, 0.009974, 0.009180, 0.008425, 0.007709, 0.007033, 0.006398, 0.005805, 0.005252, 0.004741, 0.004269, 0.003837, 0.003443, 0.003086, 0.002765, 0.002478, 0.002224, 0.002002, 0.001811, 0.001650, 0.001517, 0.001412, 0.001333, 0.001281, 0.001256
0.001360, 0.001388, 0.001445, 0.001529, 0.001644, 0.001788, 0.001963, 0.002170, 0.002410, 0.002685, 0.002995, 0.003344, 0.003731, 0.004158, 0.004626, 0.005137, 0.005691, 0.006290, 0.006933, 0.007620, 0.008353, 0.009129, 0.009948, 0.010807, 0.011707, 0.012642, 0.013611, 0.014609, 0.015633, 0.016677, 0.017737, 0.018806, 0.019878, 0.020947, 0.022005, 0.023046, 0.024062, 0.025046, 0.025990, 0.026886, 0.027727, 0.028507, 0.029219, 0.029856, 0.030413, 0.030886, 0.031269, 0.031559, 0.031754, 0.031852, 0.031853, 0.031754, 0.031559, 0.031269, 0.030886, 0.030413, 0.029856, 0.029219, 0.028507, 0.027727, 0.026886, 0.025990, 0.025046, 0.024063, 0.023047, 0.022006, 0.020947, 0.019878, 0.018806, 0.017737, 0.016677, 0.015633, 0.014609, 0.013611, 0.012642, 0.011707, 0.010808, 0.009948, 0.009129, 0.008353, 0.007620, 0.006933, 0.006290, 0.005691, 0.005137, 0.004626, 0.004158, 0.003731, 0.003344, 0.002996, 0.002685, 0.002410, 0.002170, 0.001963, 0.001788, 0.001644, 0.001529, 0.001445, 0.001388, 0.001360
0.001504, 0.001534, 0.001597, 0.001690, 0.001816, 0.001976, 0.002169, 0.002398, 0.002663, 0.002967, 0.003311, 0.003695, 0.004123, 0.004595, 0.005113, 0.005677, 0.006290, 0.006951, 0.007662, 0.008422, 0.009232, 0.010090, 0.010995, 0.011945, 0.012939, 0.013973, 0.015043, 0.016147, 0.017279, 0.018433, 0.019604, 0.020786, 0.021971, 0.023152, 0.024322, 0.025473, 0.026596, 0.027683, 0.028726, 0.029716, 0.030647, 0.031509, 0.032295, 0.032999, 0.033615, 0.034138, 0.034561, 0.034882, 0.035098, 0.035206, 0.035206, 0.035098, 0.034882, 0.034561, 0.034138, 0.033615, 0.033000, 0.032295, 0.031509, 0.030647, 0.029716, 0.028726, 0.027683, 0.026596, 0.025473, 0.024322, 0.023152, 0.021971, 0.020786, 0.019604, 0.018433, 0.017279, 0.016147, 0.015044, 0.013973, 0.012939, 0.011945, 0.010995, 0.010090, 0.009232, 0.008422, 0.007662, 0.006952, 0.006290, 0.005677, 0.005113, 0.004595, 0.004123, 0.003695, 0.003311, 0.002967, 0.002663, 0.002398, 0.002169, 0.001976, 0.001816, 0.001690, 0.001597, 0.001534, 0.001504
0.001687, 0.001721, 0.001791, 0.001896, 0.002038, 0.002216, 0.002433, 0.002690, 0.002988, 0.003329, 0.003714, 0.004146, 0.004626, 0.005155, 0.005736, 0.006370, 0.007057, 0.007799, 0.008597, 0.009449, 0.010357, 0.011320, 0.012335, 0.013402, 0.014517, 0.015677, 0.016878, 0.018116, 0.019386, 0.020681, 0.021995, 0.023320, 0.024650, 0.025976, 0.027288, 0.028579, 0.029839, 0.031059, 0.032229, 0.033341, 0.034384, 0.035352, 0.036234, 0.037024, 0.037715, 0.038301, 0.038776, 0.039137, 0.039379, 0.039500, 0.039500, 0.039379, 0.039137, 0.038776, 0.038301, 0.037716, 0.037024, 0.036234, 0.035352, 0.034384, 0.033341, 0.032229, 0.031059, 0.029840, 0.028580, 0.027289, 0.025976, 0.024650, 0.023321, 0.021995, 0.020681, 0.019386, 0.018116, 0.016878, 0.015677, 0.014517, 0.013402, 0.012335, 0.011320, 0.010358, 0.009449, 0.008597, 0.007799, 0.007057, 0.006370, 0.005736, 0.005155, 0.004626, 0.004146, 0.003714, 0.003329, 0.002988, 0.002690, 0.002433, 0.002216, 0.002038, 0.001896, 0.001791, 0.001721, 0.001687
0.001913, 0.001952, 0.002031, 0.002150, 0.002311, 0.002513, 0.002759, 0.003050, 0.003388, 0.003775, 0.004212, 0.004701, 0.005245, 0.005846, 0.006504, 0.007223, 0.008002, 0.008843, 0.009748, 0.010715, 0.011745, 0.012836, 0.013987, 0.015196, 0.016461, 0.017776, 0.019138, 0.020542, 0.021982, 0.023450, 0.024940, 0.026444, 0.027952, 0.029455, 0.030943, 0.032407, 0.033836, 0.035219, 0.036546, 0.037806, 0.038990, 0.040086, 0.041087, 0.041983, 0.042767, 0.043431, 0.043970, 0.044379, 0.044653, 0.044791, 0.044791, 0.044653, 0.044379, 0.043970, 0.043431, 0.042767, 0.041983, 0.041087, 0.040086, 0.038990, 0.037806, 0.036546, 0.035219, 0.033836, 0.032407, 0.030943, 0.029455, 0.027952, 0.026444, 0.024941, 0.023451, 0.021982, 0.020542, 0.019138, 0.017776, 0.016461, 0.015196, 0.013987, 0.012836, 0.011745, 0.010715, 0.009748, 0.008844, 0.008002, 0.007223, 0.006504, 0.005846, 0.005245, 0.004701, 0.004212, 0.003775, 0.003388, 0.003050, 0.002759, 0.002513, 0.002311, 0.002150, 0.002031, 0.001952, 0.001913
0.002184, 0.002229, 0.002319, 0.002455, 0.002638, 0.002870, 0.003150, 0.003483, 0.003869, 0.004310, 0.004809, 0.005368, 0.005989, 0.006675, 0.007427, 0.008247, 0.009137, 0.010098, 0.011130, 0.012235, 0.013410, 0.014656, 0.015971, 0.017352, 0.018795, 0.020297, 0.021853, 0.023456, 0.025100, 0.026777, 0.028478, 0.030195, 0.031916, 0.033633, 0.035333, 0.037004, 0.038635, 0.040215, 0.041730, 0.043169, 0.044520, 0.045773, 0.046915, 0.047939, 0.048833, 0.049592, 0.050207, 0.050674, 0.050987, 0.051144, 0.051144, 0.050987, 0.050674, 0.050207, 0.049592, 0.048834, 0.047939, 0.046915, 0.045773, 0.044520, 0.043169, 0.041730, 0.040215, 0.038636, 0.037004, 0.035333, 0.033633, 0.031917, 0.030195, 0.028478, 0.026777, 0.025100, 0.023456, 0.021853, 0.020298, 0.018796, 0.017352, 0.015971, 0.014656, 0.013410, 0.012235, 0.011130, 0.010098, 0.009137, 0.008247, 0.007427, 0.006675, 0.005989, 0.005368, 0.004809, 0.004310, 0.003869, 0.003483, 0.003150, 0.002870, 0.002638, 0.002455, 0.002319, 0.002229, 0.002184
0.002504, 0.002555, 0.002659, 0.002815, 0.003025, 0.003290, 0.003612, 0.003993, 0.004435, 0.004941, 0.005513, 0.006154, 0.006866, 0.007653, 0.008515, 0.009455, 0.010476, 0.011577, 0.012761, 0.014027, 0.015375, 0.016804, 0.018311, 0.019894, 0.021549, 0.023271, 0.025055, 0.026893, 0.028777, 0.030700, 0.032650, 0.034618, 0.036592, 0.038560, 0.040509, 0.042425, 0.044296, 0.046107, 0.047844, 0.049494, 0.051043, 0.052479, 0.053789, 0.054962, 0.055988, 0.056858, 0.057563, 0.058098, 0.058457, 0.058637, 0.058637, 0.058457, 0.058098, 0.057563, 0.056858, 0.055988, 0.054962, 0.053789, 0.052479, 0.051043, 0.049494, 0.047844, 0.046107, 0.044296, 0.042425, 0.040509, 0.038560, 0.036593, 0.034619, 0.032650, 0.030700, 0.028777, 0.026893, 0.025055, 0.023271, 0.021549, 0.019894, 0.018311, 0.016804, 0.015375, 0.014027, 0.012761, 0.011577, 0.010476, 0.009455, 0.008515, 0.007653, 0.006867, 0.006154, 0.005513, 0.004941, 0.004435, 0.003993, 0.003612, 0.003290, 0.003025, 0.002815, 0.002659, 0.002555, 0.002504
0.002876, 0.002935, 0.003054, 0.003233, 0.003474, 0.003779, 0.004149, 0.004587, 0.005095, 0.005676, 0.006333, 0.007069, 0.007887, 0.008790, 0.009781, 0.010861, 0.012033, 0.013298, 0.014658, 0.016112, 0.017661, 0.019302, 0.021033, 0.022852, 0.024753, 0.026731, 0.028780, 0.030891, 0.033056, 0.035264, 0.037504, 0.039765, 0.042033, 0.044293, 0.046531, 0.048733, 0.050881, 0.052961, 0.054957, 0.056852, 0.058631, 0.060281, 0.061785, 0.063133, 0.064312, 0.065310, 0.066121, 0.066735, 0.067148, 0.067355, 0.067355, 0.067148, 0.066735, 0.066121, 0.065311, 0.064312, 0.063133, 0.061786, 0.060281, 0.058631, 0.056852, 0.054957, 0.052961, 0.050881, 0.048733, 0.046532, 0.044293, 0.042033, 0.039765, 0.037505, 0.035264, 0.033056, 0.030891, 0.028780, 0.026731, 0.024753, 0.022852, 0.021033, 0.019302, 0.017661, 0.016113, 0.014658, 0.013298, 0.012033, 0.010861, 0.009781, 0.008790, 0.007887, 0.007069, 0.006333, 0.005676, 0.005095, 0.004587, 0.004149, 0.003779, 0.003474, 0.003233, 0.003054, 0.002935, 0.002876
0.003304, 0.003373, 0.003509, 0.003715, 0.003992, 0.004342, 0.004767, 0.005270, 0.005854, 0.006522, 0.007277, 0.008123, 0.009062, 0.010100, 0.011238, 0.012479, 0.013826, 0.015280, 0.016842, 0.018513, 0.020292, 0.022178, 0.024167, 0.026256, 0.028441, 0.030713, 0.033067, 0.035493, 0.037980, 0.040518, 0.043092, 0.045690, 0.048295, 0.050892, 0.053464, 0.055993, 0.058462, 0.060852, 0.063144, 0.065322, 0.067367, 0.069262, 0.070991, 0.072539, 0.073893, 0.075041, 0.075972, 0.076678, 0.077152, 0.077390, 0.077390, 0.077152, 0.076678, 0.075972, 0.075041, 0.073893, 0.072539, 0.070991, 0.069262, 0.067367, 0.065322, 0.063145, 0.060852, 0.058462, 0.055993, 0.053464, 0.050892, 0.048295, 0.045690, 0.043092, 0.040518, 0.037981, 0.035493, 0.033067, 0.030714, 0.028441, 0.026256, 0.024167, 0.022178, 0.020292, 0.018513, 0.016842, 0.015280, 0.013826, 0.012479, 0.011238, 0.010100, 0.009063, 0.008123, 0.007277, 0.006522, 0.005854, 0.005270, 0.004767, 0.004342, 0.003992, 0.003715, 0.003509, 0.003373, 0.003304
0.003794, 0.003872, 0.004028, 0.004265, 0.004583, 0.004985, 0.005473, 0.006050, 0.006720, 0.007487, 0.008353, 0.009324, 0.010404, 0.011594, 0.012901, 0.014326, 0.015872, 0.017541, 0.019334, 0.021253, 0.023295, 0.025459, 0.027743, 0.030142, 0.032649, 0.035258, 0.037960, 0.040745, 0.043600, 0.046513, 0.049469, 0.052450, 0.055441, 0.058422, 0.061375, 0.064279, 0.067112, 0.069856, 0.072488, 0.074987, 0.077335, 0.079510, 0.081495, 0.083272, 0.084827, 0.086144, 0.087213, 0.088023, 0.088568, 0.088841, 0.088841, 0.088568, 0.088023, 0.087213, 0.086144, 0.084827, 0.083273, 0.081495, 0.079510, 0.077335, 0.074988, 0.072488, 0.069856, 0.067113, 0.064279, 0.061375, 0.058423, 0.055441, 0.052450, 0.049469, 0.046513, 0.043601, 0.040745, 0.037961, 0.035258, 0.032649, 0.030142, 0.027743, 0.025460, 0.023295, 0.021253, 0.019334, 0.017541, 0.015872, 0.014326, 0.012901, 0.011595, 0.010404, 0.009325, 0.008354, 0.007487, 0.006720, 0.006050, 0.005473, 0.004985, 0.004583, 0.004265, 0.004028, 0.003872, 0.003794
0.004347, 0.004437, 0.004617, 0.004888, 0.005252, 0.005713, 0.006272, 0.006933, 0.007701, 0.008580, 0.009573, 0.010686, 0.011923, 0.013288, 0.014785, 0.016417, 0.018189, 0.020102, 0.022157, 0.024356, 0.026696, 0.029177, 0.031794, 0.034543, 0.037416, 0.040406, 0.043503, 0.046694, 0.049966, 0.053305, 0.056691, 0.060108, 0.063536, 0.066952, 0.070336, 0.073664, 0.076911, 0.080055, 0.083071, 0.085936, 0.088626, 0.091119, 0.093393, 0.095430, 0.097212, 0.098722, 0.099946, 0.100875, 0.101499, 0.101812, 0.101812, 0.101499, 0.100875, 0.099947, 0.098722, 0.097212, 0.095431, 0.093394, 0.091119, 0.088626, 0.085936, 0.083071, 0.080055, 0.076911, 0.073664, 0.070336, 0.066953, 0.063536, 0.060109, 0.056692, 0.053305, 0.049967, 0.046694, 0.043503, 0.040407, 0.037416, 0.034543, 0.031794, 0.029177, 0.026696, 0.024356, 0.022158, 0.020102, 0.018189, 0.016418, 0.014785, 0.013288, 0.011923, 0.010686, 0.009573, 0.008580, 0.007701, 0.006933, 0.006272, 0.005713, 0.005252, 0.004888, 0.004617, 0.004437, 0.004347
0.004971, 0.005073, 0.005279, 0.005589, 0.006005, 0.006532, 0.007171, 0.007928, 0.008806, 0.009810, 0.010946, 0.012218, 0.013632, 0.015193, 0.016905, 0.018772, 0.020797, 0.022984, 0.025335, 0.027848, 0.030524, 0.033360, 0.036353, 0.039495, 0.042781, 0.046200, 0.049741, 0.053389, 0.057131, 0.060947, 0.064820, 0.068727, 0.072646, 0.076552, 0.080421, 0.084225, 0.087939, 0.091533, 0.094982, 0.098257, 0.101333, 0.104183, 0.106784, 0.109113, 0.111150, 0.112876, 0.114276, 0.115338, 0.116051, 0.116410, 0.116410, 0.116051, 0.115338, 0.114276, 0.112876, 0.111150, 0.109113, 0.106784, 0.104183, 0.101333, 0.098257, 0.094982, 0.091533, 0.087939, 0.084225, 0.080421, 0.076552, 0.072646, 0.068727, 0.064820, 0.060948, 0.057131, 0.053390, 0.049741, 0.046200, 0.042781, 0.039496, 0.036353, 0.033360, 0.030524, 0.027848, 0.025335, 0.022985, 0.020797, 0.018772, 0.016905, 0.015193, 0.013632, 0.012218, 0.010946, 0.009810, 0.008806, 0.007928, 0.007171, 0.006532, 0.006005, 0.005589, 0.005279, 0.005073, 0.004971
0.005668, 0.005785, 0.006019, 0.006373, 0.006848, 0.007448, 0.008177, 0.009040, 0.010041, 0.011187, 0.012482, 0.013933, 0.015545, 0.017325, 0.019276, 0.021405, 0.023715, 0.026209, 0.028889, 0.031755, 0.034807, 0.038041, 0.041453, 0.045037, 0.048783, 0.052682, 0.056719, 0.060880, 0.065146, 0.069498, 0.073914, 0.078369, 0.082837, 0.087292, 0.091703, 0.096041, 0.100276, 0.104375, 0.108307, 0.112042, 0.115549, 0.118799, 0.121765, 0.124420, 0.126743, 0.128711, 0.130308, 0.131519, 0.132332, 0.132741, 0.132741, 0.132332, 0.131519, 0.130308, 0.128711, 0.126743, 0.124421, 0.121765, 0.118799, 0.115549, 0.112042, 0.108307, 0.104375, 0.100276, 0.096042, 0.091703, 0.087292, 0.082838, 0.078369, 0.073914, 0.069498, 0.065146, 0.060880, 0.056719, 0.052682, 0.048783, 0.045037, 0.041453, 0.038041, 0.034807, 0.031755, 0.028889, 0.026209, 0.023715, 0.021405, 0.019277, 0.017325, 0.015545, 0.013933, 0.012482, 0.011187, 0.010041, 0.009040, 0.008177, 0.007448, 0.006848, 0.006373, 0.006019, 0.005785, 0.005669
0.006445, 0.006577, 0.006844, 0.007245, 0.007786, 0.008468, 0.009297, 0.010278, 0.011416, 0.012718, 0.014191, 0.015840, 0.017673, 0.019696, 0.021915, 0.024336, 0.026962, 0.029797, 0.032844, 0.036103, 0.039572, 0.043249, 0.047128, 0.051202, 0.055462, 0.059894, 0.064484, 0.069214, 0.074064, 0.079012, 0.084032, 0.089097, 0.094177, 0.099241, 0.104257, 0.109189, 0.114002, 0.118662, 0.123133, 0.127379, 0.131366, 0.135061, 0.138433, 0.141452, 0.144092, 0.146330, 0.148146, 0.149522, 0.150447, 0.150911, 0.150911, 0.150447, 0.149522, 0.148146, 0.146331, 0.144093, 0.141452, 0.138433, 0.135061, 0.131366, 0.127379, 0.123133, 0.118663, 0.114003, 0.109189, 0.104257, 0.099242, 0.094178, 0.089097, 0.084032, 0.079012, 0.074065, 0.069214, 0.064484, 0.059894, 0.055462, 0.051202, 0.047128, 0.043249, 0.039572, 0.036103, 0.032844, 0.029798, 0.026962, 0.024336, 0.021916, 0.019697, 0.017673, 0.015840, 0.014191, 0.012718, 0.011416, 0.010278, 0.009297, 0.008468, 0.007786, 0.007245, 0.006844, 0.006577, 0.006445
0.007304, 0.007454, 0.007756, 0.008211, 0.008824, 0.009597, 0.010536, 0.011648, 0.012938, 0.014414, 0.016082, 0.017952, 0.020029, 0.022322, 0.024837, 0.027580, 0.030556, 0.033769, 0.037222, 0.040915, 0.044846, 0.049013, 0.053409, 0.058027, 0.062854, 0.067876, 0.073078, 0.078439, 0.083935, 0.089543, 0.095232, 0.100972, 0.106729, 0.112468, 0.118152, 0.123741, 0.129196, 0.134477, 0.139544, 0.144355, 0.148874, 0.153061, 0.156882, 0.160304, 0.163296, 0.165832, 0.167889, 0.169449, 0.170497, 0.171023, 0.171023, 0.170497, 0.169449, 0.167889, 0.165832, 0.163296, 0.160304, 0.156882, 0.153061, 0.148874, 0.144356, 0.139544, 0.134478, 0.129197, 0.123741, 0.118152, 0.112468, 0.106729, 0.100972, 0.095232, 0.089543, 0.083936, 0.078439, 0.073078, 0.067877, 0.062854, 0.058027, 0.053410, 0.049013, 0.044846, 0.040915, 0.037222, 0.033769, 0.030556, 0.027580, 0.024837, 0.022322, 0.020029, 0.017952, 0.016083, 0.014414, 0.012938, 0.011648, 0.010536, 0.009597, 0.008824, 0.008211, 0.007756, 0.007454, 0.007304
0.008250, 0.008420, 0.008761, 0.009275, 0.009967, 0.010840, 0.011901, 0.013157, 0.014614, 0.016281, 0.018166, 0.020277, 0.022624, 0.025213, 0.028054, 0.031152, 0.034514, 0.038143, 0.042043, 0.046214, 0.050655, 0.055361, 0.060327, 0.065542, 0.070995, 0.076668, 0.082543, 0.088598, 0.094807, 0.101140, 0.107566, 0.114049, 0.120552, 0.127035, 0.133454, 0.139767, 0.145929, 0.151894, 0.157616, 0.163051, 0.168155, 0.172884, 0.177200, 0.181065, 0.184444, 0.187309, 0.189632, 0.191394, 0.192578, 0.193172, 0.193172, 0.192578, 0.191394, 0.189633, 0.187309, 0.184444, 0.181065, 0.177200, 0.172884, 0.168155, 0.163052, 0.157617, 0.151894, 0.145929, 0.139768, 0.133455, 0.127035, 0.120553, 0.114050, 0.107566, 0.101141, 0.094807, 0.088599, 0.082544, 0.076668, 0.070995, 0.065543, 0.060327, 0.055362, 0.050655, 0.046214, 0.042043, 0.038143, 0.034514, 0.031152, 0.028054, 0.025213, 0.022624, 0.020277, 0.018166, 0.016281, 0.014614, 0.013157, 0.011901, 0.010840, 0.009967, 0.009275, 0.008761, 0.008420, 0.008250
0.009287, 0.009478, 0.009862, 0.010441, 0.011219, 0.012203, 0.013397, 0.014810, 0.016451, 0.018327, 0.020449, 0.022826, 0.025467, 0.028382, 0.031580, 0.035067, 0.038851, 0.042937, 0.047327, 0.052022, 0.057021, 0.062319, 0.067908, 0.073779, 0.079916, 0.086303, 0.092916, 0.099732, 0.106721, 0.113850, 0.121083, 0.128381, 0.135701, 0.142998, 0.150224, 0.157330, 0.164266, 0.170981, 0.177422, 0.183540, 0.189284, 0.194608, 0.199466, 0.203817, 0.207621, 0.210845, 0.213461, 0.215444, 0.216776, 0.217446, 0.217446, 0.216776, 0.215444, 0.213461, 0.210846, 0.207621, 0.203817, 0.199467, 0.194608, 0.189285, 0.183540, 0.177422, 0.170981, 0.164267, 0.157331, 0.150225, 0.142998, 0.135702, 0.128382, 0.121084, 0.113850, 0.106721, 0.099732, 0.092917, 0.086303, 0.079917, 0.073779, 0.067909, 0.062319, 0.057021, 0.052022, 0.047327, 0.042937, 0.038851, 0.035067, 0.031580, 0.028382, 0.025467, 0.022826, 0.020449, 0.018327, 0.016451, 0.014811, 0.013397, 0.012203, 0.011219, 0.010441, 0.009862, 0.009478, 0.009287
0.010418, 0.010632, 0.011063, 0.011712, 0.012586, 0.013689, 0.015029, 0.016614, 0.018454, 0.020559, 0.022939, 0.025605, 0.028568, 0.031838, 0.035425, 0.039337, 0.043582, 0.048165, 0.053089, 0.058356, 0.063963, 0.069906, 0.076176, 0.082762, 0.089646, 0.096810, 0.104229, 0.111874, 0.119714, 0.127711, 0.135825, 0.144011, 0.152222, 0.160407, 0.168513, 0.176484, 0.184264, 0.191796, 0.199021, 0.205884, 0.212328, 0.218300, 0.223749, 0.228629, 0.232897, 0.236514, 0.239448, 0.241672, 0.243167, 0.243918, 0.243918, 0.243167, 0.241672, 0.239448, 0.236514, 0.232897, 0.228630, 0.223750, 0.218300, 0.212328, 0.205884, 0.199022, 0.191796, 0.184264, 0.176484, 0.168513, 0.160408, 0.152222, 0.144011, 0.135825, 0.127711, 0.119714, 0.111875, 0.104229, 0.096810, 0.089647, 0.082762, 0.076177, 0.069907, 0.063964, 0.058356, 0.053089, 0.048165, 0.043582, 0.039337, 0.035425, 0.031838, 0.028568, 0.025605, 0.022939, 0.020559, 0.018454, 0.016614, 0.015029, 0.013689, 0.012586, 0.011712, 0.011063, 0.010632, 0.010418
0.011645, 0.011885, 0.012366, 0.013092, 0.014068, 0.015301, 0.016799, 0.018571, 0.020628, 0.022981, 0.025641, 0.028621, 0.031933, 0.035589, 0.039598, 0.043971, 0.048716, 0.053838, 0.059343, 0.065230, 0.071498, 0.078141, 0.085150, 0.092511, 0.100206, 0.108214, 0.116506, 0.125052, 0.133815, 0.142754, 0.151823, 0.160973, 0.170151, 0.179300, 0.188361, 0.197271, 0.205968, 0.214386, 0.222463, 0.230134, 0.237337, 0.244012, 0.250104, 0.255558, 0.260328, 0.264371, 0.267651, 0.270138, 0.271808, 0.272647, 0.272647, 0.271808, 0.270138, 0.267651, 0.264372, 0.260329, 0.255559, 0.250104, 0.244013, 0.237337, 0.230134, 0.222464, 0.214387, 0.205968, 0.197272, 0.188361, 0.179301, 0.170152, 0.160974, 0.151824, 0.142754, 0.133815, 0.125053, 0.116507, 0.108214, 0.100207, 0.092511, 0.085150, 0.078141, 0.071498, 0.065231, 0.059343, 0.053839, 0.048716, 0.043971, 0.039598, 0.035589, 0.031934, 0.028622, 0.025641, 0.022981, 0.020628, 0.018571, 0.016799, 0.015301, 0.014068, 0.013092, 0.012366, 0.011885, 0.011645
0.012971, 0.013238, 0.013774, 0.014583, 0.015670, 0.017043, 0.018711, 0.020685, 0.022976, 0.025597, 0.028560, 0.031879, 0.035568, 0.039639, 0.044105, 0.048976, 0.054261, 0.059966, 0.066097, 0.072655, 0.079636, 0.087035, 0.094841, 0.103040, 0.111611, 0.120530, 0.129766, 0.139284, 0.149044, 0.159000, 0.169101, 0.179293, 0.189516, 0.199706, 0.209798, 0.219722, 0.229408, 0.238785, 0.247781, 0.256325, 0.264347, 0.271782, 0.278567, 0.284642, 0.289955, 0.294458, 0.298111, 0.300881, 0.302741, 0.303676, 0.303676, 0.302741, 0.300881, 0.298111, 0.294459, 0.289956, 0.284643, 0.278567, 0.271783, 0.264348, 0.256325, 0.247781, 0.238786, 0.229409, 0.219723, 0.209798, 0.199707, 0.189516, 0.179294, 0.169102, 0.159001, 0.149045, 0.139285, 0.129767, 0.120530, 0.111612, 0.103040, 0.094842, 0.087035, 0.079636, 0.072655, 0.066098, 0.059967, 0.054261, 0.048976, 0.044105, 0.039640, 0.035568, 0.031880, 0.028560, 0.025597, 0.022976, 0.020685, 0.018712, 0.017043, 0.015670, 0.014583, 0.013774, 0.013238, 0.012971
0.014396, 0.014692, 0.015287, 0.016185, 0.017391, 0.018915, 0.020767, 0.022957, 0.025500, 0.028408, 0.031697, 0.035381, 0.039475, 0.043993, 0.048949, 0.054355, 0.060220, 0.066552, 0.073357, 0.080634, 0.088382, 0.096593, 0.105257, 0.114356, 0.123868, 0.133766, 0.144017, 0.154580, 0.165412, 0.176461, 0.187672, 0.198983, 0.210328, 0.221637, 0.232837, 0.243851, 0.254601, 0.265007, 0.274991, 0.284473, 0.293377, 0.301628, 0.309158, 0.315900, 0.321797, 0.326794, 0.330848, 0.333922, 0.335987, 0.337024, 0.337024, 0.335987, 0.333922, 0.330848, 0.326794, 0.321797, 0.315901, 0.309158, 0.301629, 0.293377, 0.284473, 0.274992, 0.265008, 0.254602, 0.243852, 0.232838, 0.221638, 0.210328, 0.198983, 0.187672, 0.176462, 0.165413, 0.154581, 0.144017, 0.133767, 0.123869, 0.114357, 0.105258, 0.096594, 0.088382, 0.080635, 0.073357, 0.066553, 0.060220, 0.054355, 0.048950, 0.043993, 0.039475, 0.035381, 0.031697, 0.028408, 0.025500, 0.022958, 0.020767, 0.018915, 0.017391, 0.016185, 0.015287, 0.014692, 0.014396
0.015920, 0.016248, 0.016905, 0.017898, 0.019232, 0.020917, 0.022965, 0.025387, 0.028199, 0.031415, 0.035052, 0.039126, 0.043653, 0.048649, 0.054130, 0.060108, 0.066593, 0.073596, 0.081120, 0.089168, 0.097735, 0.106816, 0.116396, 0.126458, 0.136977, 0.147922, 0.159257, 0.170938, 0.182916, 0.195135, 0.207531, 0.220039, 0.232585, 0.245091, 0.257476, 0.269655, 0.281543, 0.293050, 0.304090, 0.314576, 0.324421, 0.333546, 0.341872, 0.349328, 0.355848, 0.361375, 0.365858, 0.369256, 0.371540, 0.372687, 0.372687, 0.371540, 0.369257, 0.365858, 0.361375, 0.355849, 0.349329, 0.341873, 0.333547, 0.324422, 0.314576, 0.304091, 0.293051, 0.281543, 0.269656, 0.257476, 0.245091, 0.232586, 0.220040, 0.207532, 0.195135, 0.182917, 0.170939, 0.159257, 0.147923, 0.136978, 0.126459, 0.116397, 0.106816, 0.097736, 0.089168, 0.081121, 0.073596, 0.066594, 0.060108, 0.054130, 0.048650, 0.043653, 0.039126, 0.035052, 0.031415, 0.028199, 0.025387, 0.022965, 0.020918, 0.019232, 0.017898, 0.016905, 0.016248, 0.015920
0.017541, 0.017902, 0.018627, 0.019721, 0.021191, 0.023048, 0.025304, 0.027973, 0.031071, 0.034614, 0.038622, 0.043110, 0.048098, 0.053604, 0.059642, 0.066229, 0.073375, 0.081091, 0.089381, 0.098248, 0.107688, 0.117693, 0.128249, 0.139335, 0.150925, 0.162984, 0.175473, 0.188344, 0.201542, 0.215004, 0.228663, 0.242445, 0.256267, 0.270047, 0.283693, 0.297112, 0.310210, 0.322889, 0.335053, 0.346606, 0.357455, 0.367508, 0.376682, 0.384897, 0.392081, 0.398170, 0.403110, 0.406854, 0.409370, 0.410634, 0.410634, 0.409370, 0.406855, 0.403110, 0.398171, 0.392082, 0.384898, 0.376683, 0.367509, 0.357455, 0.346607, 0.335054, 0.322890, 0.310211, 0.297113, 0.283693, 0.270048, 0.256268, 0.242445, 0.228664, 0.215005, 0.201542, 0.188345, 0.175474, 0.162985, 0.150926, 0.139336, 0.128250, 0.117694, 0.107689, 0.098248, 0.089382, 0.081091, 0.073376, 0.066229, 0.059643, 0.053604, 0.048099, 0.043111, 0.038622, 0.034615, 0.031071, 0.027973, 0.025304, 0.023048, 0.021191, 0.019721, 0.018627, 0.017902, 0.017541
0.019258, 0.019654, 0.020450, 0.021651, 0.023265, 0.025303, 0.027780, 0.030710, 0.034111, 0.038002, 0.042401, 0.047329, 0.052805, 0.058849, 0.065478, 0.072709, 0.080554, 0.089025, 0.098126, 0.107860, 0.118224, 0.129208, 0.140796, 0.152967, 0.165690, 0.178930, 0.192641, 0.206770, 0.221259, 0.236039, 0.251034, 0.266163, 0.281339, 0.296466, 0.311447, 0.326179, 0.340558, 0.354478, 0.367832, 0.380515, 0.392424, 0.403461, 0.413533, 0.422551, 0.430438, 0.437123, 0.442545, 0.446656, 0.449418, 0.450805, 0.450806, 0.449418, 0.446656, 0.442545, 0.437123, 0.430438, 0.422552, 0.413533, 0.403462, 0.392425, 0.380515, 0.367832, 0.354479, 0.340559, 0.326180, 0.311448, 0.296467, 0.281340, 0.266164, 0.251035, 0.236040, 0.221260, 0.206771, 0.192641, 0.178930, 0.165691, 0.152968, 0.140797, 0.129209, 0.118225, 0.107861, 0.098127, 0.089025, 0.080555, 0.072709, 0.065479, 0.058849, 0.052805, 0.047329, 0.042401, 0.038002, 0.034112, 0.030711, 0.027780, 0.025303, 0.023265, 0.021651, 0.020450, 0.019654, 0.019258
0.021066, 0.021499, 0.022370, 0.023683, 0.025449, 0.027679, 0.030388, 0.033593, 0.037313, 0.041569, 0.046381, 0.051771, 0.057761, 0.064372, 0.071624, 0.079533, 0.088115, 0.097380, 0.107336, 0.117983, 0.129320, 0.141334, 0.154009, 0.167322, 0.181240, 0.195722, 0.210719, 0.226175, 0.242023, 0.258190, 0.274593, 0.291142, 0.307741, 0.324288, 0.340674, 0.356789, 0.372517, 0.387743, 0.402350, 0.416223, 0.429250, 0.441323, 0.452339, 0.462204, 0.470831, 0.478143, 0.484074, 0.488571, 0.491592, 0.493109, 0.493109, 0.491592, 0.488571, 0.484074, 0.478143, 0.470831, 0.462205, 0.452340, 0.441323, 0.429251, 0.416224, 0.402351, 0.387744, 0.372518, 0.356790, 0.340675, 0.324289, 0.307742, 0.291143, 0.274594, 0.258191, 0.242024, 0.226176, 0.210720, 0.195723, 0.181241, 0.167323, 0.154010, 0.141335, 0.129320, 0.117984, 0.107336, 0.097381, 0.088115, 0.079534, 0.071624, 0.064373, 0.057762, 0.051771, 0.046381, 0.041569, 0.037313, 0.033593, 0.030388, 0.027679, 0.025449, 0.023683, 0.022370, 0.021500, 0.021066
0.022960, 0.023432, 0.024381, 0.025812, 0.027736, 0.030167, 0.033119, 0.036613, 0.040667, 0.045305, 0.050549, 0.056424, 0.062953, 0.070158, 0.078061, 0.086681, 0.096034, 0.106132, 0.116982, 0.128587, 0.140941, 0.154035, 0.167850, 0.182359, 0.197528, 0.213311, 0.229656, 0.246501, 0.263773, 0.281393, 0.299269, 0.317305, 0.335396, 0.353430, 0.371289, 0.388852, 0.405993, 0.422587, 0.438506, 0.453626, 0.467824, 0.480981, 0.492987, 0.503739, 0.513141, 0.521110, 0.527574, 0.532474, 0.535767, 0.537421, 0.537421, 0.535767, 0.532475, 0.527574, 0.521110, 0.513141, 0.503739, 0.492988, 0.480982, 0.467825, 0.453627, 0.438507, 0.422588, 0.405994, 0.388853, 0.371290, 0.353431, 0.335397, 0.317307, 0.299270, 0.281394, 0.263775, 0.246502, 0.229657, 0.213312, 0.197529, 0.182360, 0.167851, 0.154036, 0.140942, 0.128588, 0.116983, 0.106133, 0.096035, 0.086682, 0.078062, 0.070159, 0.062953, 0.056425, 0.050550, 0.045305, 0.040667, 0.036613, 0.033120, 0.030167, 0.027736, 0.025812, 0.024381, 0.023432, 0.022960
0.024933, 0.025446, 0.026476, 0.028030, 0.030119, 0.032759, 0.035965, 0.039758, 0.044161, 0.049197, 0.054892, 0.061272, 0.068361, 0.076185, 0.084767, 0.094128, 0.104284, 0.115249, 0.127031, 0.139633, 0.153048, 0.167267, 0.182269, 0.198024, 0.214495, 0.231634, 0.249383, 0.267675, 0.286431, 0.305563, 0.324975, 0.344561, 0.364205, 0.383788, 0.403181, 0.422252, 0.440866, 0.458885, 0.476171, 0.492589, 0.508006, 0.522294, 0.535331, 0.547006, 0.557215, 0.565868, 0.572888, 0.578210, 0.581785, 0.583581, 0.583581, 0.581785, 0.578210, 0.572888, 0.565869, 0.557216, 0.547006, 0.535332, 0.522295, 0.508007, 0.492590, 0.476172, 0.458886, 0.440867, 0.422253, 0.403182, 0.383789, 0.364206, 0.344562, 0.324976, 0.305565, 0.286432, 0.267676, 0.249385, 0.231635, 0.214496, 0.198025, 0.182269, 0.167268, 0.153049, 0.139634, 0.127032, 0.115250, 0.104285, 0.094129, 0.084768, 0.076186, 0.068362, 0.061272, 0.054893, 0.049198, 0.044161, 0.039759, 0.035965, 0.032759, 0.030120, 0.028030, 0.026476, 0.025446, 0.024933
0.026976, 0.027531, 0.028646, 0.030327, 0.032588, 0.035444, 0.038913, 0.043017, 0.047780, 0.053229, 0.059391, 0.066293, 0.073963, 0.082429, 0.091714, 0.101841, 0.112830, 0.124693, 0.137441, 0.151074, 0.165589, 0.180973, 0.197203, 0.214250, 0.232070, 0.250614, 0.269817, 0.289607, 0.309900, 0.330600, 0.351602, 0.372792, 0.394046, 0.415233, 0.436215, 0.456848, 0.476987, 0.496482, 0.515185, 0.532948, 0.549628, 0.565086, 0.579191, 0.591822, 0.602868, 0.612230, 0.619825, 0.625582, 0.629450, 0.631394, 0.631394, 0.629451, 0.625583, 0.619825, 0.612231, 0.602869, 0.591823, 0.579192, 0.565087, 0.549629, 0.532949, 0.515186, 0.496483, 0.476988, 0.456849, 0.436216, 0.415234, 0.394047, 0.372793, 0.351604, 0.330601, 0.309901, 0.289609, 0.269818, 0.250615, 0.232072, 0.214251, 0.197204, 0.180974, 0.165590, 0.151075, 0.137441, 0.124694, 0.112830, 0.101842, 0.091714, 0.082429, 0.073964, 0.066293, 0.059391, 0.053230, 0.047781, 0.043017, 0.038913, 0.035444, 0.032588, 0.030327, 0.028646, 0.027531, 0.026976
0.029081, 0.029679, 0.030880, 0.032693, 0.035130, 0.038208, 0.041948, 0.046372, 0.051507, 0.057381, 0.064023, 0.071464, 0.079732, 0.088858, 0.098867, 0.109784, 0.121629, 0.134418, 0.148159, 0.162856, 0.178503, 0.195087, 0.212583, 0.230959, 0.250169, 0.270158, 0.290859, 0.312193, 0.334068, 0.356382, 0.379022, 0.401864, 0.424775, 0.447614, 0.470231, 0.492474, 0.514183, 0.535198, 0.555359, 0.574507, 0.592488, 0.609151, 0.624356, 0.637972, 0.649879, 0.659972, 0.668158, 0.674365, 0.678535, 0.680629, 0.680629, 0.678535, 0.674365, 0.668159, 0.659972, 0.649880, 0.637973, 0.624357, 0.609152, 0.592489, 0.574508, 0.555360, 0.535199, 0.514184, 0.492475, 0.470233, 0.447615, 0.424777, 0.401865, 0.379023, 0.356383, 0.334069, 0.312194, 0.290861, 0.270160, 0.250170, 0.230960, 0.212584, 0.195088, 0.178504, 0.162857, 0.148160, 0.134419, 0.121630, 0.109785, 0.098868, 0.088858, 0.079733, 0.071464, 0.064024, 0.057382, 0.051508, 0.046373, 0.041948, 0.038209, 0.035130, 0.032693, 0.030880, 0.029679, 0.029081
0.031235, 0.031877, 0.033168, 0.035115, 0.037732, 0.041038, 0.045055, 0.049807, 0.055322, 0.061631, 0.068765, 0.076756, 0.085637, 0.095438, 0.106188, 0.117914, 0.130636, 0.144371, 0.159130, 0.174915, 0.191721, 0.209532, 0.228324, 0.248060, 0.268693, 0.290162, 0.312396, 0.335309, 0.358803, 0.382770, 0.407086, 0.431619, 0.456226, 0.480756, 0.505048, 0.528937, 0.552253, 0.574824, 0.596478, 0.617044, 0.636356, 0.654252, 0.670583, 0.685207, 0.697996, 0.708835, 0.717628, 0.724294, 0.728772, 0.731022, 0.731022, 0.728772, 0.724294, 0.717628, 0.708836, 0.697996, 0.685208, 0.670584, 0.654253, 0.636357, 0.617045, 0.596479, 0.574826, 0.552255, 0.528939, 0.505049, 0.480757, 0.456228, 0.431621, 0.407087, 0.382771, 0.358805, 0.335310, 0.312397, 0.290164, 0.268694, 0.248062, 0.228325, 0.209534, 0.191722, 0.174916, 0.159131, 0.144372, 0.130637, 0.117915, 0.106189, 0.095439, 0.085638, 0.076757, 0.068765, 0.061631, 0.055323, 0.049807, 0.045055, 0.041039, 0.037732, 0.035115, 0.033168, 0.031877, 0.031235
0.033426, 0.034113, 0.035494, 0.037578, 0.040379, 0.043917, 0.048215, 0.053300, 0.059202, 0.065953, 0.073587, 0.082139, 0.091642, 0.102130, 0.113635, 0.126182, 0.139796, 0.154495, 0.170288, 0.187180, 0.205164, 0.224225, 0.244334, 0.265454, 0.287533, 0.310507, 0.334300, 0.358819, 0.383961, 0.409607, 0.435628, 0.461881, 0.488213, 0.514462, 0.540458, 0.566021, 0.590972, 0.615126, 0.638297, 0.660305, 0.680970, 0.700122, 0.717597, 0.733246, 0.746931, 0.758531, 0.767940, 0.775073, 0.779865, 0.782272, 0.782273, 0.779865, 0.775073, 0.767940, 0.758531, 0.746932, 0.733247, 0.717598, 0.700123, 0.680971, 0.660306, 0.638299, 0.615127, 0.590973, 0.566023, 0.540459, 0.514464, 0.488215, 0.461883, 0.435629, 0.409609, 0.383962, 0.358821, 0.334301, 0.310509, 0.287534, 0.265455, 0.244335, 0.224226, 0.205166, 0.187181, 0.170289, 0.154496, 0.139797, 0.126183, 0.113635, 0.102131, 0.091643, 0.082140, 0.073588, 0.065954, 0.059202, 0.053300, 0.048215, 0.043917, 0.040379, 0.037578, 0.035494, 0.034113, 0.033426
0.035639, 0.036372, 0.037844, 0.040066, 0.043052, 0.046825, 0.051407, 0.056829, 0.063122, 0.070320, 0.078460, 0.087577, 0.097710, 0.108892, 0.121157, 0.134535, 0.149051, 0.164722, 0.181562, 0.199572, 0.218746, 0.239068, 0.260508, 0.283026, 0.306567, 0.331062, 0.356429, 0.382571, 0.409377, 0.436721, 0.464464, 0.492454, 0.520530, 0.548516, 0.576231, 0.603487, 0.630089, 0.655841, 0.680547, 0.704011, 0.726044, 0.746463, 0.765095, 0.781780, 0.796370, 0.808737, 0.818769, 0.826374, 0.831484, 0.834050, 0.834050, 0.831484, 0.826375, 0.818769, 0.808738, 0.796371, 0.781780, 0.765096, 0.746464, 0.726045, 0.704012, 0.680548, 0.655843, 0.630091, 0.603489, 0.576233, 0.548517, 0.520532, 0.492456, 0.464465, 0.436722, 0.409379, 0.382573, 0.356431, 0.331064, 0.306568, 0.283027, 0.260510, 0.239069, 0.218747, 0.199573, 0.181563, 0.164723, 0.149052, 0.134536, 0.121158, 0.108893, 0.097710, 0.087578, 0.078460, 0.070321, 0.063122, 0.056830, 0.051408, 0.046825, 0.043053, 0.040066, 0.037845, 0.036372, 0.035639
0.037860, 0.038639, 0.040203, 0.042562, 0.045735, 0.049742, 0.054610, 0.060370, 0.067055, 0.074701, 0.083348, 0.093033, 0.103797, 0.115675, 0.128705, 0.142916, 0.158336, 0.174983, 0.192872, 0.212004, 0.232372, 0.253960, 0.276735, 0.300655, 0.325662, 0.351683, 0.378630, 0.406400, 0.434875, 0.463922, 0.493393, 0.523127, 0.552950, 0.582680, 0.612121, 0.641074, 0.669333, 0.696689, 0.722933, 0.747858, 0.771263, 0.792953, 0.812746, 0.830469, 0.845968, 0.859105, 0.869762, 0.877841, 0.883268, 0.885995, 0.885995, 0.883269, 0.877841, 0.869762, 0.859106, 0.845969, 0.830470, 0.812747, 0.792954, 0.771264, 0.747859, 0.722934, 0.696690, 0.669335, 0.641076, 0.612123, 0.582681, 0.552952, 0.523129, 0.493395, 0.463924, 0.434877, 0.406402, 0.378632, 0.351685, 0.325664, 0.300657, 0.276737, 0.253961, 0.232374, 0.212005, 0.192873, 0.174985, 0.158337, 0.142917, 0.128706, 0.115676, 0.103797, 0.093034, 0.083348, 0.074702, 0.067055, 0.060370, 0.054611, 0.049743, 0.045735, 0.042563, 0.040203, 0.038639, 0.037860
0.040071, 0.040896, 0.042551, 0.045049, 0.048407, 0.052648, 0.057800, 0.063896, 0.070971, 0.079064, 0.088215, 0.098466, 0.109858, 0.122431, 0.136221, 0.151262, 0.167582, 0.185202, 0.204134, 0.224383, 0.245941, 0.268789, 0.292894, 0.318211, 0.344678, 0.372218, 0.400738, 0.430129, 0.460267, 0.491009, 0.522200, 0.553670, 0.585235, 0.616700, 0.647860, 0.678503, 0.708412, 0.737364, 0.765140, 0.791521, 0.816291, 0.839248, 0.860196, 0.878954, 0.895358, 0.909262, 0.920541, 0.929091, 0.934836, 0.937721, 0.937721, 0.934836, 0.929092, 0.920541, 0.909263, 0.895359, 0.878956, 0.860197, 0.839249, 0.816293, 0.791522, 0.765142, 0.737366, 0.708414, 0.678505, 0.647862, 0.616702, 0.585237, 0.553672, 0.522202, 0.491011, 0.460269, 0.430131, 0.400740, 0.372220, 0.344680, 0.318213, 0.292896, 0.268791, 0.245943, 0.224385, 0.204136, 0.185203, 0.167583, 0.151263, 0.136222, 0.122432, 0.109859, 0.098467, 0.088216, 0.079065, 0.070972, 0.063896, 0.057800, 0.052648, 0.048407, 0.045049, 0.042551, 0.040896, 0.040071
0.042256, 0.043126, 0.044871, 0.047505, 0.051046, 0.055518, 0.060951, 0.067380, 0.074840, 0.083374, 0.093024, 0.103834, 0.115847, 0.129105, 0.143646, 0.159507, 0.176717, 0.195297, 0.215261, 0.236614, 0.259347, 0.283440, 0.308859, 0.335555, 0.363464, 0.392505, 0.422579, 0.453572, 0.485352, 0.517770, 0.550661, 0.583845, 0.617130, 0.650309, 0.683168, 0.715481, 0.747019, 0.777549, 0.806838, 0.834656, 0.860777, 0.884984, 0.907074, 0.926854, 0.944152, 0.958813, 0.970706, 0.979722, 0.985780, 0.988823, 0.988823, 0.985780, 0.979723, 0.970707, 0.958814, 0.944153, 0.926855, 0.907075, 0.884986, 0.860778, 0.834657, 0.806840, 0.777551, 0.747021, 0.715483, 0.683170, 0.650311, 0.617132, 0.583847, 0.550663, 0.517772, 0.485354, 0.453574, 0.422581, 0.392507, 0.363466, 0.335557, 0.308860, 0.283441, 0.259348, 0.236615, 0.215263, 0.195298, 0.176718, 0.159508, 0.143647, 0.129105, 0.115848, 0.103835, 0.093025, 0.083375, 0.074841, 0.067380, 0.060952, 0.055519, 0.051046, 0.047505, 0.044871, 0.043126, 0.042256
0.044397, 0.045310, 0.047144, 0.049911, 0.053631, 0.058330, 0.064038, 0.070792, 0.078630, 0.087597, 0.097735, 0.109092, 0.121713, 0.135642, 0.150920, 0.167584, 0.185665, 0.205185, 0.226161, 0.248594, 0.272478, 0.297790, 0.324496, 0.352544, 0.381866, 0.412377, 0.443973, 0.476535, 0.509923, 0.543982, 0.578538, 0.613402, 0.648372, 0.683231, 0.717752, 0.751700, 0.784835, 0.816910, 0.847682, 0.876907, 0.904350, 0.929783, 0.952990, 0.973771, 0.991945, 1.007348, 1.019843, 1.029316, 1.035680, 1.038877, 1.038877, 1.035680, 1.029316, 1.019844, 1.007349, 0.991946, 0.973773, 0.952991, 0.929784, 0.904352, 0.876909, 0.847684, 0.816912, 0.784836, 0.751702, 0.717754, 0.683233, 0.648374, 0.613404, 0.578540, 0.543984, 0.509925, 0.476537, 0.443975, 0.412379, 0.381868, 0.352546, 0.324498, 0.297792, 0.272479, 0.248595, 0.226162, 0.205187, 0.185666, 0.167585, 0.150921, 0.135642, 0.121714, 0.109093, 0.097736, 0.087597, 0.078631, 0.070792, 0.064039, 0.058330, 0.053632, 0.049911, 0.047144, 0.045310, 0.044397
0.046474, 0.047430, 0.049350, 0.052246, 0.056140, 0.061059, 0.067034, 0.074104, 0.082309, 0.091694, 0.102307, 0.114195, 0.127406, 0.141986, 0.157978, 0.175422, 0.194348, 0.214782, 0.236738, 0.260220, 0.285220, 0.311716, 0.339671, 0.369030, 0.399723, 0.431661, 0.464734, 0.498819, 0.533768, 0.569419, 0.605590, 0.642085, 0.678689, 0.715178, 0.751313, 0.786848, 0.821532, 0.855107, 0.887317, 0.917908, 0.946634, 0.973256, 0.997548, 1.019300, 1.038323, 1.054447, 1.067526, 1.077442, 1.084103, 1.087450, 1.087450, 1.084104, 1.077442, 1.067527, 1.054448, 1.038324, 1.019302, 0.997549, 0.973257, 0.946636, 0.917910, 0.887318, 0.855108, 0.821534, 0.786850, 0.751315, 0.715180, 0.678691, 0.642087, 0.605592, 0.569421, 0.533770, 0.498821, 0.464736, 0.431662, 0.399725, 0.369032, 0.339673, 0.311718, 0.285222, 0.260221, 0.236739, 0.214783, 0.194349, 0.175423, 0.157979, 0.141987, 0.127406, 0.114195, 0.102307, 0.091695, 0.082309, 0.074104, 0.067035, 0.061059, 0.056141, 0.052246, 0.049350, 0.047430, 0.046474
0.048469, 0.049466, 0.051468, 0.054489, 0.058550, 0.063680, 0.069912, 0.077285, 0.085842, 0.095630, 0.106698, 0.119096, 0.132873, 0.148079, 0.164758, 0.182950, 0.202689, 0.223999, 0.246897, 0.271387, 0.297460, 0.325093, 0.354247, 0.384866, 0.416875, 0.450183, 0.484675, 0.520222, 0.556670, 0.593851, 0.631574, 0.669634, 0.707809, 0.745862, 0.783548, 0.820607, 0.856778, 0.891794, 0.925385, 0.957289, 0.987247, 1.015010, 1.040345, 1.063030, 1.082869, 1.099684, 1.113325, 1.123666, 1.130613, 1.134103, 1.134103, 1.130614, 1.123667, 1.113325, 1.099685, 1.082870, 1.063031, 1.040346, 1.015012, 0.987249, 0.957291, 0.925387, 0.891796, 0.856781, 0.820610, 0.783550, 0.745864, 0.707811, 0.669636, 0.631576, 0.593853, 0.556673, 0.520224, 0.484678, 0.450185, 0.416877, 0.384868, 0.354249, 0.325094, 0.297461, 0.271388, 0.246898, 0.224000, 0.202690, 0.182951, 0.164759, 0.148080, 0.132874, 0.119097, 0.106698, 0.095630, 0.085842, 0.077285, 0.069912, 0.063680, 0.058551, 0.054489, 0.051468, 0.049467, 0.048469
0.050364, 0.051400, 0.053480, 0.056619, 0.060839, 0.066169, 0.072644, 0.080305, 0.089196, 0.099367, 0.110867, 0.123749, 0.138066, 0.153866, 0.171196, 0.190099, 0.210608, 0.232751, 0.256543, 0.281990, 0.309081, 0.337794, 0.368086, 0.399901, 0.433161, 0.467769, 0.503609, 0.540544, 0.578417, 0.617049, 0.656245, 0.695792, 0.735457, 0.774997, 0.814155, 0.852662, 0.890245, 0.926628, 0.961531, 0.994681, 1.025809, 1.054657, 1.080980, 1.104552, 1.125166, 1.142638, 1.156811, 1.167556, 1.174774, 1.178401, 1.178401, 1.174775, 1.167556, 1.156811, 1.142639, 1.125167, 1.104553, 1.080981, 1.054658, 1.025810, 0.994683, 0.961533, 0.926630, 0.890248, 0.852664, 0.814157, 0.775000, 0.735460, 0.695795, 0.656248, 0.617051, 0.578419, 0.540547, 0.503612, 0.467772, 0.433163, 0.399903, 0.368088, 0.337795, 0.309083, 0.281991, 0.256545, 0.232752, 0.210610, 0.190100, 0.171197, 0.153867, 0.138066, 0.123750, 0.110868, 0.099368, 0.089197, 0.080306, 0.072645, 0.066169, 0.060839, 0.056619, 0.053480, 0.051400, 0.050364
0.052140, 0.053212, 0.055366, 0.058615, 0.062984, 0.068502, 0.075205, 0.083136, 0.092340, 0.102869, 0.114775, 0.128111, 0.142931, 0.159288, 0.177230, 0.196798, 0.218030, 0.240953, 0.265584, 0.291927, 0.319973, 0.349697, 0.381057, 0.413992, 0.448424, 0.484251, 0.521354, 0.559590, 0.598796, 0.638789, 0.679367, 0.720306, 0.761369, 0.802301, 0.842838, 0.882701, 0.921609, 0.959272, 0.995405, 1.029722, 1.061947, 1.091811, 1.119061, 1.143464, 1.164803, 1.182891, 1.197563, 1.208686, 1.216159, 1.219913, 1.219913, 1.216160, 1.208687, 1.197564, 1.182892, 1.164804, 1.143465, 1.119063, 1.091812, 1.061948, 1.029724, 0.995407, 0.959274, 0.921611, 0.882703, 0.842840, 0.802304, 0.761371, 0.720308, 0.679369, 0.638792, 0.598798, 0.559592, 0.521356, 0.484253, 0.448426, 0.413994, 0.381059, 0.349698, 0.319974, 0.291928, 0.265585, 0.240955, 0.218032, 0.196800, 0.177231, 0.159289, 0.142932, 0.128112, 0.114776, 0.102870, 0.092341, 0.083136, 0.075206, 0.068502, 0.062984, 0.058615, 0.055366, 0.053212, 0.052140
0.053779, 0.054885, 0.057106, 0.060458, 0.064964, 0.070655, 0.077569, 0.085749, 0.095243, 0.106102, 0.118381, 0.132137, 0.147423, 0.164294, 0.182799, 0.202982, 0.224881, 0.248524, 0.273928, 0.301098, 0.330025, 0.360683, 0.393028, 0.426998, 0.462511, 0.499463, 0.537731, 0.577168, 0.617606, 0.658855, 0.700707, 0.742932, 0.785284, 0.827502, 0.869311, 0.910426, 0.950555, 0.989402, 1.026669, 1.062064, 1.095301, 1.126102, 1.154209, 1.179378, 1.201387, 1.220043, 1.235175, 1.246648, 1.254356, 1.258228, 1.258228, 1.254356, 1.246649, 1.235176, 1.220044, 1.201388, 1.179379, 1.154210, 1.126104, 1.095302, 1.062066, 1.026671, 0.989404, 0.950558, 0.910429, 0.869314, 0.827505, 0.785287, 0.742934, 0.700709, 0.658858, 0.617608, 0.577170, 0.537733, 0.499466, 0.462513, 0.427000, 0.393030, 0.360685, 0.330027, 0.301100, 0.273930, 0.248525, 0.224882, 0.202983, 0.182800, 0.164295, 0.147424, 0.132137, 0.118382, 0.106103, 0.095243, 0.085749, 0.077569, 0.070655, 0.064964, 0.060458, 0.057106, 0.054885, 0.053779
0.055265, 0.056402, 0.058684, 0.062128, 0.066758, 0.072607, 0.079712, 0.088117, 0.097873, 0.109032, 0.121651, 0.135786, 0.151494, 0.168830, 0.187846, 0.208587, 0.231090, 0.255386, 0.281491, 0.309411, 0.339137, 0.370640, 0.403878, 0.438785, 0.475278, 0.513251, 0.552575, 0.593100, 0.634654, 0.677041, 0.720048, 0.763438, 0.806959, 0.850342, 0.893305, 0.935555, 0.976790, 1.016708, 1.055004, 1.091376, 1.125530, 1.157181, 1.186064, 1.211927, 1.234544, 1.253714, 1.269265, 1.281054, 1.288975, 1.292953, 1.292953, 1.288975, 1.281055, 1.269265, 1.253715, 1.234545, 1.211928, 1.186065, 1.157183, 1.125531, 1.091378, 1.055007, 1.016711, 0.976793, 0.935557, 0.893308, 0.850345, 0.806962, 0.763441, 0.720050, 0.677044, 0.634656, 0.593102, 0.552577, 0.513253, 0.475281, 0.438787, 0.403880, 0.370642, 0.339138, 0.309413, 0.281493, 0.255387, 0.231091, 0.208588, 0.187847, 0.168832, 0.151495, 0.135787, 0.121651, 0.109033, 0.097874, 0.088118, 0.079712, 0.072607, 0.066759, 0.062128, 0.058684, 0.056402, 0.055265
0.056582, 0.057746, 0.060082, 0.063608, 0.068349, 0.074337, 0.081611, 0.090216, 0.100204, 0.111629, 0.124548, 0.139020, 0.155102, 0.172851, 0.192320, 0.213554, 0.236593, 0.261467, 0.288193, 0.316778, 0.347211, 0.379465, 0.413493, 0.449232, 0.486593, 0.525469, 0.565729, 0.607219, 0.649761, 0.693158, 0.737188, 0.781611, 0.826168, 0.870583, 0.914568, 0.957823, 1.000040, 1.040908, 1.080115, 1.117352, 1.152318, 1.184723, 1.214293, 1.240772, 1.263927, 1.283553, 1.299474, 1.311544, 1.319653, 1.323726, 1.323726, 1.319653, 1.311544, 1.299475, 1.283554, 1.263929, 1.240773, 1.214295, 1.184725, 1.152321, 1.117354, 1.080117, 1.040910, 1.000042, 0.957825, 0.914571, 0.870586, 0.826170, 0.781614, 0.737191, 0.693161, 0.649764, 0.607221, 0.565731, 0.525472, 0.486595, 0.449234, 0.413495, 0.379467, 0.347213, 0.316780, 0.288195, 0.261468, 0.236594, 0.213555, 0.192321, 0.172852, 0.155103, 0.139020, 0.124549, 0.111630, 0.100205, 0.090217, 0.081611, 0.074337, 0.068349, 0.063609, 0.060082, 0.057746, 0.056582
0.057715, 0.058903, 0.061286, 0.064883, 0.069719, 0.075826, 0.083246, 0.092024, 0.102212, 0.113865, 0.127042, 0.141804, 0.158208, 0.176313, 0.196171, 0.217830, 0.241331, 0.266702, 0.293964, 0.323121, 0.354163, 0.387062, 0.421772, 0.458225, 0.496334, 0.535989, 0.577054, 0.619374, 0.662768, 0.707033, 0.751944, 0.797256, 0.842704, 0.888009, 0.932874, 0.976994, 1.020056, 1.061741, 1.101733, 1.139715, 1.175381, 1.208435, 1.238596, 1.265604, 1.289223, 1.309242, 1.325481, 1.337793, 1.346064, 1.350219, 1.350219, 1.346064, 1.337793, 1.325482, 1.309243, 1.289224, 1.265606, 1.238598, 1.208437, 1.175383, 1.139717, 1.101735, 1.061744, 1.020058, 0.976996, 0.932876, 0.888011, 0.842707, 0.797259, 0.751947, 0.707036, 0.662771, 0.619377, 0.577057, 0.535991, 0.496337, 0.458228, 0.421774, 0.387064, 0.354165, 0.323123, 0.293966, 0.266704, 0.241332, 0.217832, 0.196172, 0.176314, 0.158209, 0.141805, 0.127043, 0.113866, 0.102212, 0.092024, 0.083246, 0.075826, 0.069719, 0.064883, 0.061286, 0.058903, 0.057716
0.058654, 0.059861, 0.062283, 0.065938, 0.070852, 0.077059, 0.084599, 0.093520, 0.103873, 0.115716, 0.129107, 0.144109, 0.160780, 0.179178, 0.199359, 0.221370, 0.245252, 0.271036, 0.298740, 0.328371, 0.359917, 0.393350, 0.428623, 0.465669, 0.504397, 0.544695, 0.586427, 0.629434, 0.673533, 0.718516, 0.764157, 0.810204, 0.856390, 0.902430, 0.948023, 0.992860, 1.036620, 1.078983, 1.119625, 1.158224, 1.194469, 1.228058, 1.258709, 1.286156, 1.310158, 1.330502, 1.347005, 1.359516, 1.367922, 1.372144, 1.372144, 1.367922, 1.359517, 1.347005, 1.330503, 1.310160, 1.286158, 1.258711, 1.228060, 1.194471, 1.158226, 1.119627, 1.078986, 1.036623, 0.992863, 0.948026, 0.902433, 0.856393, 0.810207, 0.764160, 0.718519, 0.673535, 0.629437, 0.586429, 0.544697, 0.504399, 0.465671, 0.428625, 0.393352, 0.359919, 0.328373, 0.298742, 0.271037, 0.245253, 0.221371, 0.199360, 0.179179, 0.160781, 0.144110, 0.129108, 0.115717, 0.103874, 0.093520, 0.084600, 0.077059, 0.070853, 0.065939, 0.062283, 0.059861, 0.058654
0.059387, 0.060609, 0.063061, 0.066762, 0.071738, 0.078022, 0.085656, 0.094688, 0.105170, 0.117161, 0.130720, 0.145908, 0.162787, 0.181415, 0.201848, 0.224133, 0.248313, 0.274419, 0.302469, 0.332469, 0.364408, 0.398259, 0.433972, 0.471480, 0.510690, 0.551491, 0.593744, 0.637287, 0.681936, 0.727482, 0.773691, 0.820313, 0.867075, 0.913689, 0.959851, 1.005246, 1.049554, 1.092444, 1.133592, 1.172673, 1.209370, 1.243378, 1.274412, 1.302202, 1.326502, 1.347099, 1.363808, 1.376476, 1.384987, 1.389260, 1.389260, 1.384987, 1.376477, 1.363809, 1.347100, 1.326504, 1.302203, 1.274414, 1.243380, 1.209372, 1.172676, 1.133595, 1.092447, 1.049556, 1.005249, 0.959854, 0.913692, 0.867078, 0.820316, 0.773694, 0.727484, 0.681939, 0.637290, 0.593746, 0.551494, 0.510693, 0.471482, 0.433974, 0.398261, 0.364410, 0.332471, 0.302471, 0.274420, 0.248315, 0.224135, 0.201849, 0.181417, 0.162788, 0.145909, 0.130721, 0.117162, 0.105171, 0.094688, 0.085656, 0.078022, 0.071738, 0.066763, 0.063062, 0.060609, 0.059387
0.059907, 0.061139, 0.063613, 0.067346, 0.072365, 0.078704, 0.086404, 0.095515, 0.106089, 0.118184, 0.131861, 0.147182, 0.164209, 0.182999, 0.203610, 0.226090, 0.250481, 0.276814, 0.305109, 0.335371, 0.367588, 0.401734, 0.437759, 0.475593, 0.515146, 0.556302, 0.598924, 0.642847, 0.687885, 0.733827, 0.780440, 0.827468, 0.874639, 0.921659, 0.968224, 1.014014, 1.058710, 1.101975, 1.143483, 1.182904, 1.219922, 1.254225, 1.285529, 1.313563, 1.338075, 1.358850, 1.375707, 1.388483, 1.397067, 1.401381, 1.401381, 1.397067, 1.388484, 1.375708, 1.358852, 1.338076, 1.313565, 1.285531, 1.254227, 1.219924, 1.182907, 1.143486, 1.101978, 1.058712, 1.014017, 0.968227, 0.921662, 0.874642, 0.827471, 0.780443, 0.733830, 0.687888, 0.642850, 0.598926, 0.556305, 0.515148, 0.475596, 0.437761, 0.401736, 0.367590, 0.335372, 0.305110, 0.276816, 0.250482, 0.226092, 0.203611, 0.183001, 0.164210, 0.147183, 0.131862, 0.118185, 0.106090, 0.095515, 0.086405, 0.078704, 0.072365, 0.067346, 0.063613, 0.061139, 0.059907
0.060206, 0.061445, 0.063931, 0.067683, 0.072726, 0.079097, 0.086836, 0.095992, 0.106618, 0.118774, 0.132520, 0.147917, 0.165028, 0.183912, 0.204626, 0.227218, 0.251730, 0.278194, 0.306629, 0.337042, 0.369420, 0.403736, 0.439940, 0.477963, 0.517712, 0.559074, 0.601908, 0.646049, 0.691312, 0.737483, 0.784328, 0.831591, 0.878996, 0.926252, 0.973049, 1.019068, 1.063989, 1.107471, 1.149185, 1.188802, 1.226001, 1.260477, 1.291936, 1.320106, 1.344741, 1.365620, 1.382557, 1.395398, 1.404025, 1.408358, 1.408358, 1.404026, 1.395399, 1.382558, 1.365621, 1.344743, 1.320108, 1.291938, 1.260479, 1.226003, 1.188804, 1.149188, 1.107473, 1.063991, 1.019071, 0.973052, 0.926255, 0.878999, 0.831594, 0.784331, 0.737486, 0.691315, 0.646052, 0.601910, 0.559076, 0.517715, 0.477965, 0.439942, 0.403738, 0.369422, 0.337044, 0.306631, 0.278195, 0.251731, 0.227219, 0.204627, 0.183914, 0.165029, 0.147918, 0.132521, 0.118775, 0.106619, 0.095992, 0.086836, 0.079097, 0.072727, 0.067683, 0.063931, 0.061445, 0.060206
0.060283, 0.061523, 0.064012, 0.067768, 0.072818, 0.079196, 0.086945, 0.096113, 0.106753, 0.118924, 0.132686, 0.148103, 0.165236, 0.184143, 0.204883, 0.227503, 0.252045, 0.278542, 0.307014, 0.337464, 0.369883, 0.404241, 0.440491, 0.478561, 0.518360, 0.559773, 0.602661, 0.646858, 0.692178, 0.738407, 0.785310, 0.832631, 0.880097, 0.927412, 0.974268, 1.020347, 1.065320, 1.108855, 1.150619, 1.190285, 1.227531, 1.262049, 1.293546, 1.321752, 1.346416, 1.367322, 1.384280, 1.397136, 1.405774, 1.410113, 1.410113, 1.405774, 1.397137, 1.384281, 1.367323, 1.346418, 1.321753, 1.293548, 1.262051, 1.227533, 1.190287, 1.150622, 1.108857, 1.065323, 1.020350, 0.974271, 0.927415, 0.880100, 0.832634, 0.785313, 0.738410, 0.692181, 0.646861, 0.602663, 0.559776, 0.518363, 0.478563, 0.440493, 0.404244, 0.369885, 0.337466, 0.307015, 0.278544, 0.252047, 0.227504, 0.204884, 0.184145, 0.165237, 0.148104, 0.132687, 0.118925, 0.106753, 0.096113, 0.086946, 0.079197, 0.072819, 0.067769, 0.064012, 0.061523, 0.060283
0.060135, 0.061372, 0.063855, 0.067602, 0.072639, 0.079002, 0.086731, 0.095876, 0.106490, 0.118631, 0.132360, 0.147738, 0.164828, 0.183690, 0.204377, 0.226942, 0.251423, 0.277855, 0.306256, 0.336631, 0.368970, 0.403244, 0.439403, 0.477380, 0.517082, 0.558393, 0.601174, 0.645263, 0.690472, 0.736586, 0.783372, 0.830576, 0.877923, 0.925119, 0.971859, 1.017823, 1.062684, 1.106111, 1.147772, 1.187339, 1.224493, 1.258925, 1.290343, 1.318478, 1.343081, 1.363935, 1.380851, 1.393675, 1.402291, 1.406619, 1.406619, 1.402292, 1.393676, 1.380852, 1.363936, 1.343083, 1.318480, 1.290346, 1.258927, 1.224495, 1.187341, 1.147774, 1.106114, 1.062687, 1.017826, 0.971862, 0.925122, 0.877926, 0.830579, 0.783375, 0.736589, 0.690474, 0.645266, 0.601177, 0.558395, 0.517084, 0.477382, 0.439406, 0.403246, 0.368972, 0.336633, 0.306258, 0.277857, 0.251425, 0.226943, 0.204379, 0.183691, 0.164830, 0.147739, 0.132361, 0.118632, 0.106491, 0.095877, 0.086732, 0.079002, 0.072639, 0.067602, 0.063855, 0.061372, 0.060135
0.059764, 0.060993, 0.063461, 0.067185, 0.072191, 0.078514, 0.086196, 0.095285, 0.105833, 0.117899, 0.131543, 0.146826, 0.163811, 0.182556, 0.203115, 0.225540, 0.249871, 0.276139, 0.304364, 0.334551, 0.366690, 0.400752, 0.436689, 0.474432, 0.513890, 0.554947, 0.597464, 0.641279, 0.686205, 0.732033, 0.778531, 0.825443, 0.872496, 0.919399, 0.965849, 1.011529, 1.056112, 1.099269, 1.140672, 1.179994, 1.216917, 1.251136, 1.282360, 1.310320, 1.334771, 1.355495, 1.372306, 1.385051, 1.393614, 1.397915, 1.397915, 1.393614, 1.385052, 1.372307, 1.355497, 1.334773, 1.310322, 1.282362, 1.251138, 1.216920, 1.179996, 1.140675, 1.099272, 1.056115, 1.011532, 0.965852, 0.919402, 0.872499, 0.825446, 0.778534, 0.732036, 0.686208, 0.641281, 0.597467, 0.554949, 0.513893, 0.474434, 0.436692, 0.400755, 0.366693, 0.334553, 0.304366, 0.276140, 0.249872, 0.225542, 0.203117, 0.182557, 0.163812, 0.146827, 0.131544, 0.117900, 0.105834, 0.095285, 0.086196, 0.078514, 0.072191, 0.067185, 0.063461, 0.060993, 0.059764
0.059174, 0.060391, 0.062835, 0.066521, 0.071478, 0.077739, 0.085345, 0.094344, 0.104789, 0.116735, 0.130245, 0.145377, 0.162194, 0.180753, 0.201110, 0.223313, 0.247403, 0.273412, 0.301358, 0.331247, 0.363069, 0.396795, 0.432377, 0.469748, 0.508816, 0.549467, 0.591564, 0.634945, 0.679427, 0.724802, 0.770839, 0.817286, 0.863873, 0.910313, 0.956303, 1.001530, 1.045672, 1.088403, 1.129396, 1.168329, 1.204887, 1.238767, 1.269682, 1.297365, 1.321575, 1.342094, 1.358738, 1.371357, 1.379835, 1.384093, 1.384094, 1.379835, 1.371358, 1.358739, 1.342095, 1.321576, 1.297367, 1.269684, 1.238769, 1.204889, 1.168331, 1.129398, 1.088405, 1.045675, 1.001533, 0.956306, 0.910316, 0.863876, 0.817289, 0.770842, 0.724805, 0.679430, 0.634948, 0.591566, 0.549470, 0.508818, 0.469751, 0.432380, 0.396798, 0.363071, 0.331249, 0.301360, 0.273413, 0.247405, 0.223314, 0.201111, 0.180754, 0.162195, 0.145378, 0.130245, 0.116736, 0.104789, 0.094345, 0.085346, 0.077740, 0.071479, 0.066522, 0.062835, 0.060391, 0.059174
0.058372, 0.059573, 0.061983, 0.065620, 0.070510, 0.076686, 0.084189, 0.093065, 0.103368, 0.115153, 0.128479, 0.143406, 0.159994, 0.178302, 0.198382, 0.220284, 0.244048, 0.269703, 0.297271, 0.326755, 0.358146, 0.391415, 0.426515, 0.463378, 0.501915, 0.542013, 0.583538, 0.626331, 0.670209, 0.714967, 0.760379, 0.806195, 0.852150, 0.897959, 0.943324, 0.987937, 1.031479, 1.073630, 1.114066, 1.152470, 1.188532, 1.221951, 1.252447, 1.279754, 1.303634, 1.323875, 1.340293, 1.352741, 1.361103, 1.365304, 1.365304, 1.361104, 1.352741, 1.340294, 1.323876, 1.303636, 1.279755, 1.252449, 1.221953, 1.188534, 1.152472, 1.114068, 1.073632, 1.031482, 0.987940, 0.943327, 0.897962, 0.852153, 0.806198, 0.760382, 0.714970, 0.670212, 0.626333, 0.583541, 0.542016, 0.501917, 0.463380, 0.426517, 0.391417, 0.358148, 0.326757, 0.297272, 0.269705, 0.244049, 0.220286, 0.198384, 0.178303, 0.159995, 0.143407, 0.128480, 0.115154, 0.103369, 0.093066, 0.084189, 0.076686, 0.070510, 0.065620, 0.061983, 0.059573, 0.058372
0.057366, 0.058546, 0.060915, 0.064489, 0.069295, 0.075364, 0.082738, 0.091462, 0.101587, 0.113168, 0.126264, 0.140934, 0.157237, 0.175228, 0.194963, 0.216487, 0.239840, 0.265054, 0.292146, 0.321122, 0.351972, 0.384667, 0.419162, 0.455389, 0.493260, 0.532667, 0.573476, 0.615530, 0.658651, 0.702637, 0.747265, 0.792291, 0.837452, 0.882470, 0.927053, 0.970895, 1.013686, 1.055108, 1.094847, 1.132588, 1.168027, 1.200871, 1.230840, 1.257676, 1.281144, 1.301035, 1.317170, 1.329403, 1.337621, 1.341749, 1.341749, 1.337621, 1.329404, 1.317171, 1.301036, 1.281145, 1.257677, 1.230841, 1.200873, 1.168029, 1.132590, 1.094849, 1.055111, 1.013688, 0.970898, 0.927055, 0.882473, 0.837455, 0.792293, 0.747267, 0.702639, 0.658653, 0.615532, 0.573478, 0.532669, 0.493263, 0.455391, 0.419164, 0.384669, 0.351974, 0.321124, 0.292148, 0.265055, 0.239842, 0.216488, 0.194964, 0.175230, 0.157238, 0.140935, 0.126265, 0.113169, 0.101587, 0.091462, 0.082738, 0.075365, 0.069295, 0.064490, 0.060915, 0.058546, 0.057366
