0.044840, 0.045538, 0.046936, 0.049040, 0.051858, 0.055399, 0.059676, 0.064701, 0.070489, 0.077054, 0.084413, 0.092579, 0.101566, 0.111384, 0.122044, 0.133550, 0.145904, 0.159103, 0.173138, 0.187994, 0.203650, 0.220076, 0.237237, 0.255087, 0.273575, 0.292638, 0.312207, 0.332204, 0.352542, 0.373126, 0.393855, 0.414620, 0.435307, 0.455796, 0.475963, 0.495682, 0.514825, 0.533264, 0.550872, 0.567524, 0.583099, 0.597482, 0.610566, 0.622249, 0.632441, 0.641062, 0.648043, 0.653329, 0.656877, 0.658658, 0.658658, 0.656877, 0.653330, 0.648044, 0.641062, 0.632441, 0.622249, 0.610566, 0.597483, 0.583100, 0.567525, 0.550873, 0.533265, 0.514826, 0.495683, 0.475964, 0.455797, 0.435308, 0.414622, 0.393856, 0.373127, 0.352543, 0.332205, 0.312209, 0.292639, 0.273576, 0.255088, 0.237238, 0.220077, 0.203651, 0.187995, 0.173139, 0.159104, 0.145905, 0.133551, 0.122045, 0.111385, 0.101566, 0.092579, 0.084413, 0.077055, 0.070489, 0.064701, 0.059676, 0.055400, 0.051858, 0.049041, 0.046936, 0.045538, 0.044840
0.041918, 0.042570, 0.043877, 0.045844, 0.048479, 0.051789, 0.055787, 0.060484, 0.065895, 0.072032, 0.078911, 0.086545, 0.094946, 0.104125, 0.114090, 0.124846, 0.136394, 0.148732, 0.161852, 0.175740, 0.190375, 0.205731, 0.221773, 0.238460, 0.255742, 0.273563, 0.291856, 0.310550, 0.329562, 0.348804, 0.368182, 0.387593, 0.406931, 0.426084, 0.444937, 0.463370, 0.481266, 0.498503, 0.514962, 0.530529, 0.545089, 0.558534, 0.570764, 0.581686, 0.591214, 0.599273, 0.605799, 0.610740, 0.614057, 0.615722, 0.615722, 0.614057, 0.610741, 0.605799, 0.599273, 0.591214, 0.581687, 0.570765, 0.558535, 0.545089, 0.530530, 0.514964, 0.498504, 0.481267, 0.463372, 0.444938, 0.426085, 0.406932, 0.387594, 0.368183, 0.348805, 0.329563, 0.310551, 0.291858, 0.273564, 0.255743, 0.238461, 0.221774, 0.205732, 0.190376, 0.175741, 0.161853, 0.148733, 0.136395, 0.124846, 0.114090, 0.104125, 0.094947, 0.086546, 0.078912, 0.072033, 0.065895, 0.060484, 0.055787, 0.051789, 0.048479, 0.045845, 0.043877, 0.042570, 0.041918
0.039054, 0.039662, 0.040880, 0.042712, 0.045167, 0.048251, 0.051975, 0.056352, 0.061392, 0.067111, 0.073520, 0.080632, 0.088459, 0.097010, 0.106294, 0.116315, 0.127074, 0.138569, 0.150792, 0.163731, 0.177366, 0.191672, 0.206618, 0.222164, 0.238266, 0.254869, 0.271912, 0.289328, 0.307041, 0.324968, 0.343022, 0.361106, 0.379123, 0.396967, 0.414531, 0.431705, 0.448377, 0.464436, 0.479771, 0.494273, 0.507838, 0.520365, 0.531760, 0.541934, 0.550811, 0.558319, 0.564400, 0.569003, 0.572093, 0.573644, 0.573644, 0.572093, 0.569003, 0.564400, 0.558320, 0.550811, 0.541935, 0.531760, 0.520366, 0.507839, 0.494274, 0.479772, 0.464437, 0.448378, 0.431706, 0.414532, 0.396968, 0.379124, 0.361108, 0.343023, 0.324969, 0.307042, 0.289329, 0.271913, 0.254870, 0.238267, 0.222165, 0.206619, 0.191673, 0.177367, 0.163732, 0.150793, 0.138570, 0.127075, 0.116316, 0.106295, 0.097011, 0.088459, 0.080632, 0.073520, 0.067111, 0.061393, 0.056352, 0.051976, 0.048251, 0.045167, 0.042713, 0.040880, 0.039662, 0.039054
0.036263, 0.036827, 0.037958, 0.039660, 0.041939, 0.044803, 0.048261, 0.052325, 0.057005, 0.062315, 0.068266, 0.074869, 0.082137, 0.090077, 0.098697, 0.108002, 0.117992, 0.128666, 0.140015, 0.152028, 0.164688, 0.177972, 0.191849, 0.206285, 0.221236, 0.236652, 0.252477, 0.268648, 0.285095, 0.301741, 0.318504, 0.335296, 0.352025, 0.368593, 0.384902, 0.400848, 0.416328, 0.431239, 0.445478, 0.458944, 0.471539, 0.483170, 0.493750, 0.503198, 0.511440, 0.518412, 0.524057, 0.528332, 0.531201, 0.532641, 0.532641, 0.531201, 0.528332, 0.524057, 0.518412, 0.511440, 0.503199, 0.493751, 0.483171, 0.471540, 0.458945, 0.445479, 0.431240, 0.416330, 0.400849, 0.384903, 0.368594, 0.352026, 0.335297, 0.318505, 0.301742, 0.285096, 0.268649, 0.252478, 0.236653, 0.221237, 0.206286, 0.191850, 0.177973, 0.164689, 0.152029, 0.140016, 0.128666, 0.117993, 0.108003, 0.098698, 0.090078, 0.082137, 0.074870, 0.068266, 0.062315, 0.057005, 0.052325, 0.048261, 0.044803, 0.041939, 0.039660, 0.037958, 0.036827, 0.036263
0.033558, 0.034081, 0.035127, 0.036702, 0.038811, 0.041461, 0.044661, 0.048422, 0.052753, 0.057667, 0.063173, 0.069285, 0.076010, 0.083358, 0.091335, 0.099945, 0.109190, 0.119067, 0.129570, 0.140687, 0.152402, 0.164694, 0.177536, 0.190895, 0.204731, 0.218997, 0.233641, 0.248606, 0.263826, 0.279230, 0.294742, 0.310282, 0.325762, 0.341095, 0.356186, 0.370943, 0.385268, 0.399067, 0.412243, 0.424704, 0.436360, 0.447123, 0.456914, 0.465657, 0.473284, 0.479735, 0.484959, 0.488915, 0.491570, 0.492903, 0.492903, 0.491570, 0.488915, 0.484960, 0.479735, 0.473284, 0.465657, 0.456914, 0.447124, 0.436360, 0.424705, 0.412244, 0.399068, 0.385269, 0.370944, 0.356187, 0.341096, 0.325763, 0.310283, 0.294743, 0.279231, 0.263827, 0.248607, 0.233642, 0.218998, 0.204731, 0.190896, 0.177537, 0.164695, 0.152403, 0.140687, 0.129570, 0.119068, 0.109191, 0.099946, 0.091335, 0.083358, 0.076010, 0.069285, 0.063174, 0.057667, 0.052753, 0.048422, 0.044661, 0.041461, 0.038811, 0.036702, 0.035127, 0.034081, 0.033558
0.030951, 0.031432, 0.032398, 0.033850, 0.035795, 0.038239, 0.041191, 0.044659, 0.048654, 0.053185, 0.058264, 0.063901, 0.070103, 0.076880, 0.084237, 0.092179, 0.100705, 0.109814, 0.119500, 0.129753, 0.140558, 0.151895, 0.163739, 0.176059, 0.188819, 0.201977, 0.215483, 0.229285, 0.243322, 0.257529, 0.271836, 0.286167, 0.300445, 0.314586, 0.328504, 0.342114, 0.355326, 0.368052, 0.380204, 0.391697, 0.402446, 0.412373, 0.421403, 0.429466, 0.436500, 0.442450, 0.447268, 0.450916, 0.453365, 0.454594, 0.454594, 0.453365, 0.450917, 0.447268, 0.442450, 0.436500, 0.429466, 0.421403, 0.412373, 0.402447, 0.391697, 0.380205, 0.368053, 0.355327, 0.342115, 0.328505, 0.314586, 0.300446, 0.286168, 0.271837, 0.257530, 0.243323, 0.229286, 0.215484, 0.201977, 0.188820, 0.176059, 0.163739, 0.151895, 0.140559, 0.129754, 0.119501, 0.109815, 0.100706, 0.092179, 0.084238, 0.076880, 0.070104, 0.063901, 0.058265, 0.053186, 0.048654, 0.044659, 0.041191, 0.038239, 0.035795, 0.033850, 0.032398, 0.031432, 0.030951
0.028450, 0.028893, 0.029780, 0.031115, 0.032903, 0.035149, 0.037862, 0.041050, 0.044722, 0.048888, 0.053556, 0.058737, 0.064438, 0.070667, 0.077430, 0.084730, 0.092567, 0.100940, 0.109843, 0.119268, 0.129199, 0.139619, 0.150506, 0.161830, 0.173559, 0.185653, 0.198068, 0.210754, 0.223657, 0.236716, 0.249867, 0.263040, 0.276164, 0.289162, 0.301955, 0.314465, 0.326609, 0.338307, 0.349477, 0.360040, 0.369921, 0.379046, 0.387346, 0.394757, 0.401223, 0.406692, 0.411121, 0.414474, 0.416725, 0.417855, 0.417855, 0.416725, 0.414474, 0.411121, 0.406692, 0.401223, 0.394758, 0.387346, 0.379046, 0.369922, 0.360041, 0.349478, 0.338308, 0.326610, 0.314466, 0.301956, 0.289162, 0.276165, 0.263041, 0.249867, 0.236717, 0.223658, 0.210755, 0.198069, 0.185654, 0.173560, 0.161831, 0.150506, 0.139620, 0.129200, 0.119268, 0.109844, 0.100941, 0.092567, 0.084730, 0.077431, 0.070668, 0.064439, 0.058737, 0.053557, 0.048888, 0.044723, 0.041051, 0.037863, 0.035150, 0.032903, 0.031115, 0.029780, 0.028893, 0.028450
0.026063, 0.026469, 0.027282, 0.028505, 0.030143, 0.032201, 0.034686, 0.037607, 0.040971, 0.044787, 0.049064, 0.053810, 0.059033, 0.064739, 0.070934, 0.077622, 0.084801, 0.092472, 0.100628, 0.109262, 0.118360, 0.127906, 0.137879, 0.148253, 0.158997, 0.170077, 0.181450, 0.193072, 0.204892, 0.216856, 0.228903, 0.240971, 0.252994, 0.264901, 0.276622, 0.288082, 0.299207, 0.309923, 0.320156, 0.329834, 0.338885, 0.347244, 0.354848, 0.361637, 0.367561, 0.372571, 0.376628, 0.379700, 0.381762, 0.382797, 0.382797, 0.381762, 0.379700, 0.376628, 0.372571, 0.367561, 0.361638, 0.354848, 0.347245, 0.338886, 0.329834, 0.320157, 0.309924, 0.299208, 0.288083, 0.276623, 0.264902, 0.252995, 0.240972, 0.228904, 0.216856, 0.204893, 0.193073, 0.181451, 0.170077, 0.158998, 0.148254, 0.137880, 0.127907, 0.118360, 0.109262, 0.100629, 0.092472, 0.084802, 0.077622, 0.070935, 0.064740, 0.059033, 0.053810, 0.049064, 0.044787, 0.040971, 0.037607, 0.034687, 0.032201, 0.030143, 0.028505, 0.027282, 0.026469, 0.026064
0.023798, 0.024168, 0.024910, 0.026027, 0.027522, 0.029401, 0.031671, 0.034337, 0.037409, 0.040893, 0.044798, 0.049131, 0.053900, 0.059110, 0.064767, 0.070872, 0.077428, 0.084431, 0.091879, 0.099761, 0.108068, 0.116784, 0.125890, 0.135361, 0.145172, 0.155287, 0.165671, 0.176283, 0.187075, 0.197998, 0.208998, 0.220017, 0.230994, 0.241866, 0.252567, 0.263031, 0.273189, 0.282973, 0.292316, 0.301152, 0.309417, 0.317049, 0.323991, 0.330190, 0.335598, 0.340173, 0.343877, 0.346682, 0.348564, 0.349510, 0.349510, 0.348564, 0.346682, 0.343877, 0.340173, 0.335598, 0.330190, 0.323991, 0.317049, 0.309417, 0.301153, 0.292317, 0.282974, 0.273190, 0.263032, 0.252568, 0.241867, 0.230995, 0.220017, 0.208999, 0.197999, 0.187076, 0.176283, 0.165672, 0.155288, 0.145172, 0.135362, 0.125890, 0.116785, 0.108069, 0.099762, 0.091879, 0.084432, 0.077428, 0.070873, 0.064767, 0.059111, 0.053900, 0.049131, 0.044798, 0.040893, 0.037409, 0.034337, 0.031671, 0.029401, 0.027522, 0.026027, 0.024910, 0.024168, 0.023798
0.021656, 0.021993, 0.022669, 0.023685, 0.025046, 0.026756, 0.028821, 0.031248, 0.034043, 0.037213, 0.040767, 0.044710, 0.049050, 0.053791, 0.058939, 0.064495, 0.070461, 0.076834, 0.083611, 0.090784, 0.098344, 0.106275, 0.114561, 0.123181, 0.132108, 0.141313, 0.150763, 0.160419, 0.170240, 0.180180, 0.190190, 0.200217, 0.210206, 0.220100, 0.229839, 0.239361, 0.248605, 0.257508, 0.266011, 0.274051, 0.281572, 0.288517, 0.294835, 0.300476, 0.305398, 0.309560, 0.312931, 0.315484, 0.317197, 0.318057, 0.318057, 0.317197, 0.315484, 0.312932, 0.309561, 0.305398, 0.300476, 0.294835, 0.288518, 0.281572, 0.274052, 0.266011, 0.257509, 0.248605, 0.239361, 0.229839, 0.220101, 0.210207, 0.200218, 0.190190, 0.180180, 0.170240, 0.160419, 0.150763, 0.141314, 0.132108, 0.123181, 0.114562, 0.106276, 0.098344, 0.090785, 0.083611, 0.076834, 0.070461, 0.064495, 0.058939, 0.053792, 0.049050, 0.044710, 0.040767, 0.037213, 0.034043, 0.031248, 0.028821, 0.026756, 0.025046, 0.023685, 0.022669, 0.021993, 0.021656
0.019643, 0.019949, 0.020561, 0.021483, 0.022717, 0.024268, 0.026141, 0.028342, 0.030877, 0.033753, 0.036976, 0.040553, 0.044489, 0.048790, 0.053459, 0.058498, 0.063909, 0.069690, 0.075837, 0.082343, 0.089199, 0.096393, 0.103909, 0.111727, 0.119824, 0.128173, 0.136744, 0.145502, 0.154409, 0.163425, 0.172504, 0.181598, 0.190659, 0.199633, 0.208466, 0.217102, 0.225487, 0.233563, 0.241274, 0.248567, 0.255389, 0.261688, 0.267418, 0.272535, 0.276999, 0.280775, 0.283832, 0.286147, 0.287701, 0.288481, 0.288481, 0.287701, 0.286147, 0.283832, 0.280775, 0.276999, 0.272535, 0.267419, 0.261689, 0.255389, 0.248568, 0.241275, 0.233563, 0.225487, 0.217103, 0.208466, 0.199633, 0.190659, 0.181599, 0.172504, 0.163425, 0.154410, 0.145502, 0.136744, 0.128173, 0.119824, 0.111727, 0.103909, 0.096394, 0.089200, 0.082343, 0.075837, 0.069690, 0.063910, 0.058499, 0.053459, 0.048790, 0.044490, 0.040553, 0.036977, 0.033753, 0.030878, 0.028343, 0.026142, 0.024268, 0.022717, 0.021483, 0.020561, 0.019949, 0.019643
0.017759, 0.018035, 0.018589, 0.019422, 0.020538, 0.021940, 0.023634, 0.025623, 0.027915, 0.030515, 0.033429, 0.036663, 0.040221, 0.044109, 0.048330, 0.052886, 0.057778, 0.063004, 0.068561, 0.074443, 0.080642, 0.087145, 0.093940, 0.101008, 0.108328, 0.115876, 0.123624, 0.131542, 0.139595, 0.147745, 0.155953, 0.164175, 0.172366, 0.180478, 0.188464, 0.196272, 0.203852, 0.211153, 0.218125, 0.224718, 0.230885, 0.236580, 0.241761, 0.246387, 0.250422, 0.253836, 0.256600, 0.258693, 0.260098, 0.260803, 0.260803, 0.260098, 0.258693, 0.256600, 0.253836, 0.250422, 0.246387, 0.241761, 0.236581, 0.230886, 0.224719, 0.218125, 0.211153, 0.203852, 0.196273, 0.188464, 0.180479, 0.172366, 0.164175, 0.155953, 0.147746, 0.139595, 0.131542, 0.123625, 0.115876, 0.108328, 0.101008, 0.093940, 0.087146, 0.080642, 0.074443, 0.068561, 0.063004, 0.057778, 0.052887, 0.048330, 0.044110, 0.040221, 0.036663, 0.033429, 0.030515, 0.027915, 0.025624, 0.023634, 0.021940, 0.020538, 0.019422, 0.018589, 0.018035, 0.017759
0.016004, 0.016253, 0.016752, 0.017503, 0.018508, 0.019772, 0.021298, 0.023091, 0.025156, 0.027499, 0.030125, 0.033039, 0.036246, 0.039750, 0.043554, 0.047659, 0.052067, 0.056777, 0.061785, 0.067085, 0.072671, 0.078532, 0.084655, 0.091024, 0.097621, 0.104423, 0.111405, 0.118540, 0.125797, 0.133142, 0.140538, 0.147947, 0.155329, 0.162639, 0.169835, 0.176871, 0.183702, 0.190281, 0.196564, 0.202506, 0.208063, 0.213196, 0.217864, 0.222033, 0.225669, 0.228745, 0.231236, 0.233122, 0.234388, 0.235024, 0.235024, 0.234388, 0.233122, 0.231236, 0.228745, 0.225669, 0.222033, 0.217864, 0.213196, 0.208064, 0.202506, 0.196564, 0.190282, 0.183702, 0.176872, 0.169836, 0.162640, 0.155329, 0.147948, 0.140539, 0.133142, 0.125797, 0.118541, 0.111406, 0.104423, 0.097621, 0.091025, 0.084656, 0.078533, 0.072672, 0.067086, 0.061785, 0.056777, 0.052068, 0.047660, 0.043554, 0.039750, 0.036246, 0.033039, 0.030125, 0.027500, 0.025157, 0.023091, 0.021298, 0.019772, 0.018508, 0.017503, 0.016752, 0.016253, 0.016004
0.014377, 0.014601, 0.015049, 0.015723, 0.016627, 0.017762, 0.019133, 0.020744, 0.022599, 0.024704, 0.027063, 0.029681, 0.032561, 0.035709, 0.039126, 0.042814, 0.046774, 0.051005, 0.055504, 0.060265, 0.065283, 0.070549, 0.076049, 0.081771, 0.087696, 0.093807, 0.100080, 0.106489, 0.113008, 0.119606, 0.126250, 0.132906, 0.139537, 0.146104, 0.152569, 0.158889, 0.165025, 0.170936, 0.176580, 0.181917, 0.186910, 0.191520, 0.195714, 0.199459, 0.202726, 0.205489, 0.207727, 0.209421, 0.210558, 0.211129, 0.211129, 0.210558, 0.209421, 0.207727, 0.205489, 0.202726, 0.199459, 0.195714, 0.191520, 0.186910, 0.181917, 0.176580, 0.170936, 0.165026, 0.158890, 0.152569, 0.146105, 0.139537, 0.132907, 0.126251, 0.119607, 0.113009, 0.106490, 0.100080, 0.093807, 0.087697, 0.081771, 0.076049, 0.070549, 0.065284, 0.060266, 0.055504, 0.051005, 0.046775, 0.042815, 0.039126, 0.035709, 0.032562, 0.029681, 0.027063, 0.024704, 0.022599, 0.020744, 0.019133, 0.017762, 0.016627, 0.015724, 0.015049, 0.014601, 0.014377
0.012876, 0.013077, 0.013478, 0.014082, 0.014891, 0.015908, 0.017136, 0.018579, 0.020240, 0.022125, 0.024238, 0.026583, 0.029163, 0.031982, 0.035042, 0.038345, 0.041892, 0.045681, 0.049710, 0.053975, 0.058469, 0.063185, 0.068111, 0.073235, 0.078542, 0.084015, 0.089633, 0.095373, 0.101212, 0.107121, 0.113072, 0.119033, 0.124971, 0.130853, 0.136642, 0.142303, 0.147799, 0.153092, 0.158147, 0.162927, 0.167398, 0.171527, 0.175283, 0.178637, 0.181563, 0.184038, 0.186042, 0.187559, 0.188578, 0.189089, 0.189089, 0.188578, 0.187559, 0.186042, 0.184038, 0.181563, 0.178637, 0.175283, 0.171528, 0.167398, 0.162927, 0.158147, 0.153092, 0.147799, 0.142304, 0.136643, 0.130853, 0.124972, 0.119033, 0.113072, 0.107121, 0.101212, 0.095374, 0.089633, 0.084015, 0.078543, 0.073236, 0.068111, 0.063185, 0.058469, 0.053975, 0.049710, 0.045681, 0.041892, 0.038346, 0.035042, 0.031982, 0.029163, 0.026583, 0.024238, 0.022126, 0.020240, 0.018579, 0.017136, 0.015908, 0.014891, 0.014082, 0.013478, 0.013077, 0.012876
0.011499, 0.011678, 0.012037, 0.012576, 0.013299, 0.014207, 0.015303, 0.016591, 0.018075, 0.019759, 0.021646, 0.023739, 0.026043, 0.028561, 0.031294, 0.034244, 0.037411, 0.040795, 0.044393, 0.048201, 0.052215, 0.056426, 0.060825, 0.065401, 0.070141, 0.075028, 0.080045, 0.085171, 0.090385, 0.095662, 0.100976, 0.106300, 0.111603, 0.116856, 0.122026, 0.127081, 0.131988, 0.136715, 0.141229, 0.145498, 0.149491, 0.153178, 0.156532, 0.159527, 0.162140, 0.164350, 0.166140, 0.167495, 0.168405, 0.168861, 0.168861, 0.168405, 0.167495, 0.166140, 0.164350, 0.162140, 0.159528, 0.156533, 0.153179, 0.149491, 0.145498, 0.141230, 0.136716, 0.131989, 0.127081, 0.122026, 0.116856, 0.111603, 0.106300, 0.100977, 0.095663, 0.090386, 0.085172, 0.080045, 0.075028, 0.070141, 0.065402, 0.060825, 0.056426, 0.052215, 0.048202, 0.044393, 0.040795, 0.037411, 0.034244, 0.031294, 0.028561, 0.026043, 0.023739, 0.021646, 0.019759, 0.018075, 0.016592, 0.015303, 0.014207, 0.013299, 0.012576, 0.012037, 0.011678, 0.011499
0.010241, 0.010401, 0.010720, 0.011201, 0.011844, 0.012653, 0.013629, 0.014777, 0.016099, 0.017598, 0.019278, 0.021143, 0.023195, 0.025437, 0.027871, 0.030499, 0.033319, 0.036333, 0.039538, 0.042930, 0.046504, 0.050255, 0.054173, 0.058248, 0.062470, 0.066822, 0.071290, 0.075856, 0.080500, 0.085200, 0.089933, 0.094674, 0.099397, 0.104075, 0.108680, 0.113182, 0.117553, 0.121763, 0.125783, 0.129585, 0.133141, 0.136425, 0.139412, 0.142079, 0.144407, 0.146375, 0.147969, 0.149176, 0.149986, 0.150392, 0.150392, 0.149986, 0.149176, 0.147969, 0.146375, 0.144407, 0.142080, 0.139412, 0.136425, 0.133141, 0.129585, 0.125783, 0.121763, 0.117553, 0.113182, 0.108680, 0.104075, 0.099397, 0.094674, 0.089933, 0.085200, 0.080500, 0.075856, 0.071291, 0.066823, 0.062470, 0.058249, 0.054173, 0.050255, 0.046504, 0.042930, 0.039538, 0.036333, 0.033320, 0.030499, 0.027871, 0.025437, 0.023195, 0.021143, 0.019278, 0.017598, 0.016099, 0.014777, 0.013630, 0.012653, 0.011844, 0.011201, 0.010720, 0.010401, 0.010241
0.009099, 0.009241, 0.009525, 0.009952, 0.010523, 0.011242, 0.012110, 0.013129, 0.014303, 0.015636, 0.017128, 0.018785, 0.020609, 0.022601, 0.024763, 0.027098, 0.029604, 0.032281, 0.035129, 0.038142, 0.041318, 0.044650, 0.048132, 0.051753, 0.055503, 0.059370, 0.063340, 0.067397, 0.071523, 0.075698, 0.079903, 0.084116, 0.088312, 0.092469, 0.096560, 0.100560, 0.104443, 0.108184, 0.111756, 0.115134, 0.118293, 0.121211, 0.123865, 0.126235, 0.128302, 0.130051, 0.131467, 0.132540, 0.133259, 0.133621, 0.133621, 0.133259, 0.132540, 0.131467, 0.130051, 0.128302, 0.126235, 0.123865, 0.121211, 0.118293, 0.115134, 0.111756, 0.108184, 0.104444, 0.100560, 0.096560, 0.092469, 0.088313, 0.084116, 0.079904, 0.075699, 0.071523, 0.067397, 0.063341, 0.059371, 0.055503, 0.051753, 0.048132, 0.044651, 0.041318, 0.038143, 0.035129, 0.032282, 0.029604, 0.027098, 0.024763, 0.022601, 0.020609, 0.018785, 0.017129, 0.015636, 0.014303, 0.013129, 0.012110, 0.011242, 0.010524, 0.009952, 0.009525, 0.009241, 0.009099
0.008068, 0.008194, 0.008445, 0.008824, 0.009331, 0.009968, 0.010737, 0.011641, 0.012683, 0.013864, 0.015187, 0.016657, 0.018273, 0.020039, 0.021957, 0.024027, 0.026249, 0.028623, 0.031148, 0.033820, 0.036636, 0.039591, 0.042677, 0.045888, 0.049213, 0.052642, 0.056162, 0.059759, 0.063418, 0.067120, 0.070849, 0.074584, 0.078305, 0.081990, 0.085617, 0.089164, 0.092607, 0.095924, 0.099091, 0.102086, 0.104888, 0.107475, 0.109828, 0.111929, 0.113763, 0.115313, 0.116569, 0.117520, 0.118158, 0.118478, 0.118478, 0.118158, 0.117520, 0.116569, 0.115313, 0.113763, 0.111930, 0.109828, 0.107475, 0.104888, 0.102086, 0.099091, 0.095924, 0.092608, 0.089164, 0.085618, 0.081990, 0.078305, 0.074584, 0.070849, 0.067120, 0.063418, 0.059760, 0.056163, 0.052643, 0.049214, 0.045888, 0.042677, 0.039591, 0.036636, 0.033820, 0.031148, 0.028623, 0.026249, 0.024027, 0.021957, 0.020040, 0.018273, 0.016657, 0.015188, 0.013864, 0.012683, 0.011641, 0.010737, 0.009968, 0.009331, 0.008824, 0.008445, 0.008194, 0.008068
0.007143, 0.007254, 0.007477, 0.007812, 0.008261, 0.008825, 0.009506, 0.010307, 0.011228, 0.012274, 0.013446, 0.014747, 0.016178, 0.017742, 0.019439, 0.021272, 0.023239, 0.025341, 0.027576, 0.029942, 0.032435, 0.035051, 0.037784, 0.040627, 0.043571, 0.046606, 0.049723, 0.052907, 0.056146, 0.059424, 0.062725, 0.066032, 0.069326, 0.072589, 0.075800, 0.078941, 0.081989, 0.084925, 0.087729, 0.090381, 0.092861, 0.095152, 0.097235, 0.099095, 0.100718, 0.102091, 0.103203, 0.104045, 0.104610, 0.104893, 0.104893, 0.104610, 0.104045, 0.103203, 0.102091, 0.100719, 0.099096, 0.097235, 0.095152, 0.092861, 0.090381, 0.087729, 0.084926, 0.081989, 0.078941, 0.075801, 0.072589, 0.069326, 0.066032, 0.062725, 0.059424, 0.056146, 0.052907, 0.049723, 0.046607, 0.043571, 0.040627, 0.037784, 0.035051, 0.032435, 0.029942, 0.027577, 0.025341, 0.023240, 0.021272, 0.019440, 0.017742, 0.016178, 0.014747, 0.013446, 0.012274, 0.011228, 0.010307, 0.009506, 0.008825, 0.008261, 0.007812, 0.007477, 0.007254, 0.007143
0.006319, 0.006417, 0.006614, 0.006911, 0.007308, 0.007807, 0.008409, 0.009117, 0.009933, 0.010858, 0.011895, 0.013045, 0.014312, 0.015695, 0.017197, 0.018818, 0.020558, 0.022418, 0.024395, 0.026488, 0.028693, 0.031007, 0.033425, 0.035940, 0.038544, 0.041230, 0.043986, 0.046804, 0.049669, 0.052568, 0.055489, 0.058414, 0.061328, 0.064215, 0.067056, 0.069833, 0.072530, 0.075128, 0.077608, 0.079954, 0.082148, 0.084174, 0.086017, 0.087663, 0.089099, 0.090313, 0.091297, 0.092042, 0.092541, 0.092792, 0.092792, 0.092541, 0.092042, 0.091297, 0.090313, 0.089099, 0.087663, 0.086017, 0.084174, 0.082148, 0.079954, 0.077608, 0.075128, 0.072530, 0.069834, 0.067056, 0.064215, 0.061328, 0.058414, 0.055489, 0.052569, 0.049669, 0.046804, 0.043987, 0.041230, 0.038544, 0.035940, 0.033425, 0.031007, 0.028693, 0.026488, 0.024395, 0.022418, 0.020558, 0.018818, 0.017197, 0.015695, 0.014312, 0.013045, 0.011895, 0.010858, 0.009933, 0.009118, 0.008410, 0.007807, 0.007308, 0.006911, 0.006614, 0.006417, 0.006319
0.005591, 0.005678, 0.005852, 0.006115, 0.006466, 0.006907, 0.007440, 0.008067, 0.008788, 0.009607, 0.010524, 0.011542, 0.012662, 0.013886, 0.015215, 0.016650, 0.018189, 0.019835, 0.021584, 0.023436, 0.025387, 0.027435, 0.029574, 0.031798, 0.034103, 0.036479, 0.038918, 0.041411, 0.043946, 0.046511, 0.049095, 0.051683, 0.054262, 0.056816, 0.059329, 0.061787, 0.064173, 0.066471, 0.068666, 0.070742, 0.072683, 0.074476, 0.076106, 0.077563, 0.078833, 0.079907, 0.080778, 0.081436, 0.081879, 0.082101, 0.082101, 0.081879, 0.081437, 0.080778, 0.079907, 0.078833, 0.077563, 0.076106, 0.074476, 0.072683, 0.070742, 0.068666, 0.066472, 0.064173, 0.061787, 0.059329, 0.056816, 0.054262, 0.051684, 0.049095, 0.046512, 0.043946, 0.041411, 0.038918, 0.036479, 0.034103, 0.031799, 0.029574, 0.027435, 0.025387, 0.023436, 0.021584, 0.019835, 0.018190, 0.016650, 0.015215, 0.013887, 0.012663, 0.011542, 0.010524, 0.009607, 0.008788, 0.008067, 0.007440, 0.006907, 0.006466, 0.006115, 0.005852, 0.005678, 0.005591
0.004954, 0.005031, 0.005185, 0.005418, 0.005729, 0.006120, 0.006593, 0.007148, 0.007787, 0.008512, 0.009325, 0.010227, 0.011220, 0.012304, 0.013481, 0.014752, 0.016117, 0.017574, 0.019125, 0.020765, 0.022494, 0.024308, 0.026204, 0.028175, 0.030217, 0.032322, 0.034484, 0.036692, 0.038938, 0.041212, 0.043501, 0.045794, 0.048079, 0.050342, 0.052569, 0.054747, 0.056861, 0.058898, 0.060842, 0.062681, 0.064401, 0.065990, 0.067435, 0.068725, 0.069851, 0.070803, 0.071574, 0.072157, 0.072549, 0.072746, 0.072746, 0.072549, 0.072158, 0.071574, 0.070803, 0.069851, 0.068725, 0.067435, 0.065990, 0.064401, 0.062681, 0.060842, 0.058898, 0.056861, 0.054747, 0.052569, 0.050342, 0.048079, 0.045795, 0.043501, 0.041212, 0.038938, 0.036692, 0.034484, 0.032322, 0.030217, 0.028175, 0.026204, 0.024309, 0.022494, 0.020765, 0.019125, 0.017575, 0.016117, 0.014752, 0.013481, 0.012304, 0.011220, 0.010227, 0.009325, 0.008512, 0.007787, 0.007148, 0.006593, 0.006120, 0.005729, 0.005418, 0.005185, 0.005031, 0.004954
0.004403, 0.004471, 0.004609, 0.004815, 0.005092, 0.005440, 0.005859, 0.006353, 0.006921, 0.007566, 0.008288, 0.009090, 0.009972, 0.010936, 0.011982, 0.013112, 0.014325, 0.015620, 0.016998, 0.018456, 0.019993, 0.021606, 0.023290, 0.025043, 0.026857, 0.028729, 0.030650, 0.032613, 0.034609, 0.036630, 0.038665, 0.040703, 0.042734, 0.044745, 0.046725, 0.048660, 0.050540, 0.052350, 0.054078, 0.055713, 0.057241, 0.058653, 0.059938, 0.061085, 0.062085, 0.062931, 0.063617, 0.064136, 0.064484, 0.064659, 0.064659, 0.064484, 0.064136, 0.063617, 0.062931, 0.062085, 0.061085, 0.059938, 0.058653, 0.057242, 0.055713, 0.054078, 0.052350, 0.050540, 0.048661, 0.046725, 0.044745, 0.042734, 0.040703, 0.038665, 0.036630, 0.034609, 0.032613, 0.030650, 0.028729, 0.026857, 0.025043, 0.023290, 0.021606, 0.019993, 0.018457, 0.016998, 0.015621, 0.014325, 0.013112, 0.011982, 0.010936, 0.009972, 0.009090, 0.008288, 0.007566, 0.006921, 0.006353, 0.005859, 0.005440, 0.005092, 0.004815, 0.004609, 0.004471, 0.004403
0.003934, 0.003995, 0.004118, 0.004302, 0.004549, 0.004860, 0.005235, 0.005676, 0.006184, 0.006760, 0.007405, 0.008121, 0.008910, 0.009771, 0.010706, 0.011715, 0.012799, 0.013957, 0.015188, 0.016491, 0.017864, 0.019305, 0.020810, 0.022375, 0.023997, 0.025669, 0.027386, 0.029139, 0.030923, 0.032729, 0.034547, 0.036368, 0.038183, 0.039980, 0.041749, 0.043478, 0.045157, 0.046775, 0.048319, 0.049780, 0.051146, 0.052407, 0.053555, 0.054580, 0.055474, 0.056230, 0.056842, 0.057306, 0.057617, 0.057773, 0.057773, 0.057617, 0.057306, 0.056842, 0.056230, 0.055474, 0.054580, 0.053555, 0.052407, 0.051146, 0.049780, 0.048319, 0.046775, 0.045158, 0.043479, 0.041749, 0.039980, 0.038183, 0.036368, 0.034547, 0.032729, 0.030923, 0.029140, 0.027386, 0.025669, 0.023997, 0.022376, 0.020810, 0.019305, 0.017864, 0.016491, 0.015188, 0.013957, 0.012799, 0.011715, 0.010706, 0.009771, 0.008910, 0.008122, 0.007405, 0.006760, 0.006184, 0.005676, 0.005235, 0.004860, 0.004549, 0.004302, 0.004118, 0.003995, 0.003934
0.003542, 0.003598, 0.003708, 0.003874, 0.004097, 0.004377, 0.004715, 0.005111, 0.005569, 0.006087, 0.006669, 0.007314, 0.008024, 0.008799, 0.009641, 0.010550, 0.011526, 0.012569, 0.013678, 0.014851, 0.016088, 0.017385, 0.018741, 0.020151, 0.021611, 0.023117, 0.024663, 0.026242, 0.027849, 0.029475, 0.031112, 0.032753, 0.034387, 0.036005, 0.037598, 0.039156, 0.040668, 0.042125, 0.043516, 0.044831, 0.046061, 0.047198, 0.048231, 0.049154, 0.049959, 0.050640, 0.051192, 0.051609, 0.051889, 0.052030, 0.052030, 0.051889, 0.051609, 0.051192, 0.050640, 0.049959, 0.049154, 0.048231, 0.047198, 0.046061, 0.044831, 0.043516, 0.042125, 0.040668, 0.039156, 0.037598, 0.036005, 0.034387, 0.032753, 0.031113, 0.029475, 0.027849, 0.026243, 0.024663, 0.023117, 0.021611, 0.020151, 0.018741, 0.017385, 0.016088, 0.014851, 0.013678, 0.012569, 0.011526, 0.010550, 0.009642, 0.008799, 0.008024, 0.007314, 0.006669, 0.006087, 0.005569, 0.005112, 0.004715, 0.004377, 0.004097, 0.003874, 0.003708, 0.003598, 0.003542
0.003225, 0.003276, 0.003376, 0.003527, 0.003730, 0.003985, 0.004292, 0.004654, 0.005070, 0.005543, 0.006072, 0.006659, 0.007306, 0.008012, 0.008779, 0.009606, 0.010495, 0.011444, 0.012454, 0.013522, 0.014648, 0.015830, 0.017064, 0.018348, 0.019678, 0.021049, 0.022456, 0.023895, 0.025358, 0.026838, 0.028329, 0.029823, 0.031311, 0.032785, 0.034235, 0.035654, 0.037030, 0.038357, 0.039623, 0.040821, 0.041941, 0.042976, 0.043917, 0.044757, 0.045491, 0.046111, 0.046613, 0.046993, 0.047248, 0.047376, 0.047376, 0.047248, 0.046993, 0.046613, 0.046111, 0.045491, 0.044757, 0.043917, 0.042976, 0.041941, 0.040821, 0.039623, 0.038357, 0.037031, 0.035654, 0.034235, 0.032785, 0.031311, 0.029823, 0.028329, 0.026838, 0.025358, 0.023895, 0.022456, 0.021049, 0.019678, 0.018348, 0.017064, 0.015830, 0.014648, 0.013522, 0.012454, 0.011444, 0.010495, 0.009606, 0.008779, 0.008012, 0.007306, 0.006659, 0.006072, 0.005543, 0.005070, 0.004654, 0.004293, 0.003985, 0.003730, 0.003527, 0.003376, 0.003276, 0.003225
0.002979, 0.003026, 0.003118, 0.003258, 0.003446, 0.003681, 0.003965, 0.004299, 0.004683, 0.005120, 0.005609, 0.006151, 0.006748, 0.007401, 0.008109, 0.008874, 0.009695, 0.010572, 0.011504, 0.012491, 0.013531, 0.014623, 0.015763, 0.016949, 0.018178, 0.019444, 0.020745, 0.022073, 0.023425, 0.024793, 0.026170, 0.027550, 0.028925, 0.030286, 0.031626, 0.032937, 0.034209, 0.035434, 0.036604, 0.037710, 0.038745, 0.039701, 0.040571, 0.041347, 0.042024, 0.042597, 0.043061, 0.043412, 0.043648, 0.043766, 0.043766, 0.043648, 0.043412, 0.043061, 0.042597, 0.042024, 0.041347, 0.040571, 0.039701, 0.038745, 0.037711, 0.036604, 0.035434, 0.034209, 0.032937, 0.031626, 0.030286, 0.028925, 0.027550, 0.026170, 0.024793, 0.023425, 0.022074, 0.020745, 0.019444, 0.018178, 0.016949, 0.015763, 0.014623, 0.013532, 0.012491, 0.011504, 0.010572, 0.009695, 0.008874, 0.008109, 0.007401, 0.006749, 0.006151, 0.005609, 0.005120, 0.004684, 0.004299, 0.003965, 0.003681, 0.003446, 0.003258, 0.003118, 0.003026, 0.002979
0.002802, 0.002845, 0.002933, 0.003064, 0.003240, 0.003461, 0.003729, 0.004043, 0.004404, 0.004815, 0.005275, 0.005785, 0.006347, 0.006960, 0.007626, 0.008345, 0.009117, 0.009942, 0.010819, 0.011748, 0.012726, 0.013753, 0.014825, 0.015940, 0.017096, 0.018287, 0.019510, 0.020760, 0.022031, 0.023318, 0.024613, 0.025911, 0.027204, 0.028484, 0.029745, 0.030977, 0.032174, 0.033326, 0.034427, 0.035467, 0.036441, 0.037340, 0.038157, 0.038888, 0.039525, 0.040064, 0.040500, 0.040830, 0.041052, 0.041163, 0.041163, 0.041052, 0.040830, 0.040500, 0.040064, 0.039525, 0.038888, 0.038157, 0.037340, 0.036441, 0.035467, 0.034427, 0.033326, 0.032174, 0.030977, 0.029745, 0.028484, 0.027204, 0.025911, 0.024613, 0.023318, 0.022031, 0.020760, 0.019510, 0.018287, 0.017096, 0.015941, 0.014825, 0.013753, 0.012726, 0.011748, 0.010819, 0.009942, 0.009117, 0.008345, 0.007626, 0.006960, 0.006347, 0.005785, 0.005275, 0.004815, 0.004404, 0.004043, 0.003729, 0.003462, 0.003240, 0.003064, 0.002933, 0.002845, 0.002802
0.002691, 0.002732, 0.002816, 0.002943, 0.003112, 0.003324, 0.003581, 0.003883, 0.004230, 0.004624, 0.005066, 0.005556, 0.006095, 0.006685, 0.007325, 0.008015, 0.008757, 0.009549, 0.010392, 0.011283, 0.012223, 0.013209, 0.014239, 0.015311, 0.016420, 0.017565, 0.018739, 0.019940, 0.021161, 0.022397, 0.023641, 0.024888, 0.026129, 0.027360, 0.028570, 0.029754, 0.030903, 0.032010, 0.033067, 0.034067, 0.035002, 0.035866, 0.036651, 0.037353, 0.037965, 0.038482, 0.038901, 0.039219, 0.039432, 0.039539, 0.039539, 0.039432, 0.039219, 0.038901, 0.038482, 0.037965, 0.037353, 0.036651, 0.035866, 0.035002, 0.034067, 0.033067, 0.032010, 0.030903, 0.029754, 0.028570, 0.027360, 0.026130, 0.024888, 0.023641, 0.022397, 0.021161, 0.019940, 0.018740, 0.017565, 0.016420, 0.015311, 0.014239, 0.013209, 0.012223, 0.011283, 0.010392, 0.009549, 0.008757, 0.008015, 0.007325, 0.006685, 0.006095, 0.005556, 0.005066, 0.004624, 0.004230, 0.003883, 0.003581, 0.003324, 0.003112, 0.002943, 0.002816, 0.002732, 0.002691
0.002645, 0.002686, 0.002769, 0.002893, 0.003059, 0.003268, 0.003520, 0.003817, 0.004158, 0.004546, 0.004980, 0.005462, 0.005992, 0.006572, 0.007201, 0.007880, 0.008609, 0.009388, 0.010216, 0.011093, 0.012017, 0.012986, 0.013999, 0.015052, 0.016143, 0.017268, 0.018423, 0.019604, 0.020804, 0.022019, 0.023243, 0.024468, 0.025689, 0.026899, 0.028089, 0.029253, 0.030383, 0.031471, 0.032511, 0.033494, 0.034413, 0.035262, 0.036034, 0.036724, 0.037326, 0.037835, 0.038247, 0.038559, 0.038768, 0.038873, 0.038873, 0.038768, 0.038559, 0.038247, 0.037835, 0.037326, 0.036724, 0.036034, 0.035262, 0.034413, 0.033494, 0.032511, 0.031471, 0.030383, 0.029253, 0.028089, 0.026899, 0.025689, 0.024468, 0.023243, 0.022019, 0.020804, 0.019604, 0.018424, 0.017269, 0.016143, 0.015052, 0.013999, 0.012986, 0.012017, 0.011093, 0.010216, 0.009388, 0.008609, 0.007880, 0.007201, 0.006572, 0.005992, 0.005462, 0.004980, 0.004546, 0.004158, 0.003817, 0.003520, 0.003268, 0.003059, 0.002893, 0.002769, 0.002686, 0.002645
0.002664, 0.002705, 0.002788, 0.002913, 0.003081, 0.003291, 0.003546, 0.003844, 0.004188, 0.004579, 0.005016, 0.005501, 0.006036, 0.006619, 0.007253, 0.007937, 0.008671, 0.009456, 0.010290, 0.011173, 0.012104, 0.013080, 0.014100, 0.015162, 0.016261, 0.017394, 0.018558, 0.019747, 0.020956, 0.022180, 0.023412, 0.024647, 0.025877, 0.027095, 0.028294, 0.029467, 0.030605, 0.031701, 0.032748, 0.033739, 0.034665, 0.035520, 0.036298, 0.036993, 0.037599, 0.038112, 0.038527, 0.038841, 0.039052, 0.039158, 0.039158, 0.039052, 0.038841, 0.038527, 0.038112, 0.037599, 0.036993, 0.036298, 0.035520, 0.034665, 0.033739, 0.032748, 0.031701, 0.030605, 0.029467, 0.028294, 0.027095, 0.025877, 0.024647, 0.023412, 0.022180, 0.020956, 0.019747, 0.018558, 0.017394, 0.016261, 0.015162, 0.014101, 0.013080, 0.012104, 0.011173, 0.010290, 0.009456, 0.008671, 0.007937, 0.007253, 0.006619, 0.006036, 0.005501, 0.005016, 0.004579, 0.004188, 0.003844, 0.003546, 0.003291, 0.003081, 0.002913, 0.002788, 0.002705, 0.002664
0.002747, 0.002790, 0.002876, 0.003005, 0.003178, 0.003395, 0.003657, 0.003965, 0.004320, 0.004722, 0.005174, 0.005674, 0.006225, 0.006827, 0.007481, 0.008186, 0.008944, 0.009753, 0.010614, 0.011525, 0.012485, 0.013492, 0.014544, 0.015639, 0.016773, 0.017942, 0.019142, 0.020368, 0.021616, 0.022878, 0.024150, 0.025423, 0.026692, 0.027949, 0.029186, 0.030395, 0.031570, 0.032701, 0.033781, 0.034802, 0.035757, 0.036640, 0.037442, 0.038159, 0.038784, 0.039313, 0.039741, 0.040066, 0.040283, 0.040392, 0.040392, 0.040283, 0.040066, 0.039741, 0.039313, 0.038784, 0.038159, 0.037442, 0.036640, 0.035757, 0.034802, 0.033781, 0.032701, 0.031570, 0.030395, 0.029186, 0.027949, 0.026692, 0.025423, 0.024150, 0.022878, 0.021616, 0.020368, 0.019142, 0.017942, 0.016773, 0.015639, 0.014544, 0.013492, 0.012485, 0.011525, 0.010614, 0.009753, 0.008944, 0.008186, 0.007481, 0.006827, 0.006225, 0.005674, 0.005174, 0.004722, 0.004320, 0.003965, 0.003657, 0.003395, 0.003178, 0.003005, 0.002876, 0.002790, 0.002747
0.002896, 0.002941, 0.003032, 0.003168, 0.003350, 0.003579, 0.003855, 0.004180, 0.004554, 0.004978, 0.005454, 0.005982, 0.006563, 0.007198, 0.007887, 0.008630, 0.009429, 0.010282, 0.011190, 0.012150, 0.013162, 0.014224, 0.015334, 0.016488, 0.017683, 0.018916, 0.020181, 0.021474, 0.022789, 0.024120, 0.025461, 0.026804, 0.028142, 0.029467, 0.030771, 0.032046, 0.033284, 0.034477, 0.035615, 0.036692, 0.037700, 0.038630, 0.039476, 0.040232, 0.040891, 0.041449, 0.041900, 0.042242, 0.042471, 0.042587, 0.042587, 0.042471, 0.042242, 0.041900, 0.041449, 0.040891, 0.040232, 0.039476, 0.038630, 0.037700, 0.036692, 0.035615, 0.034477, 0.033284, 0.032046, 0.030771, 0.029467, 0.028142, 0.026804, 0.025461, 0.024121, 0.022789, 0.021474, 0.020181, 0.018916, 0.017683, 0.016488, 0.015334, 0.014224, 0.013162, 0.012150, 0.011190, 0.010282, 0.009429, 0.008631, 0.007887, 0.007198, 0.006563, 0.005982, 0.005454, 0.004978, 0.004554, 0.004180, 0.003855, 0.003579, 0.003350, 0.003168, 0.003032, 0.002941, 0.002896
0.003112, 0.003160, 0.003257, 0.003403, 0.003599, 0.003845, 0.004142, 0.004491, 0.004893, 0.005349, 0.005860, 0.006427, 0.007051, 0.007733, 0.008474, 0.009273, 0.010131, 0.011048, 0.012023, 0.013055, 0.014142, 0.015284, 0.016476, 0.017716, 0.019000, 0.020325, 0.021684, 0.023074, 0.024487, 0.025917, 0.027358, 0.028800, 0.030238, 0.031662, 0.033063, 0.034433, 0.035764, 0.037045, 0.038269, 0.039426, 0.040509, 0.041508, 0.042417, 0.043229, 0.043938, 0.044537, 0.045022, 0.045389, 0.045636, 0.045760, 0.045760, 0.045636, 0.045389, 0.045022, 0.044537, 0.043938, 0.043229, 0.042417, 0.041508, 0.040509, 0.039426, 0.038269, 0.037045, 0.035764, 0.034434, 0.033063, 0.031662, 0.030238, 0.028801, 0.027358, 0.025917, 0.024487, 0.023074, 0.021684, 0.020325, 0.019000, 0.017716, 0.016476, 0.015284, 0.014142, 0.013055, 0.012023, 0.011048, 0.010131, 0.009273, 0.008474, 0.007733, 0.007051, 0.006427, 0.005860, 0.005349, 0.004893, 0.004491, 0.004142, 0.003845, 0.003599, 0.003403, 0.003257, 0.003160, 0.003112
0.003396, 0.003448, 0.003554, 0.003714, 0.003927, 0.004196, 0.004520, 0.004901, 0.005340, 0.005837, 0.006395, 0.007014, 0.007695, 0.008439, 0.009247, 0.010120, 0.011056, 0.012057, 0.013121, 0.014247, 0.015434, 0.016679, 0.017980, 0.019334, 0.020735, 0.022181, 0.023665, 0.025181, 0.026723, 0.028284, 0.029856, 0.031431, 0.033000, 0.034554, 0.036083, 0.037579, 0.039031, 0.040429, 0.041765, 0.043028, 0.044209, 0.045300, 0.046292, 0.047178, 0.047951, 0.048605, 0.049135, 0.049536, 0.049805, 0.049940, 0.049940, 0.049805, 0.049536, 0.049135, 0.048605, 0.047951, 0.047178, 0.046292, 0.045300, 0.044209, 0.043028, 0.041765, 0.040429, 0.039031, 0.037579, 0.036083, 0.034554, 0.033000, 0.031431, 0.029856, 0.028284, 0.026723, 0.025181, 0.023665, 0.022181, 0.020736, 0.019334, 0.017980, 0.016679, 0.015434, 0.014247, 0.013121, 0.012057, 0.011056, 0.010120, 0.009248, 0.008439, 0.007695, 0.007014, 0.006395, 0.005837, 0.005340, 0.004901, 0.004520, 0.004196, 0.003927, 0.003714, 0.003554, 0.003448, 0.003396
0.003750, 0.003809, 0.003926, 0.004102, 0.004338, 0.004635, 0.004993, 0.005413, 0.005898, 0.006447, 0.007064, 0.007747, 0.008500, 0.009322, 0.010214, 0.011178, 0.012212, 0.013318, 0.014493, 0.015737, 0.017048, 0.018424, 0.019861, 0.021356, 0.022904, 0.024501, 0.026140, 0.027815, 0.029519, 0.031243, 0.032979, 0.034719, 0.036452, 0.038168, 0.039858, 0.041510, 0.043113, 0.044658, 0.046133, 0.047529, 0.048833, 0.050039, 0.051135, 0.052114, 0.052968, 0.053690, 0.054275, 0.054718, 0.055015, 0.055164, 0.055164, 0.055015, 0.054718, 0.054275, 0.053690, 0.052968, 0.052114, 0.051135, 0.050039, 0.048834, 0.047529, 0.046134, 0.044658, 0.043114, 0.041510, 0.039858, 0.038168, 0.036452, 0.034719, 0.032979, 0.031243, 0.029519, 0.027815, 0.026140, 0.024501, 0.022904, 0.021356, 0.019861, 0.018424, 0.017048, 0.015737, 0.014493, 0.013318, 0.012212, 0.011178, 0.010215, 0.009322, 0.008500, 0.007747, 0.007064, 0.006448, 0.005898, 0.005413, 0.004993, 0.004635, 0.004338, 0.004102, 0.003926, 0.003809, 0.003750
0.004180, 0.004245, 0.004375, 0.004571, 0.004834, 0.005165, 0.005564, 0.006032, 0.006573, 0.007185, 0.007872, 0.008634, 0.009472, 0.010388, 0.011383, 0.012457, 0.013610, 0.014841, 0.016151, 0.017538, 0.018999, 0.020532, 0.022133, 0.023799, 0.025525, 0.027304, 0.029131, 0.030998, 0.032896, 0.034818, 0.036753, 0.038692, 0.040623, 0.042536, 0.044419, 0.046260, 0.048047, 0.049769, 0.051413, 0.052968, 0.054422, 0.055765, 0.056986, 0.058077, 0.059029, 0.059834, 0.060486, 0.060980, 0.061311, 0.061477, 0.061477, 0.061311, 0.060980, 0.060486, 0.059834, 0.059029, 0.058077, 0.056987, 0.055765, 0.054422, 0.052968, 0.051413, 0.049769, 0.048047, 0.046260, 0.044419, 0.042536, 0.040623, 0.038692, 0.036753, 0.034818, 0.032896, 0.030998, 0.029131, 0.027305, 0.025525, 0.023800, 0.022133, 0.020532, 0.018999, 0.017538, 0.016151, 0.014842, 0.013610, 0.012457, 0.011383, 0.010389, 0.009472, 0.008634, 0.007872, 0.007185, 0.006573, 0.006033, 0.005564, 0.005165, 0.004834, 0.004571, 0.004375, 0.004245, 0.004180
0.004686, 0.004759, 0.004905, 0.005126, 0.005420, 0.005791, 0.006238, 0.006764, 0.007369, 0.008056, 0.008826, 0.009680, 0.010621, 0.011648, 0.012763, 0.013967, 0.015260, 0.016641, 0.018109, 0.019664, 0.021302, 0.023021, 0.024817, 0.026685, 0.028620, 0.030615, 0.032663, 0.034756, 0.036885, 0.039039, 0.041209, 0.043383, 0.045548, 0.047693, 0.049804, 0.051868, 0.053872, 0.055803, 0.057646, 0.059389, 0.061020, 0.062526, 0.063896, 0.065119, 0.066186, 0.067089, 0.067820, 0.068373, 0.068744, 0.068931, 0.068931, 0.068744, 0.068373, 0.067820, 0.067089, 0.066186, 0.065119, 0.063896, 0.062526, 0.061020, 0.059390, 0.057646, 0.055803, 0.053873, 0.051869, 0.049804, 0.047693, 0.045548, 0.043383, 0.041209, 0.039039, 0.036885, 0.034756, 0.032663, 0.030615, 0.028620, 0.026685, 0.024817, 0.023021, 0.021302, 0.019664, 0.018109, 0.016641, 0.015260, 0.013967, 0.012763, 0.011648, 0.010621, 0.009680, 0.008826, 0.008056, 0.007369, 0.006764, 0.006238, 0.005791, 0.005420, 0.005126, 0.004905, 0.004759, 0.004686
0.005274, 0.005356, 0.005521, 0.005769, 0.006101, 0.006518, 0.007021, 0.007613, 0.008294, 0.009067, 0.009934, 0.010895, 0.011954, 0.013110, 0.014365, 0.015720, 0.017175, 0.018730, 0.020382, 0.022132, 0.023976, 0.025911, 0.027932, 0.030034, 0.032212, 0.034458, 0.036763, 0.039119, 0.041515, 0.043940, 0.046382, 0.048828, 0.051266, 0.053680, 0.056056, 0.058379, 0.060635, 0.062808, 0.064882, 0.066845, 0.068680, 0.070375, 0.071916, 0.073293, 0.074494, 0.075510, 0.076333, 0.076956, 0.077374, 0.077584, 0.077584, 0.077374, 0.076956, 0.076333, 0.075510, 0.074494, 0.073293, 0.071917, 0.070375, 0.068680, 0.066845, 0.064883, 0.062808, 0.060635, 0.058380, 0.056056, 0.053680, 0.051266, 0.048829, 0.046382, 0.043940, 0.041515, 0.039119, 0.036763, 0.034458, 0.032212, 0.030035, 0.027932, 0.025911, 0.023976, 0.022132, 0.020382, 0.018730, 0.017175, 0.015720, 0.014365, 0.013110, 0.011954, 0.010895, 0.009934, 0.009067, 0.008294, 0.007613, 0.007021, 0.006518, 0.006101, 0.005769, 0.005521, 0.005356, 0.005274
0.005948, 0.006041, 0.006227, 0.006506, 0.006880, 0.007351, 0.007918, 0.008586, 0.009354, 0.010226, 0.011203, 0.012288, 0.013481, 0.014785, 0.016201, 0.017729, 0.019370, 0.021123, 0.022987, 0.024961, 0.027040, 0.029222, 0.031502, 0.033873, 0.036329, 0.038862, 0.041461, 0.044118, 0.046820, 0.049555, 0.052310, 0.055069, 0.057818, 0.060540, 0.063220, 0.065840, 0.068384, 0.070835, 0.073175, 0.075387, 0.077457, 0.079369, 0.081108, 0.082660, 0.084015, 0.085160, 0.086088, 0.086791, 0.087262, 0.087499, 0.087499, 0.087262, 0.086791, 0.086088, 0.085161, 0.084015, 0.082660, 0.081108, 0.079369, 0.077457, 0.075388, 0.073175, 0.070835, 0.068384, 0.065841, 0.063220, 0.060540, 0.057818, 0.055069, 0.052310, 0.049556, 0.046821, 0.044118, 0.041462, 0.038862, 0.036329, 0.033873, 0.031502, 0.029222, 0.027040, 0.024961, 0.022987, 0.021123, 0.019370, 0.017729, 0.016201, 0.014785, 0.013481, 0.012288, 0.011203, 0.010226, 0.009354, 0.008586, 0.007918, 0.007351, 0.006880, 0.006506, 0.006227, 0.006041, 0.005948
0.006713, 0.006818, 0.007027, 0.007342, 0.007765, 0.008295, 0.008936, 0.009689, 0.010557, 0.011540, 0.012643, 0.013867, 0.015214, 0.016686, 0.018283, 0.020008, 0.021860, 0.023838, 0.025942, 0.028169, 0.030515, 0.032978, 0.035550, 0.038226, 0.040998, 0.043856, 0.046790, 0.049788, 0.052838, 0.055924, 0.059033, 0.062146, 0.065248, 0.068321, 0.071345, 0.074302, 0.077173, 0.079938, 0.082579, 0.085076, 0.087412, 0.089569, 0.091532, 0.093284, 0.094812, 0.096105, 0.097152, 0.097945, 0.098477, 0.098744, 0.098744, 0.098477, 0.097945, 0.097152, 0.096105, 0.094812, 0.093284, 0.091532, 0.089569, 0.087412, 0.085076, 0.082579, 0.079939, 0.077173, 0.074302, 0.071345, 0.068321, 0.065249, 0.062147, 0.059033, 0.055925, 0.052838, 0.049789, 0.046790, 0.043856, 0.040998, 0.038227, 0.035550, 0.032978, 0.030515, 0.028169, 0.025942, 0.023838, 0.021860, 0.020008, 0.018283, 0.016686, 0.015214, 0.013867, 0.012643, 0.011541, 0.010557, 0.009689, 0.008936, 0.008295, 0.007765, 0.007342, 0.007027, 0.006818, 0.006713
0.007573, 0.007691, 0.007927, 0.008283, 0.008759, 0.009358, 0.010081, 0.010930, 0.011909, 0.013019, 0.014263, 0.015643, 0.017163, 0.018823, 0.020625, 0.022570, 0.024659, 0.026891, 0.029264, 0.031776, 0.034423, 0.037201, 0.040103, 0.043122, 0.046248, 0.049473, 0.052782, 0.056165, 0.059605, 0.063086, 0.066593, 0.070105, 0.073604, 0.077070, 0.080482, 0.083818, 0.087056, 0.090176, 0.093154, 0.095971, 0.098606, 0.101040, 0.103253, 0.105230, 0.106954, 0.108413, 0.109594, 0.110488, 0.111089, 0.111390, 0.111390, 0.111089, 0.110488, 0.109594, 0.108413, 0.106954, 0.105230, 0.103253, 0.101040, 0.098607, 0.095972, 0.093154, 0.090176, 0.087056, 0.083818, 0.080482, 0.077071, 0.073605, 0.070105, 0.066593, 0.063087, 0.059605, 0.056165, 0.052783, 0.049473, 0.046249, 0.043122, 0.040103, 0.037201, 0.034424, 0.031776, 0.029264, 0.026891, 0.024659, 0.022570, 0.020625, 0.018823, 0.017163, 0.015643, 0.014263, 0.013019, 0.011909, 0.010930, 0.010081, 0.009358, 0.008759, 0.008283, 0.007927, 0.007691, 0.007573
0.008533, 0.008665, 0.008932, 0.009333, 0.009869, 0.010544, 0.011358, 0.012315, 0.013418, 0.014669, 0.016070, 0.017626, 0.019338, 0.021208, 0.023239, 0.025431, 0.027785, 0.030299, 0.032973, 0.035803, 0.038786, 0.041916, 0.045186, 0.048587, 0.052110, 0.055743, 0.059472, 0.063283, 0.067159, 0.071082, 0.075032, 0.078990, 0.082933, 0.086838, 0.090682, 0.094440, 0.098089, 0.101604, 0.104960, 0.108134, 0.111103, 0.113845, 0.116339, 0.118566, 0.120509, 0.122152, 0.123483, 0.124490, 0.125167, 0.125506, 0.125506, 0.125167, 0.124491, 0.123483, 0.122152, 0.120509, 0.118566, 0.116339, 0.113845, 0.111103, 0.108134, 0.104960, 0.101604, 0.098089, 0.094440, 0.090682, 0.086838, 0.082933, 0.078990, 0.075032, 0.071082, 0.067159, 0.063283, 0.059472, 0.055743, 0.052110, 0.048587, 0.045186, 0.041916, 0.038786, 0.035804, 0.032973, 0.030299, 0.027785, 0.025431, 0.023239, 0.021208, 0.019338, 0.017626, 0.016070, 0.014669, 0.013418, 0.012316, 0.011358, 0.010544, 0.009869, 0.009333, 0.008932, 0.008666, 0.008533
0.009597, 0.009747, 0.010046, 0.010497, 0.011101, 0.011859, 0.012776, 0.013852, 0.015092, 0.016499, 0.018075, 0.019825, 0.021751, 0.023854, 0.026139, 0.028604, 0.031251, 0.034080, 0.037087, 0.040270, 0.043625, 0.047146, 0.050823, 0.054649, 0.058611, 0.062697, 0.066892, 0.071178, 0.075538, 0.079950, 0.084393, 0.088845, 0.093280, 0.097672, 0.101995, 0.106223, 0.110327, 0.114280, 0.118055, 0.121625, 0.124964, 0.128048, 0.130853, 0.133358, 0.135543, 0.137392, 0.138888, 0.140022, 0.140783, 0.141164, 0.141164, 0.140783, 0.140022, 0.138889, 0.137392, 0.135543, 0.133358, 0.130853, 0.128048, 0.124964, 0.121625, 0.118055, 0.114280, 0.110327, 0.106223, 0.101995, 0.097672, 0.093280, 0.088845, 0.084394, 0.079950, 0.075538, 0.071178, 0.066892, 0.062698, 0.058612, 0.054649, 0.050824, 0.047146, 0.043626, 0.040271, 0.037087, 0.034080, 0.031251, 0.028604, 0.026139, 0.023855, 0.021751, 0.019825, 0.018076, 0.016499, 0.015092, 0.013852, 0.012776, 0.011860, 0.011101, 0.010497, 0.010046, 0.009747, 0.009597
0.010772, 0.010939, 0.011276, 0.011782, 0.012459, 0.013310, 0.014339, 0.015547, 0.016939, 0.018517, 0.020287, 0.022251, 0.024412, 0.026773, 0.029336, 0.032103, 0.035074, 0.038249, 0.041624, 0.045197, 0.048962, 0.052913, 0.057041, 0.061334, 0.065781, 0.070367, 0.075075, 0.079885, 0.084778, 0.089730, 0.094717, 0.099713, 0.104690, 0.109620, 0.114472, 0.119217, 0.123823, 0.128259, 0.132496, 0.136503, 0.140250, 0.143711, 0.146859, 0.149670, 0.152123, 0.154198, 0.155877, 0.157149, 0.158003, 0.158432, 0.158432, 0.158003, 0.157149, 0.155877, 0.154198, 0.152123, 0.149671, 0.146859, 0.143712, 0.140251, 0.136503, 0.132496, 0.128259, 0.123823, 0.119217, 0.114472, 0.109620, 0.104690, 0.099713, 0.094717, 0.089730, 0.084778, 0.079886, 0.075075, 0.070367, 0.065782, 0.061335, 0.057041, 0.052913, 0.048963, 0.045197, 0.041624, 0.038249, 0.035075, 0.032104, 0.029336, 0.026773, 0.024412, 0.022251, 0.020287, 0.018517, 0.016939, 0.015547, 0.014339, 0.013311, 0.012459, 0.011782, 0.011276, 0.010939, 0.010772
0.012060, 0.012247, 0.012624, 0.013190, 0.013949, 0.014902, 0.016053, 0.017406, 0.018964, 0.020732, 0.022713, 0.024911, 0.027331, 0.029974, 0.032844, 0.035942, 0.039268, 0.042822, 0.046601, 0.050601, 0.054816, 0.059240, 0.063861, 0.068668, 0.073646, 0.078780, 0.084051, 0.089436, 0.094914, 0.100458, 0.106041, 0.111635, 0.117207, 0.122725, 0.128158, 0.133469, 0.138626, 0.143593, 0.148336, 0.152822, 0.157017, 0.160892, 0.164416, 0.167563, 0.170309, 0.172631, 0.174512, 0.175936, 0.176892, 0.177372, 0.177372, 0.176892, 0.175936, 0.174512, 0.172632, 0.170309, 0.167564, 0.164416, 0.160892, 0.157017, 0.152822, 0.148336, 0.143593, 0.138626, 0.133470, 0.128158, 0.122726, 0.117207, 0.111635, 0.106042, 0.100458, 0.094914, 0.089437, 0.084051, 0.078781, 0.073647, 0.068668, 0.063861, 0.059240, 0.054817, 0.050601, 0.046601, 0.042822, 0.039268, 0.035942, 0.032844, 0.029974, 0.027331, 0.024911, 0.022713, 0.020732, 0.018964, 0.017406, 0.016053, 0.014902, 0.013949, 0.013190, 0.012624, 0.012247, 0.012060
0.013465, 0.013675, 0.014096, 0.014728, 0.015575, 0.016639, 0.017925, 0.019435, 0.021175, 0.023148, 0.025360, 0.027815, 0.030516, 0.033468, 0.036672, 0.040131, 0.043845, 0.047813, 0.052033, 0.056499, 0.061206, 0.066144, 0.071304, 0.076671, 0.082230, 0.087962, 0.093847, 0.099860, 0.105976, 0.112167, 0.118400, 0.124645, 0.130867, 0.137029, 0.143094, 0.149025, 0.154782, 0.160328, 0.165623, 0.170632, 0.175316, 0.179643, 0.183578, 0.187092, 0.190158, 0.192751, 0.194851, 0.196441, 0.197508, 0.198044, 0.198044, 0.197508, 0.196441, 0.194851, 0.192751, 0.190158, 0.187092, 0.183578, 0.179643, 0.175317, 0.170632, 0.165624, 0.160328, 0.154782, 0.149025, 0.143095, 0.137029, 0.130867, 0.124646, 0.118401, 0.112167, 0.105977, 0.099861, 0.093847, 0.087963, 0.082230, 0.076672, 0.071304, 0.066145, 0.061206, 0.056499, 0.052033, 0.047813, 0.043846, 0.040132, 0.036673, 0.033468, 0.030516, 0.027815, 0.025360, 0.023148, 0.021175, 0.019435, 0.017925, 0.016639, 0.015575, 0.014728, 0.014096, 0.013675, 0.013465
0.014992, 0.015226, 0.015694, 0.016398, 0.017341, 0.018526, 0.019957, 0.021639, 0.023576, 0.025773, 0.028236, 0.030969, 0.033976, 0.037263, 0.040830, 0.044682, 0.048817, 0.053234, 0.057932, 0.062905, 0.068145, 0.073644, 0.079388, 0.085364, 0.091553, 0.097935, 0.104487, 0.111182, 0.117991, 0.124883, 0.131824, 0.138776, 0.145703, 0.152564, 0.159316, 0.165919, 0.172329, 0.178504, 0.184400, 0.189976, 0.195192, 0.200008, 0.204390, 0.208302, 0.211715, 0.214602, 0.216940, 0.218711, 0.219899, 0.220495, 0.220495, 0.219899, 0.218711, 0.216940, 0.214602, 0.211715, 0.208302, 0.204390, 0.200009, 0.195192, 0.189976, 0.184400, 0.178504, 0.172330, 0.165919, 0.159316, 0.152564, 0.145703, 0.138777, 0.131824, 0.124884, 0.117992, 0.111182, 0.104487, 0.097936, 0.091553, 0.085364, 0.079389, 0.073644, 0.068145, 0.062905, 0.057932, 0.053235, 0.048817, 0.044682, 0.040831, 0.037263, 0.033977, 0.030969, 0.028236, 0.025773, 0.023576, 0.021639, 0.019957, 0.018526, 0.017341, 0.016398, 0.015694, 0.015226, 0.014992
0.016643, 0.016902, 0.017422, 0.018204, 0.019250, 0.020566, 0.022154, 0.024021, 0.026171, 0.028610, 0.031344, 0.034378, 0.037717, 0.041365, 0.045325, 0.049600, 0.054191, 0.059095, 0.064309, 0.069829, 0.075647, 0.081751, 0.088127, 0.094761, 0.101631, 0.108716, 0.115989, 0.123420, 0.130979, 0.138630, 0.146334, 0.154052, 0.161740, 0.169356, 0.176852, 0.184182, 0.191298, 0.198152, 0.204697, 0.210887, 0.216677, 0.222024, 0.226887, 0.231230, 0.235019, 0.238224, 0.240819, 0.242784, 0.244103, 0.244766, 0.244766, 0.244103, 0.242784, 0.240819, 0.238224, 0.235019, 0.231230, 0.226887, 0.222024, 0.216677, 0.210887, 0.204697, 0.198152, 0.191298, 0.184182, 0.176853, 0.169357, 0.161741, 0.154052, 0.146335, 0.138630, 0.130980, 0.123421, 0.115989, 0.108716, 0.101632, 0.094761, 0.088128, 0.081751, 0.075647, 0.069830, 0.064310, 0.059095, 0.054191, 0.049601, 0.045326, 0.041365, 0.037717, 0.034378, 0.031344, 0.028611, 0.026171, 0.024021, 0.022155, 0.020566, 0.019250, 0.018204, 0.017422, 0.016902, 0.016643
0.018419, 0.018706, 0.019281, 0.020146, 0.021305, 0.022761, 0.024519, 0.026585, 0.028964, 0.031664, 0.034689, 0.038047, 0.041742, 0.045779, 0.050162, 0.054893, 0.059973, 0.065400, 0.071172, 0.077281, 0.083718, 0.090473, 0.097531, 0.104872, 0.112475, 0.120316, 0.128365, 0.136589, 0.144954, 0.153420, 0.161947, 0.170488, 0.178997, 0.187425, 0.195721, 0.203833, 0.211708, 0.219294, 0.226537, 0.233387, 0.239795, 0.245712, 0.251095, 0.255901, 0.260094, 0.263641, 0.266513, 0.268688, 0.270148, 0.270880, 0.270880, 0.270148, 0.268688, 0.266513, 0.263641, 0.260094, 0.255901, 0.251095, 0.245712, 0.239795, 0.233388, 0.226537, 0.219294, 0.211709, 0.203834, 0.195722, 0.187426, 0.178998, 0.170489, 0.161947, 0.153421, 0.144955, 0.136590, 0.128365, 0.120316, 0.112476, 0.104872, 0.097531, 0.090474, 0.083719, 0.077281, 0.071172, 0.065401, 0.059973, 0.054894, 0.050162, 0.045779, 0.041742, 0.038047, 0.034689, 0.031664, 0.028964, 0.026585, 0.024519, 0.022761, 0.021305, 0.020146, 0.019281, 0.018706, 0.018419
0.020322, 0.020638, 0.021273, 0.022227, 0.023505, 0.025111, 0.027051, 0.029330, 0.031956, 0.034934, 0.038272, 0.041976, 0.046053, 0.050507, 0.055342, 0.060562, 0.066167, 0.072154, 0.078521, 0.085261, 0.092364, 0.099816, 0.107602, 0.115701, 0.124090, 0.132740, 0.141620, 0.150693, 0.159922, 0.169263, 0.178669, 0.188093, 0.197481, 0.206779, 0.215932, 0.224881, 0.233569, 0.241938, 0.249929, 0.257487, 0.264556, 0.271084, 0.277022, 0.282325, 0.286951, 0.290864, 0.294033, 0.296432, 0.298043, 0.298851, 0.298851, 0.298043, 0.296432, 0.294033, 0.290864, 0.286951, 0.282325, 0.277023, 0.271084, 0.264556, 0.257487, 0.249929, 0.241938, 0.233569, 0.224881, 0.215932, 0.206780, 0.197481, 0.188093, 0.178670, 0.169263, 0.159922, 0.150694, 0.141620, 0.132740, 0.124090, 0.115702, 0.107603, 0.099817, 0.092364, 0.085262, 0.078522, 0.072155, 0.066167, 0.060563, 0.055343, 0.050507, 0.046053, 0.041976, 0.038272, 0.034934, 0.031956, 0.029330, 0.027051, 0.025112, 0.023505, 0.022227, 0.021273, 0.020638, 0.020322
0.022350, 0.022698, 0.023396, 0.024446, 0.025851, 0.027618, 0.029751, 0.032258, 0.035145, 0.038420, 0.042091, 0.046165, 0.050649, 0.055547, 0.060866, 0.066606, 0.072770, 0.079355, 0.086358, 0.093770, 0.101581, 0.109777, 0.118340, 0.127248, 0.136473, 0.145986, 0.155751, 0.165730, 0.175880, 0.186153, 0.196499, 0.206862, 0.217187, 0.227413, 0.237479, 0.247321, 0.256876, 0.266080, 0.274868, 0.283180, 0.290955, 0.298134, 0.304665, 0.310497, 0.315585, 0.319888, 0.323373, 0.326012, 0.327783, 0.328672, 0.328672, 0.327783, 0.326012, 0.323373, 0.319888, 0.315585, 0.310497, 0.304666, 0.298135, 0.290955, 0.283181, 0.274869, 0.266080, 0.256877, 0.247322, 0.237479, 0.227414, 0.217188, 0.206863, 0.196499, 0.186154, 0.175881, 0.165731, 0.155752, 0.145986, 0.136473, 0.127248, 0.118341, 0.109778, 0.101582, 0.093770, 0.086358, 0.079356, 0.072770, 0.066607, 0.060866, 0.055548, 0.050649, 0.046166, 0.042092, 0.038421, 0.035145, 0.032258, 0.029751, 0.027618, 0.025851, 0.024446, 0.023396, 0.022698, 0.022350
0.024503, 0.024885, 0.025649, 0.026800, 0.028341, 0.030278, 0.032617, 0.035365, 0.038530, 0.042121, 0.046145, 0.050611, 0.055527, 0.060897, 0.066727, 0.073021, 0.079778, 0.086997, 0.094674, 0.102800, 0.111363, 0.120348, 0.129736, 0.139500, 0.149614, 0.160043, 0.170749, 0.181689, 0.192816, 0.204078, 0.215420, 0.226781, 0.238100, 0.249311, 0.260346, 0.271136, 0.281611, 0.291700, 0.301335, 0.310447, 0.318970, 0.326841, 0.334001, 0.340394, 0.345972, 0.350690, 0.354510, 0.357403, 0.359345, 0.360319, 0.360319, 0.359345, 0.357403, 0.354510, 0.350690, 0.345972, 0.340395, 0.334001, 0.326842, 0.318971, 0.310448, 0.301336, 0.291701, 0.281611, 0.271136, 0.260346, 0.249311, 0.238101, 0.226782, 0.215420, 0.204079, 0.192817, 0.181690, 0.170749, 0.160043, 0.149614, 0.139501, 0.129736, 0.120349, 0.111364, 0.102800, 0.094674, 0.086998, 0.079778, 0.073021, 0.066728, 0.060897, 0.055527, 0.050612, 0.046145, 0.042121, 0.038530, 0.035365, 0.032617, 0.030278, 0.028341, 0.026800, 0.025650, 0.024885, 0.024503
0.026777, 0.027194, 0.028030, 0.029287, 0.030971, 0.033088, 0.035643, 0.038646, 0.042105, 0.046029, 0.050427, 0.055308, 0.060679, 0.066548, 0.072919, 0.079796, 0.087180, 0.095069, 0.103458, 0.112338, 0.121696, 0.131515, 0.141772, 0.152443, 0.163495, 0.174891, 0.186591, 0.198546, 0.210705, 0.223012, 0.235406, 0.247822, 0.260191, 0.272441, 0.284500, 0.296291, 0.307738, 0.318764, 0.329292, 0.339250, 0.348563, 0.357165, 0.364988, 0.371975, 0.378070, 0.383225, 0.387400, 0.390561, 0.392683, 0.393748, 0.393748, 0.392683, 0.390561, 0.387400, 0.383225, 0.378070, 0.371975, 0.364989, 0.357165, 0.348564, 0.339250, 0.329293, 0.318764, 0.307738, 0.296292, 0.284501, 0.272442, 0.260191, 0.247822, 0.235407, 0.223013, 0.210706, 0.198547, 0.186591, 0.174892, 0.163496, 0.152444, 0.141773, 0.131515, 0.121696, 0.112338, 0.103459, 0.095070, 0.087181, 0.079797, 0.072919, 0.066548, 0.060679, 0.055308, 0.050428, 0.046030, 0.042106, 0.038647, 0.035643, 0.033088, 0.030971, 0.029287, 0.028030, 0.027194, 0.026777
0.029168, 0.029622, 0.030532, 0.031902, 0.033737, 0.036042, 0.038826, 0.042097, 0.045864, 0.050139, 0.054929, 0.060245, 0.066096, 0.072488, 0.079428, 0.086919, 0.094963, 0.103556, 0.112693, 0.122365, 0.132558, 0.143253, 0.154427, 0.166050, 0.178089, 0.190502, 0.203246, 0.216268, 0.229513, 0.242918, 0.256418, 0.269942, 0.283415, 0.296759, 0.309894, 0.322737, 0.335205, 0.347215, 0.358684, 0.369530, 0.379675, 0.389044, 0.397565, 0.405176, 0.411814, 0.417430, 0.421977, 0.425421, 0.427732, 0.428892, 0.428892, 0.427732, 0.425421, 0.421978, 0.417430, 0.411815, 0.405176, 0.397566, 0.389044, 0.379675, 0.369530, 0.358685, 0.347216, 0.335206, 0.322738, 0.309895, 0.296759, 0.283415, 0.269943, 0.256419, 0.242919, 0.229514, 0.216269, 0.203247, 0.190503, 0.178089, 0.166051, 0.154428, 0.143254, 0.132559, 0.122366, 0.112694, 0.103556, 0.094963, 0.086920, 0.079429, 0.072489, 0.066096, 0.060246, 0.054929, 0.050139, 0.045865, 0.042097, 0.038826, 0.036042, 0.033737, 0.031902, 0.030533, 0.029622, 0.029168
0.031669, 0.032162, 0.033151, 0.034638, 0.036630, 0.039133, 0.042155, 0.045707, 0.049797, 0.054438, 0.059639, 0.065411, 0.071763, 0.078704, 0.086239, 0.094372, 0.103105, 0.112435, 0.122355, 0.132856, 0.143923, 0.155535, 0.167667, 0.180287, 0.193357, 0.206835, 0.220671, 0.234810, 0.249190, 0.263745, 0.278402, 0.293085, 0.307713, 0.322201, 0.336462, 0.350406, 0.363944, 0.376983, 0.389435, 0.401210, 0.412225, 0.422397, 0.431649, 0.439912, 0.447120, 0.453216, 0.458154, 0.461892, 0.464401, 0.465661, 0.465661, 0.464402, 0.461892, 0.458154, 0.453217, 0.447120, 0.439912, 0.431650, 0.422397, 0.412226, 0.401211, 0.389435, 0.376984, 0.363944, 0.350407, 0.336463, 0.322202, 0.307714, 0.293086, 0.278403, 0.263746, 0.249191, 0.234811, 0.220672, 0.206836, 0.193358, 0.180288, 0.167668, 0.155536, 0.143924, 0.132857, 0.122356, 0.112435, 0.103105, 0.094373, 0.086239, 0.078704, 0.071764, 0.065412, 0.059640, 0.054438, 0.049798, 0.045707, 0.042155, 0.039133, 0.036630, 0.034638, 0.033151, 0.032163, 0.031669
0.034274, 0.034807, 0.035877, 0.037487, 0.039642, 0.042350, 0.045621, 0.049465, 0.053892, 0.058914, 0.064543, 0.070790, 0.077664, 0.085175, 0.093329, 0.102131, 0.111582, 0.121678, 0.132415, 0.143779, 0.155756, 0.168323, 0.181452, 0.195109, 0.209254, 0.223840, 0.238813, 0.254114, 0.269676, 0.285427, 0.301290, 0.317180, 0.333010, 0.348689, 0.364122, 0.379213, 0.393863, 0.407974, 0.421449, 0.434193, 0.446113, 0.457121, 0.467134, 0.476075, 0.483876, 0.490474, 0.495817, 0.499863, 0.502578, 0.503941, 0.503941, 0.502578, 0.499863, 0.495817, 0.490474, 0.483876, 0.476076, 0.467135, 0.457122, 0.446114, 0.434194, 0.421450, 0.407975, 0.393864, 0.379214, 0.364123, 0.348690, 0.333011, 0.317181, 0.301291, 0.285428, 0.269677, 0.254115, 0.238814, 0.223841, 0.209255, 0.195110, 0.181453, 0.168323, 0.155757, 0.143780, 0.132415, 0.121679, 0.111582, 0.102132, 0.093330, 0.085175, 0.077664, 0.070790, 0.064543, 0.058915, 0.053892, 0.049465, 0.045622, 0.042351, 0.039642, 0.037487, 0.035877, 0.034807, 0.034274
0.036971, 0.037547, 0.038701, 0.040437, 0.042762, 0.045684, 0.049212, 0.053358, 0.058134, 0.063551, 0.069623, 0.076361, 0.083776, 0.091878, 0.100674, 0.110168, 0.120363, 0.131254, 0.142835, 0.155094, 0.168013, 0.181569, 0.195731, 0.210463, 0.225721, 0.241454, 0.257606, 0.274110, 0.290897, 0.307888, 0.324998, 0.342138, 0.359214, 0.376127, 0.392774, 0.409052, 0.424855, 0.440076, 0.454612, 0.468358, 0.481216, 0.493090, 0.503891, 0.513535, 0.521950, 0.529067, 0.534830, 0.539194, 0.542123, 0.543594, 0.543594, 0.542124, 0.539195, 0.534831, 0.529067, 0.521950, 0.513536, 0.503891, 0.493090, 0.481217, 0.468359, 0.454612, 0.440077, 0.424856, 0.409053, 0.392775, 0.376128, 0.359215, 0.342139, 0.324999, 0.307889, 0.290898, 0.274112, 0.257607, 0.241455, 0.225722, 0.210463, 0.195732, 0.181569, 0.168014, 0.155095, 0.142836, 0.131255, 0.120363, 0.110169, 0.100675, 0.091879, 0.083777, 0.076361, 0.069623, 0.063551, 0.058134, 0.053358, 0.049212, 0.045684, 0.042762, 0.040437, 0.038701, 0.037547, 0.036971
0.039752, 0.040371, 0.041611, 0.043478, 0.045978, 0.049119, 0.052913, 0.057370, 0.062505, 0.068329, 0.074857, 0.082102, 0.090075, 0.098786, 0.108243, 0.118451, 0.129411, 0.141121, 0.153573, 0.166753, 0.180644, 0.195218, 0.210445, 0.226284, 0.242689, 0.259605, 0.276971, 0.294716, 0.312765, 0.331032, 0.349429, 0.367857, 0.386217, 0.404401, 0.422299, 0.439801, 0.456791, 0.473156, 0.488784, 0.503564, 0.517388, 0.530154, 0.541767, 0.552137, 0.561184, 0.568836, 0.575032, 0.579724, 0.582874, 0.584455, 0.584455, 0.582874, 0.579725, 0.575033, 0.568836, 0.561184, 0.552138, 0.541768, 0.530155, 0.517389, 0.503565, 0.488785, 0.473157, 0.456792, 0.439802, 0.422300, 0.404402, 0.386218, 0.367858, 0.349430, 0.331033, 0.312766, 0.294717, 0.276972, 0.259606, 0.242690, 0.226285, 0.210446, 0.195219, 0.180645, 0.166754, 0.153573, 0.141121, 0.129412, 0.118451, 0.108243, 0.098786, 0.090075, 0.082102, 0.074858, 0.068330, 0.062505, 0.057371, 0.052913, 0.049119, 0.045978, 0.043478, 0.041611, 0.040371, 0.039752
0.042601, 0.043265, 0.044594, 0.046595, 0.049273, 0.052640, 0.056705, 0.061482, 0.066985, 0.073227, 0.080223, 0.087986, 0.096530, 0.105866, 0.116000, 0.126939, 0.138685, 0.151234, 0.164579, 0.178704, 0.193590, 0.209209, 0.225526, 0.242500, 0.260081, 0.278209, 0.296819, 0.315836, 0.335178, 0.354754, 0.374469, 0.394218, 0.413893, 0.433380, 0.452561, 0.471316, 0.489524, 0.507062, 0.523809, 0.539648, 0.554462, 0.568144, 0.580589, 0.591701, 0.601396, 0.609596, 0.616237, 0.621265, 0.624640, 0.626335, 0.626335, 0.624640, 0.621266, 0.616237, 0.609597, 0.601397, 0.591702, 0.580589, 0.568144, 0.554463, 0.539649, 0.523810, 0.507063, 0.489525, 0.471317, 0.452562, 0.433381, 0.413894, 0.394219, 0.374470, 0.354756, 0.335179, 0.315837, 0.296820, 0.278210, 0.260082, 0.242501, 0.225527, 0.209210, 0.193590, 0.178705, 0.164579, 0.151235, 0.138686, 0.126940, 0.116001, 0.105866, 0.096531, 0.087987, 0.080223, 0.073227, 0.066985, 0.061483, 0.056706, 0.052640, 0.049274, 0.046595, 0.044594, 0.043265, 0.042601
0.045506, 0.046214, 0.047634, 0.049771, 0.052633, 0.056229, 0.060571, 0.065674, 0.071551, 0.078219, 0.085691, 0.093984, 0.103110, 0.113082, 0.123907, 0.135592, 0.148138, 0.161543, 0.175797, 0.190884, 0.206785, 0.223468, 0.240898, 0.259029, 0.277807, 0.297171, 0.317049, 0.337362, 0.358022, 0.378933, 0.399991, 0.421086, 0.442101, 0.462916, 0.483404, 0.503437, 0.522886, 0.541619, 0.559508, 0.576426, 0.592250, 0.606864, 0.620156, 0.632027, 0.642382, 0.651141, 0.658234, 0.663605, 0.667210, 0.669020, 0.669020, 0.667210, 0.663605, 0.658235, 0.651141, 0.642383, 0.632027, 0.620157, 0.606865, 0.592251, 0.576427, 0.559509, 0.541620, 0.522887, 0.503439, 0.483405, 0.462917, 0.442103, 0.421087, 0.399992, 0.378934, 0.358024, 0.337364, 0.317051, 0.297172, 0.277809, 0.259030, 0.240899, 0.223469, 0.206786, 0.190885, 0.175797, 0.161544, 0.148139, 0.135593, 0.123908, 0.113082, 0.103111, 0.093985, 0.085692, 0.078219, 0.071552, 0.065674, 0.060571, 0.056229, 0.052633, 0.049771, 0.047635, 0.046214, 0.045506
0.048449, 0.049203, 0.050715, 0.052990, 0.056037, 0.059865, 0.064489, 0.069921, 0.076179, 0.083277, 0.091233, 0.100062, 0.109778, 0.120394, 0.131919, 0.144360, 0.157718, 0.171989, 0.187164, 0.203228, 0.220156, 0.237918, 0.256474, 0.275778, 0.295770, 0.316386, 0.337549, 0.359176, 0.381171, 0.403434, 0.425853, 0.448312, 0.470686, 0.492846, 0.514659, 0.535987, 0.556693, 0.576638, 0.595683, 0.613694, 0.630541, 0.646099, 0.660251, 0.672888, 0.683914, 0.693240, 0.700790, 0.706509, 0.710347, 0.712274, 0.712274, 0.710348, 0.706510, 0.700791, 0.693240, 0.683915, 0.672889, 0.660252, 0.646100, 0.630542, 0.613695, 0.595684, 0.576639, 0.556694, 0.535988, 0.514660, 0.492847, 0.470687, 0.448313, 0.425855, 0.403435, 0.381173, 0.359177, 0.337551, 0.316387, 0.295772, 0.275779, 0.256476, 0.237919, 0.220157, 0.203229, 0.187165, 0.171990, 0.157718, 0.144361, 0.131920, 0.120395, 0.109779, 0.100063, 0.091234, 0.083278, 0.076179, 0.069922, 0.064489, 0.059866, 0.056037, 0.052991, 0.050716, 0.049204, 0.048449
0.051414, 0.052214, 0.053819, 0.056233, 0.059466, 0.063528, 0.068434, 0.074199, 0.080839, 0.088372, 0.096815, 0.106183, 0.116494, 0.127759, 0.139989, 0.153191, 0.167366, 0.182510, 0.198614, 0.215659, 0.233623, 0.252472, 0.272163, 0.292647, 0.313862, 0.335738, 0.358197, 0.381146, 0.404486, 0.428110, 0.451901, 0.475733, 0.499475, 0.522991, 0.546137, 0.568770, 0.590742, 0.611907, 0.632117, 0.651230, 0.669107, 0.685617, 0.700635, 0.714045, 0.725744, 0.735640, 0.743653, 0.749721, 0.753793, 0.755838, 0.755838, 0.753794, 0.749721, 0.743653, 0.735640, 0.725745, 0.714046, 0.700635, 0.685618, 0.669108, 0.651231, 0.632118, 0.611908, 0.590744, 0.568772, 0.546139, 0.522992, 0.499477, 0.475735, 0.451902, 0.428112, 0.404488, 0.381147, 0.358198, 0.335740, 0.313863, 0.292648, 0.272164, 0.252473, 0.233624, 0.215661, 0.198615, 0.182511, 0.167367, 0.153192, 0.139990, 0.127760, 0.116495, 0.106184, 0.096815, 0.088373, 0.080840, 0.074200, 0.068435, 0.063529, 0.059466, 0.056233, 0.053819, 0.052214, 0.051414
0.054380, 0.055227, 0.056924, 0.059478, 0.062897, 0.067194, 0.072383, 0.078481, 0.085504, 0.093471, 0.102400, 0.112310, 0.123215, 0.135130, 0.148066, 0.162029, 0.177021, 0.193039, 0.210072, 0.228101, 0.247100, 0.267036, 0.287863, 0.309529, 0.331968, 0.355106, 0.378859, 0.403132, 0.427819, 0.452805, 0.477968, 0.503175, 0.528286, 0.553158, 0.577640, 0.601578, 0.624817, 0.647202, 0.668577, 0.688793, 0.707701, 0.725163, 0.741047, 0.755231, 0.767604, 0.778071, 0.786546, 0.792964, 0.797271, 0.799434, 0.799434, 0.797271, 0.792964, 0.786547, 0.778071, 0.767605, 0.755231, 0.741048, 0.725164, 0.707702, 0.688794, 0.668579, 0.647203, 0.624819, 0.601579, 0.577641, 0.553160, 0.528288, 0.503176, 0.477969, 0.452807, 0.427820, 0.403133, 0.378861, 0.355108, 0.331969, 0.309530, 0.287865, 0.267037, 0.247102, 0.228102, 0.210073, 0.193040, 0.177022, 0.162029, 0.148066, 0.135131, 0.123215, 0.112310, 0.102401, 0.093471, 0.085504, 0.078481, 0.072383, 0.067194, 0.062897, 0.059478, 0.056924, 0.055227, 0.054380
0.057330, 0.058222, 0.060011, 0.062703, 0.066308, 0.070838, 0.076308, 0.082736, 0.090140, 0.098539, 0.107953, 0.118399, 0.129895, 0.142456, 0.156093, 0.170813, 0.186619, 0.203505, 0.221460, 0.240467, 0.260496, 0.281513, 0.303469, 0.326309, 0.349964, 0.374357, 0.399397, 0.424985, 0.451010, 0.477351, 0.503877, 0.530450, 0.556923, 0.583143, 0.608952, 0.634187, 0.658686, 0.682284, 0.704818, 0.726129, 0.746062, 0.764470, 0.781215, 0.796167, 0.809212, 0.820245, 0.829180, 0.835945, 0.840486, 0.842766, 0.842766, 0.840487, 0.835946, 0.829181, 0.820246, 0.809212, 0.796168, 0.781216, 0.764472, 0.746063, 0.726130, 0.704819, 0.682285, 0.658688, 0.634189, 0.608953, 0.583144, 0.556925, 0.530452, 0.503879, 0.477353, 0.451012, 0.424987, 0.399399, 0.374358, 0.349966, 0.326310, 0.303471, 0.281514, 0.260498, 0.240468, 0.221462, 0.203506, 0.186620, 0.170814, 0.156094, 0.142457, 0.129896, 0.118400, 0.107953, 0.098540, 0.090141, 0.082737, 0.076309, 0.070838, 0.066308, 0.062703, 0.060011, 0.058222, 0.057330
0.060240, 0.061178, 0.063058, 0.065886, 0.069674, 0.074434, 0.080182, 0.086936, 0.094715, 0.103540, 0.113431, 0.124408, 0.136487, 0.149686, 0.164015, 0.179482, 0.196090, 0.213832, 0.232699, 0.252670, 0.273716, 0.295798, 0.318869, 0.342867, 0.367723, 0.393353, 0.419664, 0.446550, 0.473895, 0.501573, 0.529445, 0.557366, 0.585182, 0.612732, 0.639850, 0.666366, 0.692107, 0.716902, 0.740580, 0.762971, 0.783916, 0.803258, 0.820852, 0.836563, 0.850269, 0.861862, 0.871251, 0.878359, 0.883130, 0.885526, 0.885526, 0.883130, 0.878359, 0.871251, 0.861863, 0.850270, 0.836564, 0.820853, 0.803259, 0.783917, 0.762973, 0.740581, 0.716904, 0.692109, 0.666367, 0.639851, 0.612733, 0.585183, 0.557367, 0.529446, 0.501574, 0.473897, 0.446552, 0.419666, 0.393355, 0.367724, 0.342869, 0.318870, 0.295800, 0.273717, 0.252671, 0.232700, 0.213834, 0.196091, 0.179483, 0.164016, 0.149687, 0.136488, 0.124408, 0.113432, 0.103541, 0.094716, 0.086936, 0.080182, 0.074434, 0.069674, 0.065886, 0.063058, 0.061178, 0.060240
0.063090, 0.064072, 0.066041, 0.069003, 0.072970, 0.077954, 0.083974, 0.091048, 0.099195, 0.108437, 0.118796, 0.130291, 0.142942, 0.156765, 0.171772, 0.187970, 0.205363, 0.223945, 0.243703, 0.264618, 0.286659, 0.309786, 0.333947, 0.359080, 0.385111, 0.411953, 0.439508, 0.467665, 0.496303, 0.525288, 0.554478, 0.583719, 0.612850, 0.641703, 0.670103, 0.697872, 0.724831, 0.750798, 0.775594, 0.799045, 0.820980, 0.841236, 0.859661, 0.876115, 0.890469, 0.902610, 0.912442, 0.919887, 0.924883, 0.927392, 0.927392, 0.924884, 0.919887, 0.912443, 0.902610, 0.890469, 0.876116, 0.859662, 0.841237, 0.820981, 0.799046, 0.775596, 0.750799, 0.724832, 0.697874, 0.670105, 0.641704, 0.612852, 0.583721, 0.554480, 0.525290, 0.496305, 0.467667, 0.439509, 0.411955, 0.385113, 0.359082, 0.333949, 0.309787, 0.286661, 0.264620, 0.243705, 0.223946, 0.205364, 0.187971, 0.171773, 0.156766, 0.142943, 0.130292, 0.118797, 0.108438, 0.099196, 0.091048, 0.083975, 0.077955, 0.072970, 0.069003, 0.066041, 0.064072, 0.063090
0.065857, 0.066882, 0.068937, 0.072029, 0.076169, 0.081373, 0.087657, 0.095040, 0.103544, 0.113192, 0.124004, 0.136003, 0.149209, 0.163638, 0.179303, 0.196211, 0.214366, 0.233762, 0.254387, 0.276219, 0.299226, 0.323366, 0.348586, 0.374821, 0.401993, 0.430011, 0.458773, 0.488165, 0.518058, 0.548313, 0.578783, 0.609305, 0.639713, 0.669830, 0.699474, 0.728461, 0.756601, 0.783706, 0.809589, 0.834067, 0.856963, 0.878107, 0.897340, 0.914514, 0.929497, 0.942170, 0.952433, 0.960204, 0.965420, 0.968038, 0.968038, 0.965420, 0.960204, 0.952434, 0.942171, 0.929497, 0.914515, 0.897341, 0.878108, 0.856964, 0.834068, 0.809590, 0.783707, 0.756602, 0.728462, 0.699476, 0.669832, 0.639715, 0.609307, 0.578785, 0.548315, 0.518059, 0.488166, 0.458775, 0.430013, 0.401994, 0.374823, 0.348588, 0.323368, 0.299227, 0.276220, 0.254388, 0.233764, 0.214367, 0.196212, 0.179304, 0.163639, 0.149210, 0.136004, 0.124005, 0.113193, 0.103545, 0.095041, 0.087657, 0.081373, 0.076170, 0.072029, 0.068937, 0.066882, 0.065857
0.068518, 0.069585, 0.071723, 0.074940, 0.079248, 0.084661, 0.091199, 0.098880, 0.107728, 0.117765, 0.129014, 0.141498, 0.155238, 0.170249, 0.186547, 0.204138, 0.223026, 0.243206, 0.264664, 0.287377, 0.311313, 0.336429, 0.362667, 0.389962, 0.418231, 0.447380, 0.477304, 0.507883, 0.538983, 0.570461, 0.602160, 0.633916, 0.665551, 0.696884, 0.727726, 0.757883, 0.787159, 0.815359, 0.842287, 0.867754, 0.891574, 0.913571, 0.933581, 0.951449, 0.967036, 0.980221, 0.990899, 0.998983, 1.004410, 1.007134, 1.007134, 1.004410, 0.998984, 0.990899, 0.980222, 0.967037, 0.951450, 0.933582, 0.913573, 0.891575, 0.867755, 0.842289, 0.815361, 0.787161, 0.757885, 0.727728, 0.696886, 0.665553, 0.633917, 0.602162, 0.570463, 0.538985, 0.507885, 0.477306, 0.447382, 0.418232, 0.389963, 0.362669, 0.336430, 0.311315, 0.287378, 0.264665, 0.243207, 0.223027, 0.204139, 0.186548, 0.170250, 0.155238, 0.141499, 0.129015, 0.117766, 0.107729, 0.098881, 0.091199, 0.084662, 0.079248, 0.074940, 0.071723, 0.069585, 0.068518
0.071052, 0.072158, 0.074375, 0.077711, 0.082178, 0.087792, 0.094571, 0.102536, 0.111711, 0.122119, 0.133784, 0.146730, 0.160976, 0.176543, 0.193443, 0.211684, 0.231271, 0.252196, 0.274447, 0.298000, 0.322820, 0.348864, 0.376072, 0.404375, 0.433689, 0.463916, 0.494945, 0.526654, 0.558903, 0.591544, 0.624415, 0.657344, 0.690148, 0.722639, 0.754620, 0.785892, 0.816250, 0.845491, 0.873414, 0.899822, 0.924522, 0.947332, 0.968081, 0.986609, 1.002772, 1.016444, 1.027516, 1.035899, 1.041526, 1.044351, 1.044351, 1.041526, 1.035900, 1.027517, 1.016445, 1.002773, 0.986610, 0.968082, 0.947333, 0.924523, 0.899823, 0.873416, 0.845493, 0.816252, 0.785894, 0.754622, 0.722641, 0.690150, 0.657346, 0.624417, 0.591546, 0.558905, 0.526655, 0.494947, 0.463918, 0.433690, 0.404377, 0.376074, 0.348866, 0.322822, 0.298001, 0.274448, 0.252197, 0.231272, 0.211686, 0.193444, 0.176544, 0.160977, 0.146730, 0.133785, 0.122120, 0.111712, 0.102537, 0.094571, 0.087792, 0.082178, 0.077711, 0.074376, 0.072159, 0.071052
0.073436, 0.074580, 0.076871, 0.080319, 0.084935, 0.090737, 0.097744, 0.105976, 0.115458, 0.126215, 0.138272, 0.151652, 0.166376, 0.182465, 0.199931, 0.218785, 0.239028, 0.260655, 0.283652, 0.307994, 0.333647, 0.360564, 0.388685, 0.417937, 0.448233, 0.479474, 0.511543, 0.544315, 0.577646, 0.611381, 0.645354, 0.679387, 0.713291, 0.746872, 0.779925, 0.812244, 0.843620, 0.873842, 0.902701, 0.929994, 0.955522, 0.979096, 1.000540, 1.019689, 1.036394, 1.050525, 1.061968, 1.070633, 1.076448, 1.079368, 1.079368, 1.076449, 1.070633, 1.061969, 1.050526, 1.036395, 1.019690, 1.000541, 0.979098, 0.955523, 0.929995, 0.902703, 0.873844, 0.843622, 0.812246, 0.779927, 0.746873, 0.713293, 0.679389, 0.645356, 0.611383, 0.577648, 0.544317, 0.511545, 0.479475, 0.448235, 0.417939, 0.388687, 0.360566, 0.333649, 0.307996, 0.283653, 0.260656, 0.239029, 0.218786, 0.199932, 0.182466, 0.166377, 0.151652, 0.138272, 0.126216, 0.115459, 0.105977, 0.097744, 0.090738, 0.084936, 0.080319, 0.076871, 0.074580, 0.073436
0.075650, 0.076828, 0.079188, 0.082739, 0.087495, 0.093472, 0.100689, 0.109169, 0.118937, 0.130018, 0.142438, 0.156221, 0.171389, 0.187962, 0.205955, 0.225376, 0.246228, 0.268507, 0.292196, 0.317272, 0.343698, 0.371425, 0.400393, 0.430525, 0.461734, 0.493915, 0.526951, 0.560709, 0.595044, 0.629795, 0.664791, 0.699848, 0.734774, 0.769365, 0.803414, 0.836706, 0.869027, 0.900158, 0.929886, 0.958000, 0.984296, 1.008581, 1.030670, 1.050396, 1.067605, 1.082160, 1.093948, 1.102874, 1.108864, 1.111872, 1.111872, 1.108865, 1.102874, 1.093949, 1.082161, 1.067606, 1.050397, 1.030672, 1.008582, 0.984298, 0.958002, 0.929888, 0.900160, 0.869029, 0.836708, 0.803416, 0.769367, 0.734776, 0.699850, 0.664793, 0.629797, 0.595046, 0.560711, 0.526953, 0.493917, 0.461736, 0.430527, 0.400394, 0.371427, 0.343699, 0.317273, 0.292198, 0.268508, 0.246230, 0.225377, 0.205956, 0.187963, 0.171390, 0.156221, 0.142439, 0.130019, 0.118938, 0.109170, 0.100689, 0.093472, 0.087495, 0.082740, 0.079188, 0.076828, 0.075650
0.077672, 0.078881, 0.081305, 0.084951, 0.089834, 0.095970, 0.103380, 0.112087, 0.122116, 0.133493, 0.146244, 0.160395, 0.175969, 0.192984, 0.211457, 0.231397, 0.252807, 0.275680, 0.300002, 0.325748, 0.352880, 0.381347, 0.411089, 0.442026, 0.474068, 0.507108, 0.541027, 0.575686, 0.610938, 0.646617, 0.682548, 0.718542, 0.754400, 0.789915, 0.824872, 0.859054, 0.892237, 0.924200, 0.954721, 0.983586, 1.010584, 1.035517, 1.058197, 1.078449, 1.096117, 1.111062, 1.123165, 1.132328, 1.138479, 1.141567, 1.141567, 1.138479, 1.132329, 1.123165, 1.111063, 1.096118, 1.078450, 1.058198, 1.035518, 1.010586, 0.983588, 0.954723, 0.924202, 0.892239, 0.859056, 0.824875, 0.789917, 0.754402, 0.718544, 0.682550, 0.646619, 0.610940, 0.575689, 0.541029, 0.507110, 0.474070, 0.442028, 0.411090, 0.381349, 0.352881, 0.325750, 0.300004, 0.275682, 0.252808, 0.231399, 0.211459, 0.192985, 0.175970, 0.160396, 0.146245, 0.133493, 0.122116, 0.112087, 0.103380, 0.095970, 0.089834, 0.084951, 0.081305, 0.078881, 0.077672
0.079484, 0.080722, 0.083202, 0.086933, 0.091930, 0.098209, 0.105791, 0.114701, 0.124964, 0.136606, 0.149655, 0.164136, 0.180073, 0.197485, 0.216389, 0.236793, 0.258702, 0.282109, 0.306998, 0.333343, 0.361107, 0.390239, 0.420673, 0.452332, 0.485120, 0.518931, 0.553640, 0.589107, 0.625180, 0.661691, 0.698460, 0.735292, 0.771986, 0.808328, 0.844101, 0.879079, 0.913035, 0.945743, 0.976975, 1.006513, 1.034140, 1.059653, 1.082862, 1.103587, 1.121667, 1.136960, 1.149344, 1.158721, 1.165015, 1.168176, 1.168176, 1.165016, 1.158722, 1.149345, 1.136961, 1.121668, 1.103588, 1.082864, 1.059655, 1.034141, 1.006514, 0.976977, 0.945745, 0.913038, 0.879081, 0.844103, 0.808331, 0.771988, 0.735294, 0.698462, 0.661694, 0.625183, 0.589110, 0.553642, 0.518933, 0.485123, 0.452334, 0.420675, 0.390241, 0.361109, 0.333345, 0.306999, 0.282110, 0.258703, 0.236795, 0.216390, 0.197486, 0.180074, 0.164137, 0.149656, 0.136607, 0.124965, 0.114702, 0.105792, 0.098209, 0.091930, 0.086933, 0.083202, 0.080722, 0.079484
0.081069, 0.082332, 0.084861, 0.088667, 0.093763, 0.100167, 0.107901, 0.116988, 0.127455, 0.139329, 0.152638, 0.167408, 0.183662, 0.201421, 0.220701, 0.241513, 0.263857, 0.287730, 0.313115, 0.339986, 0.368303, 0.398015, 0.429055, 0.461344, 0.494786, 0.529270, 0.564670, 0.600844, 0.637636, 0.674874, 0.712374, 0.749940, 0.787365, 0.824431, 0.860916, 0.896591, 0.931224, 0.964582, 0.996436, 1.026561, 1.054739, 1.080761, 1.104432, 1.125570, 1.144010, 1.159608, 1.172238, 1.181802, 1.188222, 1.191445, 1.191445, 1.188222, 1.181803, 1.172239, 1.159608, 1.144011, 1.125571, 1.104434, 1.080763, 1.054740, 1.026563, 0.996438, 0.964584, 0.931226, 0.896593, 0.860918, 0.824434, 0.787367, 0.749943, 0.712376, 0.674876, 0.637638, 0.600846, 0.564672, 0.529272, 0.494788, 0.461346, 0.429057, 0.398016, 0.368305, 0.339987, 0.313117, 0.287732, 0.263859, 0.241514, 0.220702, 0.201422, 0.183663, 0.167409, 0.152639, 0.139330, 0.127455, 0.116988, 0.107901, 0.100167, 0.093763, 0.088667, 0.084861, 0.082332, 0.081070
0.082412, 0.083695, 0.086266, 0.090135, 0.095315, 0.101825, 0.109687, 0.118924, 0.129564, 0.141635, 0.155164, 0.170178, 0.186701, 0.204754, 0.224353, 0.245509, 0.268223, 0.292491, 0.318296, 0.345611, 0.374396, 0.404599, 0.436153, 0.468976, 0.502971, 0.538025, 0.574010, 0.610783, 0.648183, 0.686037, 0.724158, 0.762345, 0.800388, 0.838068, 0.875156, 0.911421, 0.946626, 0.980536, 1.012916, 1.043539, 1.072183, 1.098635, 1.122698, 1.144185, 1.162930, 1.178786, 1.191626, 1.201348, 1.207873, 1.211150, 1.211150, 1.207874, 1.201349, 1.191627, 1.178787, 1.162931, 1.144186, 1.122699, 1.098637, 1.072185, 1.043541, 1.012918, 0.980537, 0.946628, 0.911423, 0.875159, 0.838070, 0.800391, 0.762347, 0.724160, 0.686039, 0.648185, 0.610785, 0.574013, 0.538027, 0.502973, 0.468978, 0.436155, 0.404601, 0.374398, 0.345613, 0.318298, 0.292493, 0.268225, 0.245510, 0.224355, 0.204755, 0.186702, 0.170179, 0.155165, 0.141636, 0.129565, 0.118925, 0.109687, 0.101825, 0.095315, 0.090135, 0.086266, 0.083695, 0.082412
0.083499, 0.084799, 0.087403, 0.091323, 0.096571, 0.103167, 0.111132, 0.120491, 0.131272, 0.143502, 0.157209, 0.172421, 0.189161, 0.207452, 0.227309, 0.248743, 0.271757, 0.296344, 0.322489, 0.350163, 0.379328, 0.409928, 0.441898, 0.475153, 0.509595, 0.545111, 0.581570, 0.618826, 0.656719, 0.695071, 0.733694, 0.772384, 0.810928, 0.849104, 0.886680, 0.923422, 0.959091, 0.993447, 1.026253, 1.057279, 1.086301, 1.113101, 1.137481, 1.159252, 1.178243, 1.194308, 1.207318, 1.217167, 1.223777, 1.227096, 1.227096, 1.223778, 1.217168, 1.207319, 1.194309, 1.178244, 1.159253, 1.137483, 1.113102, 1.086302, 1.057281, 1.026255, 0.993449, 0.959093, 0.923425, 0.886683, 0.849106, 0.810930, 0.772386, 0.733696, 0.695074, 0.656721, 0.618829, 0.581572, 0.545113, 0.509597, 0.475155, 0.441900, 0.409930, 0.379329, 0.350165, 0.322490, 0.296346, 0.271758, 0.248745, 0.227311, 0.207453, 0.189162, 0.172422, 0.157210, 0.143503, 0.131273, 0.120492, 0.111133, 0.103168, 0.096572, 0.091323, 0.087404, 0.084799, 0.083499
0.084319, 0.085631, 0.088262, 0.092219, 0.097519, 0.104180, 0.112223, 0.121674, 0.132560, 0.144910, 0.158752, 0.174113, 0.191017, 0.209487, 0.229539, 0.251183, 0.274423, 0.299251, 0.325652, 0.353598, 0.383048, 0.413949, 0.446231, 0.479812, 0.514592, 0.550456, 0.587272, 0.624894, 0.663158, 0.701887, 0.740888, 0.779957, 0.818879, 0.857430, 0.895374, 0.932476, 0.968495, 1.003188, 1.036317, 1.067646, 1.096952, 1.124016, 1.148635, 1.170619, 1.189797, 1.206020, 1.219158, 1.229103, 1.235779, 1.239127, 1.239127, 1.235780, 1.229103, 1.219158, 1.206021, 1.189798, 1.170620, 1.148636, 1.124018, 1.096954, 1.067647, 1.036318, 1.003190, 0.968497, 0.932478, 0.895376, 0.857432, 0.818882, 0.779960, 0.740890, 0.701889, 0.663161, 0.624896, 0.587275, 0.550458, 0.514594, 0.479814, 0.446233, 0.413951, 0.383050, 0.353599, 0.325653, 0.299252, 0.274424, 0.251185, 0.229541, 0.209489, 0.191018, 0.174114, 0.158753, 0.144911, 0.132561, 0.121675, 0.112223, 0.104180, 0.097520, 0.092220, 0.088262, 0.085631, 0.084319
0.084863, 0.086184, 0.088832, 0.092815, 0.098149, 0.104852, 0.112948, 0.122460, 0.133417, 0.145846, 0.159777, 0.175237, 0.192251, 0.210840, 0.231021, 0.252804, 0.276193, 0.301182, 0.327753, 0.355879, 0.385519, 0.416619, 0.449110, 0.482907, 0.517911, 0.554007, 0.591061, 0.628926, 0.667436, 0.706415, 0.745667, 0.784988, 0.824162, 0.862960, 0.901150, 0.938493, 0.974745, 1.009664, 1.043005, 1.074537, 1.104031, 1.131271, 1.156049, 1.178174, 1.197478, 1.213804, 1.227025, 1.237034, 1.243754, 1.247126, 1.247127, 1.243755, 1.237035, 1.227026, 1.213805, 1.197479, 1.178175, 1.156051, 1.131273, 1.104033, 1.074538, 1.043007, 1.009666, 0.974747, 0.938495, 0.901153, 0.862963, 0.824165, 0.784990, 0.745669, 0.706417, 0.667439, 0.628928, 0.591063, 0.554009, 0.517913, 0.482910, 0.449112, 0.416621, 0.385521, 0.355881, 0.327755, 0.301183, 0.276195, 0.252806, 0.231022, 0.210841, 0.192252, 0.175238, 0.159778, 0.145847, 0.133417, 0.122461, 0.112948, 0.104853, 0.098149, 0.092815, 0.088832, 0.086185, 0.084863
0.085127, 0.086452, 0.089108, 0.093104, 0.098454, 0.105179, 0.113299, 0.122841, 0.133832, 0.146300, 0.160274, 0.175782, 0.192848, 0.211495, 0.231739, 0.253590, 0.277051, 0.302117, 0.328771, 0.356984, 0.386716, 0.417913, 0.450505, 0.484407, 0.519520, 0.555727, 0.592897, 0.630880, 0.669510, 0.708609, 0.747983, 0.787427, 0.826723, 0.865642, 0.903950, 0.941408, 0.977773, 1.012801, 1.046247, 1.077878, 1.107464, 1.134787, 1.159639, 1.181834, 1.201195, 1.217571, 1.230832, 1.240874, 1.247612, 1.250995, 1.250995, 1.247613, 1.240874, 1.230833, 1.217571, 1.201196, 1.181835, 1.159641, 1.134788, 1.107466, 1.077880, 1.046249, 1.012803, 0.977775, 0.941411, 0.903952, 0.865645, 0.826725, 0.787429, 0.747985, 0.708611, 0.669512, 0.630882, 0.592900, 0.555729, 0.519522, 0.484409, 0.450507, 0.417915, 0.386718, 0.356986, 0.328773, 0.302119, 0.277053, 0.253591, 0.231740, 0.211496, 0.192849, 0.175783, 0.160275, 0.146301, 0.133832, 0.122842, 0.113300, 0.105179, 0.098455, 0.093104, 0.089108, 0.086453, 0.085127
0.085108, 0.086433, 0.089088, 0.093082, 0.098432, 0.105155, 0.113273, 0.122813, 0.133801, 0.146267, 0.160238, 0.175742, 0.192804, 0.211446, 0.231685, 0.253531, 0.276987, 0.302047, 0.328695, 0.356902, 0.386627, 0.417816, 0.450401, 0.484296, 0.519401, 0.555600, 0.592762, 0.630736, 0.669357, 0.708446, 0.747812, 0.787245, 0.826531, 0.865440, 0.903738, 0.941187, 0.977543, 1.012562, 1.046001, 1.077625, 1.107203, 1.134518, 1.159365, 1.181553, 1.200909, 1.217281, 1.230539, 1.240578, 1.247315, 1.250697, 1.250697, 1.247315, 1.240578, 1.230540, 1.217282, 1.200910, 1.181554, 1.159366, 1.134520, 1.107204, 1.077627, 1.046003, 1.012564, 0.977545, 0.941190, 0.903741, 0.865442, 0.826533, 0.787248, 0.747814, 0.708449, 0.669359, 0.630738, 0.592764, 0.555602, 0.519403, 0.484298, 0.450403, 0.417818, 0.386629, 0.356903, 0.328696, 0.302049, 0.276989, 0.253532, 0.231687, 0.211448, 0.192805, 0.175743, 0.160239, 0.146267, 0.133802, 0.122814, 0.113274, 0.105155, 0.098432, 0.093083, 0.089088, 0.086433, 0.085108
0.084805, 0.086125, 0.088771, 0.092751, 0.098082, 0.104781, 0.112871, 0.122377, 0.133325, 0.145746, 0.159668, 0.175116, 0.192118, 0.210694, 0.230861, 0.252629, 0.276001, 0.300972, 0.327524, 0.355631, 0.385251, 0.416330, 0.448799, 0.482573, 0.517554, 0.553624, 0.590654, 0.628492, 0.666974, 0.705924, 0.745148, 0.784440, 0.823584, 0.862354, 0.900516, 0.937830, 0.974056, 1.008949, 1.042269, 1.073779, 1.103251, 1.130469, 1.155228, 1.177335, 1.196622, 1.212935, 1.226146, 1.236148, 1.242862, 1.246232, 1.246232, 1.242862, 1.236149, 1.226147, 1.212936, 1.196623, 1.177337, 1.155229, 1.130471, 1.103253, 1.073781, 1.042270, 1.008951, 0.974058, 0.937832, 0.900518, 0.862356, 0.823586, 0.784443, 0.745150, 0.705926, 0.666977, 0.628495, 0.590656, 0.553626, 0.517556, 0.482575, 0.448801, 0.416332, 0.385253, 0.355632, 0.327526, 0.300973, 0.276002, 0.252630, 0.230862, 0.210695, 0.192119, 0.175117, 0.159668, 0.145747, 0.133326, 0.122377, 0.112871, 0.104781, 0.098082, 0.092752, 0.088771, 0.086125, 0.084805
0.084222, 0.085533, 0.088160, 0.092114, 0.097408, 0.104061, 0.112095, 0.121535, 0.132409, 0.144744, 0.158569, 0.173912, 0.190796, 0.209244, 0.229272, 0.250891, 0.274102, 0.298900, 0.325270, 0.353184, 0.382600, 0.413466, 0.445711, 0.479254, 0.513995, 0.549817, 0.586590, 0.624166, 0.662383, 0.701064, 0.740017, 0.779038, 0.817912, 0.856414, 0.894312, 0.931369, 0.967344, 1.001997, 1.035087, 1.066380, 1.095649, 1.122679, 1.147266, 1.169221, 1.188375, 1.204575, 1.217695, 1.227628, 1.234295, 1.237643, 1.237643, 1.234296, 1.227629, 1.217695, 1.204576, 1.188376, 1.169223, 1.147268, 1.122681, 1.095651, 1.066382, 1.035089, 1.001999, 0.967347, 0.931372, 0.894315, 0.856416, 0.817914, 0.779040, 0.740019, 0.701066, 0.662386, 0.624168, 0.586592, 0.549819, 0.513997, 0.479257, 0.445714, 0.413468, 0.382602, 0.353185, 0.325272, 0.298902, 0.274103, 0.250892, 0.229273, 0.209245, 0.190797, 0.173913, 0.158570, 0.144745, 0.132409, 0.121536, 0.112095, 0.104061, 0.097408, 0.092114, 0.088161, 0.085533, 0.084222
0.083364, 0.084662, 0.087262, 0.091175, 0.096415, 0.103000, 0.110953, 0.120297, 0.131059, 0.143269, 0.156953, 0.172139, 0.188852, 0.207112, 0.226935, 0.248333, 0.271308, 0.295854, 0.321955, 0.349584, 0.378701, 0.409252, 0.441169, 0.474369, 0.508755, 0.544211, 0.580609, 0.617801, 0.655628, 0.693914, 0.732468, 0.771091, 0.809568, 0.847676, 0.885188, 0.921866, 0.957474, 0.991772, 1.024524, 1.055498, 1.084468, 1.111222, 1.135558, 1.157288, 1.176246, 1.192281, 1.205267, 1.215099, 1.221698, 1.225011, 1.225011, 1.221699, 1.215099, 1.205268, 1.192282, 1.176247, 1.157290, 1.135559, 1.111224, 1.084470, 1.055499, 1.024526, 0.991774, 0.957476, 0.921869, 0.885190, 0.847679, 0.809570, 0.771093, 0.732471, 0.693916, 0.655630, 0.617803, 0.580611, 0.544213, 0.508758, 0.474371, 0.441171, 0.409254, 0.378703, 0.349586, 0.321957, 0.295856, 0.271309, 0.248335, 0.226937, 0.207113, 0.188853, 0.172140, 0.156954, 0.143270, 0.131060, 0.120297, 0.110953, 0.103001, 0.096416, 0.091176, 0.087263, 0.084662, 0.083364
0.082240, 0.083520, 0.086085, 0.089945, 0.095115, 0.101611, 0.109456, 0.118674, 0.129291, 0.141336, 0.154835, 0.169816, 0.186303, 0.204316, 0.223873, 0.244982, 0.267646, 0.291862, 0.317612, 0.344868, 0.373591, 0.403729, 0.435214, 0.467965, 0.501887, 0.536864, 0.572769, 0.609459, 0.646774, 0.684542, 0.722576, 0.760677, 0.798633, 0.836227, 0.873231, 0.909414, 0.944540, 0.978374, 1.010683, 1.041238, 1.069817, 1.096209, 1.120216, 1.141653, 1.160354, 1.176173, 1.188983, 1.198682, 1.205192, 1.208461, 1.208461, 1.205193, 1.198683, 1.188984, 1.176174, 1.160356, 1.141654, 1.120217, 1.096211, 1.069819, 1.041240, 1.010685, 0.978376, 0.944542, 0.909416, 0.873233, 0.836229, 0.798636, 0.760679, 0.722579, 0.684545, 0.646777, 0.609461, 0.572771, 0.536866, 0.501889, 0.467967, 0.435216, 0.403731, 0.373593, 0.344870, 0.317613, 0.291863, 0.267648, 0.244983, 0.223874, 0.204317, 0.186304, 0.169817, 0.154836, 0.141336, 0.129292, 0.118674, 0.109456, 0.101611, 0.095115, 0.089946, 0.086085, 0.083520, 0.082240
0.080859, 0.082118, 0.084640, 0.088436, 0.093518, 0.099905, 0.107618, 0.116681, 0.127121, 0.138963, 0.152236, 0.166965, 0.183175, 0.200886, 0.220114, 0.240868, 0.263153, 0.286963, 0.312280, 0.339078, 0.367318, 0.396949, 0.427905, 0.460105, 0.493456, 0.527845, 0.563147, 0.599220, 0.635908, 0.673041, 0.710436, 0.747896, 0.785214, 0.822176, 0.858558, 0.894132, 0.928668, 0.961932, 0.993698, 1.023739, 1.051838, 1.077787, 1.101390, 1.122467, 1.140854, 1.156406, 1.169001, 1.178537, 1.184938, 1.188151, 1.188151, 1.184938, 1.178537, 1.169001, 1.156407, 1.140855, 1.122468, 1.101391, 1.077788, 1.051840, 1.023741, 0.993700, 0.961935, 0.928670, 0.894134, 0.858560, 0.822178, 0.785217, 0.747898, 0.710438, 0.673044, 0.635911, 0.599222, 0.563149, 0.527847, 0.493458, 0.460107, 0.427907, 0.396951, 0.367320, 0.339079, 0.312281, 0.286964, 0.263155, 0.240870, 0.220115, 0.200887, 0.183176, 0.166966, 0.152236, 0.138964, 0.127121, 0.116682, 0.107619, 0.099906, 0.093518, 0.088436, 0.084640, 0.082118, 0.080859
0.079236, 0.080470, 0.082941, 0.086661, 0.091641, 0.097900, 0.105458, 0.114339, 0.124569, 0.136173, 0.149179, 0.163613, 0.179497, 0.196852, 0.215694, 0.236033, 0.257871, 0.281201, 0.306010, 0.332270, 0.359942, 0.388978, 0.419311, 0.450864, 0.483544, 0.517243, 0.551835, 0.587183, 0.623134, 0.659521, 0.696164, 0.732871, 0.769440, 0.805658, 0.841309, 0.876168, 0.910009, 0.942605, 0.973732, 1.003170, 1.030704, 1.056131, 1.079259, 1.099913, 1.117930, 1.133170, 1.145512, 1.154857, 1.161129, 1.164278, 1.164278, 1.161129, 1.154857, 1.145513, 1.133171, 1.117931, 1.099914, 1.079261, 1.056132, 1.030705, 1.003172, 0.973734, 0.942607, 0.910011, 0.876170, 0.841311, 0.805661, 0.769442, 0.732873, 0.696166, 0.659523, 0.623137, 0.587186, 0.551837, 0.517245, 0.483546, 0.450866, 0.419313, 0.388979, 0.359944, 0.332272, 0.306012, 0.281203, 0.257872, 0.236034, 0.215695, 0.196853, 0.179498, 0.163614, 0.149180, 0.136174, 0.124569, 0.114340, 0.105459, 0.097900, 0.091641, 0.086661, 0.082942, 0.080470, 0.079236
0.077386, 0.078591, 0.081005, 0.084637, 0.089501, 0.095614, 0.102995, 0.111669, 0.121660, 0.132993, 0.145695, 0.159791, 0.175305, 0.192255, 0.210657, 0.230520, 0.251848, 0.274634, 0.298863, 0.324508, 0.351534, 0.379891, 0.409515, 0.440331, 0.472247, 0.505157, 0.538941, 0.573463, 0.608574, 0.644110, 0.679896, 0.715745, 0.751459, 0.786831, 0.821648, 0.855692, 0.888742, 0.920576, 0.950975, 0.979724, 1.006614, 1.031447, 1.054035, 1.074206, 1.091802, 1.106686, 1.118739, 1.127866, 1.133991, 1.137066, 1.137066, 1.133991, 1.127866, 1.118740, 1.106687, 1.091804, 1.074207, 1.054037, 1.031449, 1.006616, 0.979726, 0.950977, 0.920578, 0.888744, 0.855694, 0.821650, 0.786833, 0.751461, 0.715748, 0.679899, 0.644112, 0.608576, 0.573465, 0.538943, 0.505159, 0.472249, 0.440333, 0.409517, 0.379892, 0.351536, 0.324510, 0.298864, 0.274635, 0.251850, 0.230522, 0.210658, 0.192256, 0.175306, 0.159792, 0.145696, 0.132994, 0.121660, 0.111670, 0.102996, 0.095614, 0.089501, 0.084637, 0.081005, 0.078591, 0.077386
0.075326, 0.076499, 0.078849, 0.082384, 0.087119, 0.093069, 0.100254, 0.108696, 0.118421, 0.129452, 0.141816, 0.155537, 0.170637, 0.187136, 0.205048, 0.224382, 0.245143, 0.267322, 0.290905, 0.315867, 0.342173, 0.369774, 0.398609, 0.428603, 0.459669, 0.491702, 0.524586, 0.558188, 0.592363, 0.626953, 0.661786, 0.696680, 0.731442, 0.765871, 0.799760, 0.832897, 0.865066, 0.896052, 0.925641, 0.953623, 0.979797, 1.003968, 1.025955, 1.045588, 1.062715, 1.077203, 1.088935, 1.097818, 1.103780, 1.106773, 1.106773, 1.103780, 1.097818, 1.088935, 1.077203, 1.062716, 1.045589, 1.025956, 1.003970, 0.979799, 0.953625, 0.925643, 0.896054, 0.865068, 0.832899, 0.799762, 0.765873, 0.731444, 0.696682, 0.661788, 0.626955, 0.592365, 0.558190, 0.524588, 0.491704, 0.459671, 0.428605, 0.398611, 0.369775, 0.342175, 0.315869, 0.290906, 0.267323, 0.245144, 0.224384, 0.205049, 0.187137, 0.170638, 0.155538, 0.141817, 0.129453, 0.118421, 0.108697, 0.100254, 0.093069, 0.087119, 0.082385, 0.078849, 0.076499, 0.075326
0.073076, 0.074213, 0.076493, 0.079923, 0.084516, 0.090288, 0.097258, 0.105448, 0.114882, 0.125584, 0.137578, 0.150889, 0.165537, 0.181543, 0.198919, 0.217676, 0.237816, 0.259332, 0.282210, 0.306426, 0.331945, 0.358720, 0.386693, 0.415790, 0.445927, 0.477002, 0.508902, 0.541500, 0.574653, 0.608208, 0.641999, 0.675850, 0.709572, 0.742972, 0.775848, 0.807993, 0.839200, 0.869259, 0.897963, 0.925109, 0.950499, 0.973947, 0.995276, 1.014322, 1.030937, 1.044991, 1.056373, 1.064990, 1.070774, 1.073678, 1.073678, 1.070775, 1.064991, 1.056373, 1.044992, 1.030939, 1.014323, 0.995277, 0.973949, 0.950501, 0.925110, 0.897965, 0.869261, 0.839202, 0.807995, 0.775850, 0.742974, 0.709574, 0.675852, 0.642002, 0.608210, 0.574655, 0.541502, 0.508904, 0.477004, 0.445929, 0.415792, 0.386695, 0.358722, 0.331946, 0.306427, 0.282211, 0.259333, 0.237817, 0.217678, 0.198920, 0.181544, 0.165538, 0.150890, 0.137579, 0.125584, 0.114883, 0.105449, 0.097258, 0.090288, 0.084516, 0.079923, 0.076493, 0.074213, 0.073076
0.070655, 0.071754, 0.073958, 0.077275, 0.081715, 0.087296, 0.094035, 0.101954, 0.111075, 0.121422, 0.133019, 0.145888, 0.160052, 0.175526, 0.192327, 0.210462, 0.229934, 0.250737, 0.272856, 0.296269, 0.320942, 0.346830, 0.373875, 0.402008, 0.431145, 0.461190, 0.492032, 0.523549, 0.555603, 0.588046, 0.620717, 0.653444, 0.686049, 0.718341, 0.750126, 0.781206, 0.811378, 0.840440, 0.868192, 0.894437, 0.918986, 0.941657, 0.962278, 0.980692, 0.996757, 1.010345, 1.021349, 1.029680, 1.035273, 1.038080, 1.038080, 1.035273, 1.029681, 1.021349, 1.010346, 0.996758, 0.980693, 0.962279, 0.941658, 0.918988, 0.894439, 0.868194, 0.840442, 0.811380, 0.781208, 0.750128, 0.718343, 0.686051, 0.653446, 0.620719, 0.588048, 0.555605, 0.523551, 0.492034, 0.461192, 0.431147, 0.402010, 0.373877, 0.346832, 0.320944, 0.296271, 0.272858, 0.250738, 0.229935, 0.210463, 0.192328, 0.175527, 0.160052, 0.145889, 0.133020, 0.121423, 0.111076, 0.101955, 0.094036, 0.087296, 0.081716, 0.077275, 0.073959, 0.071755, 0.070655
0.068085, 0.069144, 0.071268, 0.074464, 0.078743, 0.084120, 0.090614, 0.098245, 0.107034, 0.117005, 0.128180, 0.140581, 0.154228, 0.169140, 0.185329, 0.202804, 0.221567, 0.241613, 0.262927, 0.285488, 0.309264, 0.334209, 0.360270, 0.387378, 0.415455, 0.444406, 0.474126, 0.504495, 0.535383, 0.566644, 0.598126, 0.629662, 0.661080, 0.692196, 0.722825, 0.752773, 0.781847, 0.809851, 0.836593, 0.861882, 0.885537, 0.907382, 0.927253, 0.944997, 0.960477, 0.973570, 0.984173, 0.992202, 0.997590, 1.000295, 1.000296, 0.997590, 0.992202, 0.984174, 0.973571, 0.960477, 0.944998, 0.927254, 0.907384, 0.885539, 0.861884, 0.836594, 0.809853, 0.781848, 0.752775, 0.722827, 0.692198, 0.661082, 0.629664, 0.598128, 0.566646, 0.535385, 0.504497, 0.474128, 0.444408, 0.415457, 0.387380, 0.360271, 0.334211, 0.309265, 0.285490, 0.262929, 0.241614, 0.221568, 0.202805, 0.185330, 0.169141, 0.154229, 0.140582, 0.128180, 0.117006, 0.107035, 0.098246, 0.090615, 0.084121, 0.078743, 0.074464, 0.071268, 0.069145, 0.068085
0.065388, 0.066406, 0.068445, 0.071514, 0.075624, 0.080788, 0.087025, 0.094353, 0.102794, 0.112370, 0.123102, 0.135011, 0.148118, 0.162439, 0.177986, 0.194768, 0.212788, 0.232039, 0.252509, 0.274176, 0.297009, 0.320966, 0.345994, 0.372028, 0.398992, 0.426795, 0.455337, 0.484503, 0.514166, 0.544189, 0.574422, 0.604709, 0.634881, 0.664764, 0.694179, 0.722940, 0.750861, 0.777755, 0.803437, 0.827724, 0.850441, 0.871420, 0.890503, 0.907544, 0.922410, 0.934984, 0.945167, 0.952877, 0.958052, 0.960650, 0.960650, 0.958052, 0.952877, 0.945168, 0.934985, 0.922411, 0.907545, 0.890504, 0.871422, 0.850442, 0.827725, 0.803438, 0.777757, 0.750863, 0.722942, 0.694181, 0.664766, 0.634883, 0.604711, 0.574424, 0.544191, 0.514168, 0.484505, 0.455339, 0.426797, 0.398993, 0.372030, 0.345995, 0.320967, 0.297010, 0.274178, 0.252510, 0.232040, 0.212789, 0.194770, 0.177987, 0.162440, 0.148119, 0.135012, 0.123102, 0.112370, 0.102795, 0.094354, 0.087025, 0.080789, 0.075624, 0.071514, 0.068445, 0.066406, 0.065388
0.062587, 0.063561, 0.065513, 0.068451, 0.072384, 0.077327, 0.083297, 0.090311, 0.098390, 0.107556, 0.117828, 0.129227, 0.141772, 0.155479, 0.170360, 0.186423, 0.203670, 0.222096, 0.241689, 0.262427, 0.284282, 0.307212, 0.331167, 0.356086, 0.381894, 0.408506, 0.435824, 0.463739, 0.492131, 0.520867, 0.549805, 0.578793, 0.607672, 0.636275, 0.664429, 0.691957, 0.718681, 0.744422, 0.769003, 0.792249, 0.813993, 0.834073, 0.852337, 0.868648, 0.882876, 0.894911, 0.904658, 0.912037, 0.916991, 0.919477, 0.919477, 0.916991, 0.912038, 0.904658, 0.894912, 0.882877, 0.868648, 0.852338, 0.834074, 0.813994, 0.792251, 0.769005, 0.744424, 0.718683, 0.691958, 0.664430, 0.636277, 0.607674, 0.578795, 0.549807, 0.520869, 0.492133, 0.463741, 0.435826, 0.408507, 0.381895, 0.356087, 0.331169, 0.307213, 0.284283, 0.262429, 0.241690, 0.222097, 0.203671, 0.186424, 0.170361, 0.155480, 0.141773, 0.129228, 0.117828, 0.107556, 0.098391, 0.090312, 0.083297, 0.077328, 0.072384, 0.068451, 0.065513, 0.063561, 0.062587
0.059705, 0.060634, 0.062496, 0.065298, 0.069050, 0.073766, 0.079460, 0.086152, 0.093859, 0.102602, 0.112401, 0.123275, 0.135242, 0.148317, 0.162512, 0.177835, 0.194288, 0.211865, 0.230554, 0.250338, 0.271185, 0.293059, 0.315910, 0.339681, 0.364300, 0.389685, 0.415745, 0.442374, 0.469458, 0.496869, 0.524474, 0.552127, 0.579675, 0.606959, 0.633815, 0.660075, 0.685568, 0.710123, 0.733571, 0.755746, 0.776488, 0.795642, 0.813065, 0.828624, 0.842196, 0.853677, 0.862975, 0.870014, 0.874739, 0.877111, 0.877111, 0.874739, 0.870014, 0.862975, 0.853678, 0.842197, 0.828624, 0.813066, 0.795643, 0.776489, 0.755747, 0.733573, 0.710125, 0.685570, 0.660077, 0.633817, 0.606961, 0.579677, 0.552128, 0.524476, 0.496871, 0.469459, 0.442376, 0.415747, 0.389687, 0.364301, 0.339682, 0.315912, 0.293060, 0.271187, 0.250339, 0.230556, 0.211866, 0.194289, 0.177836, 0.162513, 0.148318, 0.135242, 0.123275, 0.112401, 0.102602, 0.093859, 0.086152, 0.079461, 0.073766, 0.069051, 0.065298, 0.062496, 0.060634, 0.059705
0.056763, 0.057647, 0.059417, 0.062081, 0.065649, 0.070132, 0.075546, 0.081907, 0.089235, 0.097547, 0.106863, 0.117201, 0.128578, 0.141009, 0.154505, 0.169072, 0.184714, 0.201425, 0.219193, 0.238001, 0.257822, 0.278618, 0.300343, 0.322942, 0.346347, 0.370482, 0.395257, 0.420574, 0.446322, 0.472383, 0.498627, 0.524917, 0.551107, 0.577047, 0.602579, 0.627545, 0.651781, 0.675126, 0.697418, 0.718500, 0.738219, 0.756430, 0.772994, 0.787785, 0.800689, 0.811604, 0.820443, 0.827136, 0.831628, 0.833883, 0.833883, 0.831628, 0.827136, 0.820444, 0.811605, 0.800690, 0.787786, 0.772995, 0.756431, 0.738220, 0.718501, 0.697419, 0.675127, 0.651782, 0.627547, 0.602581, 0.577048, 0.551109, 0.524919, 0.498629, 0.472385, 0.446324, 0.420575, 0.395259, 0.370483, 0.346349, 0.322943, 0.300344, 0.278619, 0.257823, 0.238003, 0.219194, 0.201426, 0.184715, 0.169073, 0.154506, 0.141010, 0.128579, 0.117202, 0.106863, 0.097547, 0.089235, 0.081908, 0.075546, 0.070132, 0.065649, 0.062082, 0.059418, 0.057647, 0.056763
0.053785, 0.054623, 0.056300, 0.058824, 0.062205, 0.066452, 0.071582, 0.077610, 0.084553, 0.092429, 0.101256, 0.111051, 0.121832, 0.133610, 0.146398, 0.160200, 0.175020, 0.190854, 0.207691, 0.225512, 0.244292, 0.263996, 0.284582, 0.305994, 0.328172, 0.351039, 0.374514, 0.398502, 0.422899, 0.447592, 0.472459, 0.497369, 0.522185, 0.546762, 0.570955, 0.594611, 0.617574, 0.639693, 0.660815, 0.680791, 0.699475, 0.716729, 0.732424, 0.746439, 0.758666, 0.769008, 0.777383, 0.783724, 0.787980, 0.790117, 0.790117, 0.787980, 0.783724, 0.777383, 0.769008, 0.758667, 0.746440, 0.732425, 0.716730, 0.699476, 0.680792, 0.660816, 0.639694, 0.617575, 0.594611, 0.570956, 0.546763, 0.522187, 0.497370, 0.472460, 0.447593, 0.422901, 0.398503, 0.374516, 0.351041, 0.328173, 0.305996, 0.284583, 0.263997, 0.244293, 0.225513, 0.207692, 0.190855, 0.175021, 0.160201, 0.146398, 0.133611, 0.121832, 0.111052, 0.101256, 0.092429, 0.084553, 0.077610, 0.071583, 0.066453, 0.062205, 0.058825, 0.056300, 0.054623, 0.053785
0.050792, 0.051583, 0.053167, 0.055551, 0.058743, 0.062754, 0.067598, 0.073290, 0.079847, 0.087284, 0.095620, 0.104870, 0.115050, 0.126173, 0.138248, 0.151283, 0.165278, 0.180230, 0.196129, 0.212958, 0.230692, 0.249300, 0.268740, 0.288960, 0.309903, 0.331497, 0.353665, 0.376317, 0.399356, 0.422674, 0.446156, 0.469679, 0.493113, 0.516323, 0.539168, 0.561506, 0.583192, 0.604080, 0.624026, 0.642889, 0.660533, 0.676827, 0.691647, 0.704882, 0.716428, 0.726194, 0.734103, 0.740091, 0.744110, 0.746128, 0.746128, 0.744110, 0.740091, 0.734103, 0.726195, 0.716429, 0.704883, 0.691648, 0.676828, 0.660534, 0.642890, 0.624027, 0.604081, 0.583193, 0.561508, 0.539170, 0.516324, 0.493115, 0.469680, 0.446158, 0.422676, 0.399358, 0.376319, 0.353666, 0.331499, 0.309904, 0.288961, 0.268741, 0.249301, 0.230693, 0.212959, 0.196130, 0.180231, 0.165279, 0.151284, 0.138249, 0.126174, 0.115051, 0.104871, 0.095620, 0.087285, 0.079847, 0.073291, 0.067599, 0.062754, 0.058743, 0.055551, 0.053167, 0.051583, 0.050792
0.047804, 0.048548, 0.050039, 0.052282, 0.055286, 0.059062, 0.063621, 0.068978, 0.075149, 0.082148, 0.089994, 0.098700, 0.108281, 0.118749, 0.130113, 0.142381, 0.155551, 0.169623, 0.184587, 0.200425, 0.217116, 0.234628, 0.252924, 0.271955, 0.291664, 0.311988, 0.332852, 0.354171, 0.375853, 0.397799, 0.419899, 0.442037, 0.464092, 0.485936, 0.507436, 0.528460, 0.548869, 0.568527, 0.587300, 0.605052, 0.621658, 0.636992, 0.650941, 0.663397, 0.674263, 0.683454, 0.690897, 0.696533, 0.700315, 0.702214, 0.702214, 0.700315, 0.696533, 0.690898, 0.683454, 0.674263, 0.663397, 0.650942, 0.636993, 0.621659, 0.605053, 0.587301, 0.568528, 0.548870, 0.528461, 0.507438, 0.485937, 0.464093, 0.442039, 0.419900, 0.397800, 0.375855, 0.354172, 0.332853, 0.311990, 0.291666, 0.271956, 0.252925, 0.234630, 0.217117, 0.200426, 0.184588, 0.169624, 0.155552, 0.142381, 0.130114, 0.118749, 0.108281, 0.098700, 0.089994, 0.082149, 0.075149, 0.068978, 0.063621, 0.059062, 0.055287, 0.052282, 0.050039, 0.048548, 0.047804
