0.012259, 0.012707, 0.013611, 0.014989, 0.016867, 0.019278, 0.022266, 0.025880, 0.030178, 0.035224, 0.041090, 0.047850, 0.055586, 0.064382, 0.074322, 0.085494, 0.097981, 0.111864, 0.127220, 0.144118, 0.162614, 0.182755, 0.204572, 0.228078, 0.253267, 0.280111, 0.308558, 0.338529, 0.369919, 0.402597, 0.436401, 0.471141, 0.506603, 0.542543, 0.578697, 0.614778, 0.650482, 0.685491, 0.719477, 0.752111, 0.783062, 0.812005, 0.838630, 0.862643, 0.883772, 0.901775, 0.916441, 0.927596, 0.935109, 0.938889, 0.938889, 0.935110, 0.927597, 0.916441, 0.901776, 0.883773, 0.862644, 0.838632, 0.812007, 0.783064, 0.752113, 0.719480, 0.685493, 0.650484, 0.614781, 0.578700, 0.542546, 0.506605, 0.471143, 0.436403, 0.402599, 0.369921, 0.338530, 0.308559, 0.280113, 0.253269, 0.228079, 0.204573, 0.182756, 0.162615, 0.144119, 0.127221, 0.111865, 0.097981, 0.085495, 0.074323, 0.064383, 0.055587, 0.047851, 0.041090, 0.035225, 0.030178, 0.025880, 0.022266, 0.019278, 0.016867, 0.014989, 0.013611, 0.012707, 0.012259
0.013218, 0.013701, 0.014675, 0.016161, 0.018186, 0.020785, 0.024007, 0.027903, 0.032537, 0.037978, 0.044302, 0.051591, 0.059932, 0.069415, 0.080133, 0.092177, 0.105640, 0.120609, 0.137165, 0.155383, 0.175325, 0.197040, 0.220562, 0.245906, 0.273064, 0.302006, 0.332676, 0.364989, 0.398833, 0.434065, 0.470510, 0.507966, 0.546199, 0.584948, 0.623928, 0.662829, 0.701323, 0.739067, 0.775710, 0.810894, 0.844264, 0.875469, 0.904175, 0.930063, 0.952844, 0.972254, 0.988065, 1.000093, 1.008193, 1.012269, 1.012269, 1.008193, 1.000093, 0.988066, 0.972255, 0.952845, 0.930065, 0.904176, 0.875471, 0.844266, 0.810896, 0.775712, 0.739070, 0.701325, 0.662831, 0.623930, 0.584951, 0.546201, 0.507968, 0.470513, 0.434067, 0.398836, 0.364991, 0.332678, 0.302008, 0.273066, 0.245908, 0.220564, 0.197042, 0.175326, 0.155385, 0.137167, 0.120610, 0.105641, 0.092178, 0.080133, 0.069416, 0.059933, 0.051592, 0.044303, 0.037979, 0.032538, 0.027904, 0.024007, 0.020786, 0.018186, 0.016161, 0.014676, 0.013701, 0.013218
0.014186, 0.014704, 0.015751, 0.017345, 0.019518, 0.022308, 0.025765, 0.029947, 0.034920, 0.040760, 0.047547, 0.055370, 0.064322, 0.074499, 0.086001, 0.098928, 0.113376, 0.129441, 0.147210, 0.166761, 0.188163, 0.211469, 0.236713, 0.263912, 0.293059, 0.324120, 0.357035, 0.391715, 0.428036, 0.465847, 0.504961, 0.545159, 0.586191, 0.627777, 0.669610, 0.711359, 0.752671, 0.793179, 0.832504, 0.870264, 0.906076, 0.939566, 0.970373, 0.998157, 1.022605, 1.043436, 1.060405, 1.073313, 1.082006, 1.086379, 1.086379, 1.082007, 1.073314, 1.060406, 1.043437, 1.022607, 0.998159, 0.970375, 0.939568, 0.906078, 0.870266, 0.832507, 0.793181, 0.752674, 0.711362, 0.669613, 0.627780, 0.586194, 0.545162, 0.504963, 0.465850, 0.428039, 0.391717, 0.357037, 0.324122, 0.293061, 0.263914, 0.236715, 0.211470, 0.188165, 0.166763, 0.147211, 0.129442, 0.113377, 0.098929, 0.086002, 0.074500, 0.064322, 0.055370, 0.047547, 0.040760, 0.034921, 0.029947, 0.025765, 0.022308, 0.019518, 0.017345, 0.015751, 0.014704, 0.014186
0.015155, 0.015709, 0.016827, 0.018530, 0.020851, 0.023832, 0.027525, 0.031993, 0.037306, 0.043544, 0.050795, 0.059152, 0.068716, 0.079588, 0.091876, 0.105686, 0.121121, 0.138283, 0.157265, 0.178152, 0.201016, 0.225913, 0.252882, 0.281938, 0.313075, 0.346258, 0.381421, 0.418468, 0.457271, 0.497663, 0.539448, 0.582391, 0.626225, 0.670651, 0.715341, 0.759941, 0.804073, 0.847347, 0.889358, 0.929696, 0.967954, 1.003730, 1.036641, 1.066322, 1.092440, 1.114693, 1.132821, 1.146610, 1.155897, 1.160568, 1.160568, 1.155897, 1.146611, 1.132822, 1.114694, 1.092441, 1.066324, 1.036643, 1.003732, 0.967956, 0.929698, 0.889360, 0.847350, 0.804076, 0.759943, 0.715344, 0.670654, 0.626228, 0.582394, 0.539451, 0.497666, 0.457273, 0.418471, 0.381423, 0.346260, 0.313077, 0.281940, 0.252883, 0.225914, 0.201017, 0.178153, 0.157266, 0.138284, 0.121122, 0.105686, 0.091877, 0.079589, 0.068716, 0.059153, 0.050796, 0.043545, 0.037307, 0.031993, 0.027526, 0.023832, 0.020851, 0.018530, 0.016827, 0.015709, 0.015156
0.016117, 0.016705, 0.017894, 0.019705, 0.022174, 0.025344, 0.029271, 0.034022, 0.039672, 0.046306, 0.054016, 0.062903, 0.073073, 0.084635, 0.097702, 0.112386, 0.128800, 0.147050, 0.167236, 0.189447, 0.213760, 0.240235, 0.268914, 0.299812, 0.332923, 0.368209, 0.405601, 0.444997, 0.486258, 0.529212, 0.573645, 0.619310, 0.665922, 0.713164, 0.760687, 0.808113, 0.855043, 0.901059, 0.945732, 0.988627, 1.029309, 1.067353, 1.102350, 1.133913, 1.161685, 1.185349, 1.204626, 1.219289, 1.229164, 1.234132, 1.234132, 1.229165, 1.219290, 1.204627, 1.185350, 1.161687, 1.133915, 1.102352, 1.067355, 1.029312, 0.988630, 0.945735, 0.901062, 0.855046, 0.808115, 0.760690, 0.713167, 0.665925, 0.619313, 0.573648, 0.529215, 0.486261, 0.444999, 0.405603, 0.368211, 0.332925, 0.299814, 0.268915, 0.240237, 0.213761, 0.189448, 0.167237, 0.147051, 0.128801, 0.112387, 0.097702, 0.084635, 0.073073, 0.062904, 0.054017, 0.046306, 0.039672, 0.034022, 0.029271, 0.025344, 0.022174, 0.019706, 0.017894, 0.016705, 0.016117
0.017060, 0.017683, 0.018942, 0.020859, 0.023472, 0.026827, 0.030984, 0.036013, 0.041994, 0.049016, 0.057178, 0.066585, 0.077349, 0.089588, 0.103419, 0.118963, 0.136337, 0.155655, 0.177021, 0.200532, 0.226268, 0.254292, 0.284648, 0.317355, 0.352403, 0.389753, 0.429332, 0.471033, 0.514708, 0.560174, 0.607207, 0.655543, 0.704882, 0.754887, 0.805190, 0.855390, 0.905065, 0.953773, 1.001059, 1.046463, 1.089525, 1.129795, 1.166838, 1.200248, 1.229645, 1.254692, 1.275096, 1.290618, 1.301071, 1.306329, 1.306329, 1.301071, 1.290619, 1.275098, 1.254694, 1.229646, 1.200249, 1.166840, 1.129797, 1.089528, 1.046466, 1.001062, 0.953776, 0.905068, 0.855393, 0.805193, 0.754891, 0.704885, 0.655546, 0.607210, 0.560177, 0.514711, 0.471035, 0.429335, 0.389755, 0.352405, 0.317357, 0.284650, 0.254294, 0.226269, 0.200534, 0.177023, 0.155656, 0.136339, 0.118964, 0.103420, 0.089588, 0.077350, 0.066585, 0.057178, 0.049016, 0.041994, 0.036014, 0.030985, 0.026827, 0.023472, 0.020859, 0.018942, 0.017683, 0.017060
0.017976, 0.018632, 0.019958, 0.021978, 0.024731, 0.028267, 0.032647, 0.037946, 0.044247, 0.051646, 0.060246, 0.070157, 0.081499, 0.094394, 0.108968, 0.125346, 0.143652, 0.164006, 0.186518, 0.211290, 0.238406, 0.267934, 0.299918, 0.334379, 0.371307, 0.410660, 0.452362, 0.496299, 0.542317, 0.590222, 0.639777, 0.690705, 0.742691, 0.795378, 0.848377, 0.901270, 0.953609, 1.004929, 1.054751, 1.102590, 1.147961, 1.190390, 1.229421, 1.264621, 1.295594, 1.321985, 1.343485, 1.359838, 1.370851, 1.376391, 1.376391, 1.370852, 1.359839, 1.343486, 1.321987, 1.295596, 1.264623, 1.229423, 1.190393, 1.147964, 1.102593, 1.054754, 1.004932, 0.953612, 0.901273, 0.848381, 0.795381, 0.742694, 0.690708, 0.639780, 0.590225, 0.542320, 0.496302, 0.452365, 0.410662, 0.371309, 0.334381, 0.299920, 0.267936, 0.238408, 0.211292, 0.186520, 0.164007, 0.143653, 0.125347, 0.108969, 0.094395, 0.081500, 0.070158, 0.060246, 0.051647, 0.044248, 0.037946, 0.032648, 0.028267, 0.024732, 0.021979, 0.019958, 0.018632, 0.017976
0.018854, 0.019542, 0.020933, 0.023052, 0.025939, 0.029647, 0.034241, 0.039798, 0.046407, 0.054167, 0.063186, 0.073582, 0.085477, 0.099001, 0.114286, 0.131463, 0.150662, 0.172009, 0.195620, 0.221601, 0.250040, 0.281008, 0.314553, 0.350695, 0.389424, 0.430698, 0.474434, 0.520515, 0.568778, 0.619019, 0.670992, 0.724405, 0.778926, 0.834183, 0.889768, 0.945241, 1.000133, 1.053957, 1.106209, 1.156381, 1.203966, 1.248465, 1.289399, 1.326317, 1.358801, 1.386479, 1.409027, 1.426178, 1.437728, 1.443538, 1.443538, 1.437729, 1.426179, 1.409028, 1.386480, 1.358803, 1.326319, 1.289401, 1.248467, 1.203969, 1.156384, 1.106212, 1.053960, 1.000136, 0.945244, 0.889772, 0.834187, 0.778929, 0.724408, 0.670995, 0.619022, 0.568781, 0.520518, 0.474437, 0.430700, 0.389427, 0.350697, 0.314555, 0.281010, 0.250042, 0.221603, 0.195622, 0.172010, 0.150663, 0.131464, 0.114287, 0.099002, 0.085478, 0.073582, 0.063187, 0.054168, 0.046408, 0.039799, 0.034241, 0.029647, 0.025939, 0.023052, 0.020933, 0.019542, 0.018854
0.019683, 0.020402, 0.021853, 0.024066, 0.027080, 0.030951, 0.035747, 0.041549, 0.048448, 0.056549, 0.065965, 0.076818, 0.089236, 0.103355, 0.119311, 0.137243, 0.157287, 0.179572, 0.204222, 0.231344, 0.261034, 0.293364, 0.328383, 0.366114, 0.406545, 0.449633, 0.495292, 0.543398, 0.593783, 0.646232, 0.700489, 0.756250, 0.813167, 0.870853, 0.928881, 0.986792, 1.044096, 1.100286, 1.154835, 1.207212, 1.256888, 1.303343, 1.346076, 1.384616, 1.418528, 1.447422, 1.470961, 1.488866, 1.500924, 1.506989, 1.506989, 1.500924, 1.488867, 1.470962, 1.447424, 1.418530, 1.384618, 1.346078, 1.303345, 1.256891, 1.207215, 1.154838, 1.100289, 1.044100, 0.986795, 0.928885, 0.870857, 0.813171, 0.756253, 0.700493, 0.646236, 0.593786, 0.543401, 0.495295, 0.449636, 0.406548, 0.366116, 0.328385, 0.293366, 0.261036, 0.231346, 0.204223, 0.179574, 0.157288, 0.137244, 0.119312, 0.103356, 0.089237, 0.076818, 0.065966, 0.056550, 0.048449, 0.041549, 0.035747, 0.030951, 0.027080, 0.024066, 0.021854, 0.020402, 0.019683
0.020454, 0.021201, 0.022710, 0.025008, 0.028141, 0.032163, 0.037147, 0.043176, 0.050346, 0.058764, 0.068549, 0.079826, 0.092731, 0.107403, 0.123984, 0.142618, 0.163446, 0.186604, 0.212219, 0.240403, 0.271255, 0.304851, 0.341241, 0.380449, 0.422463, 0.467237, 0.514684, 0.564673, 0.617030, 0.671532, 0.727913, 0.785856, 0.845002, 0.904945, 0.965245, 1.025422, 1.084969, 1.143358, 1.200042, 1.254470, 1.306090, 1.354362, 1.398768, 1.438817, 1.474056, 1.504081, 1.528541, 1.547147, 1.559677, 1.565980, 1.565980, 1.559677, 1.547148, 1.528543, 1.504083, 1.474058, 1.438819, 1.398771, 1.354365, 1.306092, 1.254473, 1.200046, 1.143362, 1.084973, 1.025425, 0.965248, 0.904949, 0.845005, 0.785860, 0.727917, 0.671536, 0.617033, 0.564676, 0.514687, 0.467240, 0.422466, 0.380451, 0.341243, 0.304853, 0.271257, 0.240405, 0.212220, 0.186606, 0.163447, 0.142619, 0.123985, 0.107404, 0.092732, 0.079827, 0.068549, 0.058765, 0.050347, 0.043177, 0.037148, 0.032164, 0.028141, 0.025009, 0.022710, 0.021201, 0.020454
0.021158, 0.021930, 0.023491, 0.025868, 0.029108, 0.033269, 0.038425, 0.044661, 0.052077, 0.060785, 0.070905, 0.082570, 0.095918, 0.111094, 0.128245, 0.147519, 0.169063, 0.193017, 0.219512, 0.248665, 0.280577, 0.315326, 0.352967, 0.393522, 0.436980, 0.483292, 0.532368, 0.584075, 0.638230, 0.694605, 0.752922, 0.812856, 0.874032, 0.936035, 0.998406, 1.060650, 1.122243, 1.182637, 1.241268, 1.297565, 1.350958, 1.400889, 1.446820, 1.488244, 1.524694, 1.555750, 1.581050, 1.600295, 1.613255, 1.619775, 1.619775, 1.613256, 1.600296, 1.581051, 1.555752, 1.524696, 1.488246, 1.446822, 1.400892, 1.350961, 1.297568, 1.241272, 1.182641, 1.122247, 1.060653, 0.998409, 0.936039, 0.874036, 0.812859, 0.752926, 0.694609, 0.638233, 0.584078, 0.532371, 0.483295, 0.436982, 0.393524, 0.352969, 0.315329, 0.280579, 0.248667, 0.219514, 0.193019, 0.169065, 0.147521, 0.128246, 0.111095, 0.095919, 0.082571, 0.070906, 0.060785, 0.052077, 0.044661, 0.038425, 0.033270, 0.029109, 0.025869, 0.023491, 0.021930, 0.021158
0.021784, 0.022580, 0.024186, 0.026634, 0.029970, 0.034254, 0.039562, 0.045983, 0.053619, 0.062584, 0.073004, 0.085014, 0.098757, 0.114382, 0.132040, 0.151885, 0.174067, 0.198729, 0.226008, 0.256023, 0.288879, 0.324657, 0.363411, 0.405165, 0.449909, 0.497591, 0.548119, 0.601355, 0.657111, 0.715154, 0.775196, 0.836902, 0.899888, 0.963724, 1.027940, 1.092024, 1.155439, 1.217620, 1.277985, 1.335947, 1.390919, 1.442326, 1.489615, 1.532265, 1.569792, 1.601767, 1.627815, 1.647630, 1.660973, 1.667685, 1.667686, 1.660973, 1.647631, 1.627817, 1.601769, 1.569795, 1.532267, 1.489618, 1.442329, 1.390922, 1.335950, 1.277989, 1.217623, 1.155443, 1.092028, 1.027943, 0.963728, 0.899892, 0.836906, 0.775200, 0.715158, 0.657115, 0.601358, 0.548122, 0.497594, 0.449911, 0.405168, 0.363413, 0.324659, 0.288881, 0.256025, 0.226010, 0.198731, 0.174068, 0.151886, 0.132041, 0.114383, 0.098758, 0.085015, 0.073005, 0.062584, 0.053619, 0.045983, 0.039563, 0.034255, 0.029970, 0.026635, 0.024186, 0.022580, 0.021784
0.022326, 0.023141, 0.024788, 0.027297, 0.030715, 0.035106, 0.040546, 0.047126, 0.054951, 0.064139, 0.074818, 0.087126, 0.101211, 0.117223, 0.135320, 0.155658, 0.178390, 0.203665, 0.231621, 0.262382, 0.296053, 0.332719, 0.372436, 0.415226, 0.461081, 0.509946, 0.561729, 0.616286, 0.673427, 0.732910, 0.794443, 0.857680, 0.922230, 0.987650, 1.053459, 1.119135, 1.184124, 1.247847, 1.309711, 1.369111, 1.425447, 1.478131, 1.526594, 1.570301, 1.608760, 1.641529, 1.668223, 1.688529, 1.702204, 1.709082, 1.709083, 1.702204, 1.688530, 1.668225, 1.641531, 1.608763, 1.570304, 1.526597, 1.478134, 1.425451, 1.369115, 1.309714, 1.247851, 1.184127, 1.119139, 1.053463, 0.987654, 0.922234, 0.857684, 0.794447, 0.732914, 0.673431, 0.616289, 0.561732, 0.509950, 0.461084, 0.415229, 0.372438, 0.332722, 0.296056, 0.262384, 0.231623, 0.203667, 0.178392, 0.155659, 0.135321, 0.117224, 0.101212, 0.087127, 0.074819, 0.064140, 0.054952, 0.047126, 0.040546, 0.035106, 0.030715, 0.027297, 0.024788, 0.023141, 0.022326
0.022775, 0.023607, 0.025286, 0.027846, 0.031333, 0.035812, 0.041361, 0.048074, 0.056056, 0.065429, 0.076322, 0.088878, 0.103246, 0.119580, 0.138041, 0.158787, 0.181976, 0.207759, 0.236277, 0.267655, 0.302004, 0.339406, 0.379920, 0.423571, 0.470346, 0.520193, 0.573016, 0.628669, 0.686958, 0.747636, 0.810404, 0.874912, 0.940757, 1.007492, 1.074623, 1.141618, 1.207911, 1.272915, 1.336021, 1.396614, 1.454082, 1.507823, 1.557259, 1.601845, 1.641076, 1.674502, 1.701733, 1.722447, 1.736396, 1.743413, 1.743414, 1.736397, 1.722448, 1.701735, 1.674504, 1.641078, 1.601848, 1.557262, 1.507826, 1.454085, 1.396618, 1.336024, 1.272919, 1.207915, 1.141621, 1.074626, 1.007496, 0.940762, 0.874916, 0.810408, 0.747640, 0.686962, 0.628673, 0.573019, 0.520196, 0.470349, 0.423574, 0.379923, 0.339409, 0.302006, 0.267657, 0.236279, 0.207761, 0.181978, 0.158789, 0.138042, 0.119581, 0.103247, 0.088879, 0.076323, 0.065429, 0.056057, 0.048074, 0.041361, 0.035812, 0.031333, 0.027846, 0.025286, 0.023607, 0.022775
0.023126, 0.023970, 0.025676, 0.028275, 0.031816, 0.036363, 0.041998, 0.048814, 0.056919, 0.066436, 0.077497, 0.090246, 0.104834, 0.121420, 0.140165, 0.161230, 0.184776, 0.210955, 0.239911, 0.271772, 0.306648, 0.344626, 0.385763, 0.430084, 0.477578, 0.528192, 0.581826, 0.638335, 0.697519, 0.759130, 0.822863, 0.888362, 0.955219, 1.022979, 1.091141, 1.159166, 1.226478, 1.292481, 1.356556, 1.418081, 1.476432, 1.530999, 1.581195, 1.626465, 1.666299, 1.700239, 1.727889, 1.748921, 1.763085, 1.770209, 1.770209, 1.763085, 1.748922, 1.727890, 1.700241, 1.666302, 1.626468, 1.581198, 1.531002, 1.476435, 1.418084, 1.356560, 1.292485, 1.226482, 1.159170, 1.091145, 1.022983, 0.955223, 0.888366, 0.822867, 0.759134, 0.697523, 0.638338, 0.581830, 0.528195, 0.477581, 0.430087, 0.385765, 0.344628, 0.306651, 0.271774, 0.239913, 0.210957, 0.184777, 0.161232, 0.140166, 0.121421, 0.104835, 0.090247, 0.077498, 0.066437, 0.056920, 0.048814, 0.041998, 0.036364, 0.031816, 0.028275, 0.025676, 0.023971, 0.023126
0.023374, 0.024227, 0.025951, 0.028577, 0.032156, 0.036752, 0.042447, 0.049336, 0.057528, 0.067146, 0.078326, 0.091211, 0.105955, 0.122718, 0.141662, 0.162953, 0.186750, 0.213209, 0.242474, 0.274675, 0.309923, 0.348306, 0.389882, 0.434676, 0.482677, 0.533831, 0.588038, 0.645149, 0.704965, 0.767233, 0.831646, 0.897844, 0.965415, 1.033897, 1.102786, 1.171537, 1.239568, 1.306276, 1.371034, 1.433216, 1.492188, 1.547339, 1.598072, 1.643825, 1.684083, 1.718384, 1.746329, 1.767585, 1.781899, 1.789100, 1.789100, 1.781900, 1.767586, 1.746330, 1.718386, 1.684085, 1.643828, 1.598075, 1.547343, 1.492192, 1.433220, 1.371038, 1.306280, 1.239572, 1.171541, 1.102790, 1.033902, 0.965419, 0.897848, 0.831650, 0.767237, 0.704969, 0.645153, 0.588042, 0.533834, 0.482680, 0.434679, 0.389885, 0.348309, 0.309926, 0.274677, 0.242476, 0.213211, 0.186752, 0.162954, 0.141664, 0.122719, 0.105956, 0.091211, 0.078326, 0.067147, 0.057528, 0.049336, 0.042448, 0.036753, 0.032156, 0.028577, 0.025951, 0.024227, 0.023374
0.023514, 0.024373, 0.026107, 0.028749, 0.032350, 0.036974, 0.042702, 0.049632, 0.057874, 0.067550, 0.078796, 0.091758, 0.106591, 0.123455, 0.142513, 0.163931, 0.187871, 0.214488, 0.243929, 0.276323, 0.311783, 0.350395, 0.392220, 0.437283, 0.485571, 0.537031, 0.591562, 0.649016, 0.709190, 0.771831, 0.836630, 0.903225, 0.971200, 1.040093, 1.109394, 1.178558, 1.246998, 1.314105, 1.379253, 1.441805, 1.501131, 1.556610, 1.607644, 1.653670, 1.694170, 1.728676, 1.756786, 1.778170, 1.792569, 1.799813, 1.799813, 1.792570, 1.778171, 1.756788, 1.728678, 1.694172, 1.653673, 1.607647, 1.556613, 1.501134, 1.441809, 1.379257, 1.314109, 1.247002, 1.178563, 1.109398, 1.040097, 0.971204, 0.903229, 0.836634, 0.771835, 0.709194, 0.649020, 0.591566, 0.537034, 0.485574, 0.437286, 0.392223, 0.350398, 0.311785, 0.276325, 0.243931, 0.214490, 0.187873, 0.163933, 0.142514, 0.123456, 0.106592, 0.091759, 0.078797, 0.067550, 0.057874, 0.049633, 0.042703, 0.036974, 0.032350, 0.028749, 0.026107, 0.024373, 0.023514
0.023546, 0.024406, 0.026142, 0.028788, 0.032393, 0.037024, 0.042760, 0.049699, 0.057951, 0.067641, 0.078902, 0.091882, 0.106734, 0.123620, 0.142704, 0.164151, 0.188123, 0.214776, 0.244255, 0.276692, 0.312199, 0.350863, 0.392743, 0.437866, 0.486218, 0.537746, 0.592350, 0.649880, 0.710134, 0.772859, 0.837744, 0.904427, 0.972493, 1.041479, 1.110874, 1.180129, 1.248659, 1.315853, 1.381085, 1.443720, 1.503123, 1.558675, 1.609776, 1.655863, 1.696415, 1.730967, 1.759115, 1.780526, 1.794945, 1.802198, 1.802198, 1.794945, 1.780527, 1.759117, 1.730969, 1.696418, 1.655865, 1.609779, 1.558678, 1.503127, 1.443723, 1.381089, 1.315857, 1.248663, 1.180133, 1.110878, 1.041483, 0.972498, 0.904431, 0.837748, 0.772863, 0.710138, 0.649884, 0.592354, 0.537750, 0.486222, 0.437869, 0.392746, 0.350866, 0.312201, 0.276694, 0.244257, 0.214777, 0.188124, 0.164152, 0.142705, 0.123621, 0.106735, 0.091882, 0.078903, 0.067641, 0.057952, 0.049700, 0.042761, 0.037024, 0.032394, 0.028788, 0.026142, 0.024406, 0.023546
0.023469, 0.024326, 0.026056, 0.028693, 0.032287, 0.036902, 0.042619, 0.049535, 0.057760, 0.067417, 0.078641, 0.091578, 0.106382, 0.123212, 0.142233, 0.163608, 0.187501, 0.214065, 0.243447, 0.275777, 0.311166, 0.349702, 0.391443, 0.436416, 0.484608, 0.535965, 0.590388, 0.647727, 0.707782, 0.770299, 0.834970, 0.901433, 0.969274, 1.038031, 1.107195, 1.176218, 1.244519, 1.311489, 1.376504, 1.438930, 1.498136, 1.553502, 1.604434, 1.650367, 1.690784, 1.725221, 1.753275, 1.774615, 1.788986, 1.796215, 1.796215, 1.788987, 1.774616, 1.753277, 1.725223, 1.690787, 1.650370, 1.604437, 1.553505, 1.498139, 1.438934, 1.376508, 1.311493, 1.244523, 1.176222, 1.107199, 1.038035, 0.969278, 0.901438, 0.834974, 0.770303, 0.707786, 0.647731, 0.590391, 0.535968, 0.484611, 0.436419, 0.391446, 0.349704, 0.311168, 0.275779, 0.243449, 0.214067, 0.187502, 0.163610, 0.142234, 0.123213, 0.106383, 0.091579, 0.078642, 0.067418, 0.057761, 0.049536, 0.042620, 0.036902, 0.032287, 0.028694, 0.026056, 0.024326, 0.023469
0.023283, 0.024133, 0.025850, 0.028466, 0.032031, 0.036609, 0.042282, 0.049143, 0.057303, 0.066883, 0.078018, 0.090852, 0.105539, 0.122235, 0.141105, 0.162311, 0.186014, 0.212367, 0.241516, 0.273589, 0.308697, 0.346927, 0.388337, 0.432952, 0.480762, 0.531711, 0.585701, 0.642585, 0.702164, 0.764186, 0.828342, 0.894277, 0.961578, 1.029788, 1.098402, 1.166877, 1.234634, 1.301071, 1.365569, 1.427499, 1.486234, 1.541160, 1.591686, 1.637254, 1.677350, 1.711513, 1.739344, 1.760514, 1.774770, 1.781942, 1.781942, 1.774771, 1.760515, 1.739345, 1.711515, 1.677352, 1.637257, 1.591689, 1.541163, 1.486237, 1.427503, 1.365573, 1.301075, 1.234638, 1.166881, 1.098406, 1.029793, 0.961582, 0.894281, 0.828346, 0.764190, 0.702168, 0.642589, 0.585704, 0.531714, 0.480765, 0.432955, 0.388340, 0.346929, 0.308699, 0.273591, 0.241518, 0.212369, 0.186015, 0.162312, 0.141106, 0.122236, 0.105539, 0.090853, 0.078019, 0.066884, 0.057303, 0.049143, 0.042282, 0.036610, 0.032031, 0.028466, 0.025850, 0.024133, 0.023283
0.022992, 0.023831, 0.025526, 0.028110, 0.031630, 0.036151, 0.041752, 0.048527, 0.056584, 0.066045, 0.077040, 0.089714, 0.104216, 0.120703, 0.139336, 0.160276, 0.183681, 0.209704, 0.238487, 0.270158, 0.304825, 0.342575, 0.383465, 0.427521, 0.474731, 0.525041, 0.578355, 0.634527, 0.693358, 0.754599, 0.817950, 0.883056, 0.949512, 1.016865, 1.084618, 1.152232, 1.219138, 1.284741, 1.348429, 1.409580, 1.467578, 1.521814, 1.571705, 1.616701, 1.656293, 1.690027, 1.717508, 1.738412, 1.752490, 1.759571, 1.759571, 1.752491, 1.738414, 1.717510, 1.690029, 1.656296, 1.616704, 1.571708, 1.521817, 1.467581, 1.409584, 1.348433, 1.284745, 1.219142, 1.152236, 1.084622, 1.016870, 0.949516, 0.883060, 0.817953, 0.754603, 0.693361, 0.634531, 0.578359, 0.525044, 0.474734, 0.427524, 0.383468, 0.342578, 0.304827, 0.270160, 0.238489, 0.209706, 0.183683, 0.160277, 0.139337, 0.120704, 0.104217, 0.089714, 0.077041, 0.066045, 0.056585, 0.048528, 0.041752, 0.036151, 0.031630, 0.028110, 0.025526, 0.023831, 0.022992
0.022598, 0.023423, 0.025090, 0.027629, 0.031089, 0.035532, 0.041037, 0.047696, 0.055616, 0.064914, 0.075721, 0.088177, 0.102431, 0.118636, 0.136950, 0.157531, 0.180535, 0.206112, 0.234402, 0.265530, 0.299603, 0.336706, 0.376896, 0.420197, 0.466597, 0.516046, 0.568446, 0.623654, 0.681477, 0.741668, 0.803933, 0.867922, 0.933239, 0.999437, 1.066028, 1.132482, 1.198241, 1.262719, 1.325315, 1.385417, 1.442420, 1.495726, 1.544762, 1.588986, 1.627899, 1.661054, 1.688064, 1.708610, 1.722446, 1.729406, 1.729406, 1.722447, 1.708611, 1.688066, 1.661056, 1.627901, 1.588988, 1.544765, 1.495729, 1.442423, 1.385421, 1.325319, 1.262723, 1.198245, 1.132486, 1.066031, 0.999441, 0.933243, 0.867926, 0.803937, 0.741672, 0.681481, 0.623658, 0.568450, 0.516049, 0.466600, 0.420199, 0.376898, 0.336708, 0.299605, 0.265532, 0.234404, 0.206114, 0.180537, 0.157532, 0.136951, 0.118637, 0.102432, 0.088178, 0.075722, 0.064915, 0.055616, 0.047697, 0.041037, 0.035532, 0.031089, 0.027629, 0.025090, 0.023423, 0.022598
0.022108, 0.022915, 0.024545, 0.027030, 0.030414, 0.034761, 0.040147, 0.046662, 0.054409, 0.063506, 0.074078, 0.086264, 0.100209, 0.116062, 0.133978, 0.154113, 0.176618, 0.201640, 0.229315, 0.259767, 0.293101, 0.329398, 0.368715, 0.411077, 0.456471, 0.504847, 0.556110, 0.610119, 0.666685, 0.725568, 0.786480, 0.849080, 0.912978, 0.977738, 1.042882, 1.107894, 1.172224, 1.235302, 1.296538, 1.355336, 1.411100, 1.463248, 1.511219, 1.554482, 1.592550, 1.624985, 1.651409, 1.671508, 1.685044, 1.691852, 1.691853, 1.685044, 1.671509, 1.651410, 1.624987, 1.592552, 1.554485, 1.511222, 1.463251, 1.411103, 1.355339, 1.296542, 1.235306, 1.172228, 1.107898, 1.042886, 0.977742, 0.912982, 0.849084, 0.786484, 0.725572, 0.666688, 0.610122, 0.556113, 0.504850, 0.456474, 0.411079, 0.368718, 0.329401, 0.293103, 0.259769, 0.229317, 0.201641, 0.176619, 0.154114, 0.133979, 0.116063, 0.100210, 0.086265, 0.074079, 0.063506, 0.054410, 0.046662, 0.040147, 0.034762, 0.030415, 0.027030, 0.024546, 0.022915, 0.022108
0.021528, 0.022314, 0.023901, 0.026320, 0.029616, 0.033849, 0.039093, 0.045437, 0.052981, 0.061839, 0.072134, 0.084000, 0.097578, 0.113015, 0.130461, 0.150067, 0.171981, 0.196346, 0.223294, 0.252947, 0.285405, 0.320749, 0.359034, 0.400283, 0.444486, 0.491591, 0.541507, 0.594098, 0.649177, 0.706514, 0.765826, 0.826781, 0.889000, 0.952059, 1.015491, 1.078795, 1.141436, 1.202856, 1.262483, 1.319736, 1.374036, 1.424814, 1.471524, 1.513651, 1.550719, 1.582301, 1.608030, 1.627602, 1.640782, 1.647411, 1.647412, 1.640782, 1.627603, 1.608032, 1.582303, 1.550721, 1.513653, 1.471527, 1.424817, 1.374039, 1.319739, 1.262487, 1.202860, 1.141440, 1.078799, 1.015495, 0.952063, 0.889004, 0.826785, 0.765830, 0.706518, 0.649181, 0.594101, 0.541511, 0.491594, 0.444488, 0.400286, 0.359037, 0.320752, 0.285407, 0.252949, 0.223296, 0.196347, 0.171982, 0.150068, 0.130462, 0.113016, 0.097579, 0.084001, 0.072135, 0.061840, 0.052982, 0.045438, 0.039094, 0.033849, 0.029616, 0.026320, 0.023902, 0.022314, 0.021528
0.020866, 0.021627, 0.023166, 0.025510, 0.028705, 0.032807, 0.037890, 0.044039, 0.051351, 0.059936, 0.069914, 0.081414, 0.094574, 0.109536, 0.126445, 0.145447, 0.166686, 0.190301, 0.216419, 0.245159, 0.276617, 0.310873, 0.347979, 0.387958, 0.430799, 0.476454, 0.524832, 0.575803, 0.629186, 0.684756, 0.742241, 0.801318, 0.861621, 0.922737, 0.984215, 1.045568, 1.106280, 1.165808, 1.223598, 1.279087, 1.331713, 1.380927, 1.426199, 1.467028, 1.502953, 1.533563, 1.558499, 1.577468, 1.590241, 1.596667, 1.596667, 1.590242, 1.577469, 1.558501, 1.533565, 1.502955, 1.467030, 1.426201, 1.380930, 1.331717, 1.279090, 1.223601, 1.165812, 1.106284, 1.045572, 0.984219, 0.922740, 0.861624, 0.801322, 0.742245, 0.684760, 0.629189, 0.575806, 0.524835, 0.476457, 0.430802, 0.387960, 0.347982, 0.310875, 0.276619, 0.245160, 0.216421, 0.190302, 0.166687, 0.145448, 0.126446, 0.109537, 0.094575, 0.081415, 0.069914, 0.059936, 0.051351, 0.044039, 0.037891, 0.032808, 0.028705, 0.025510, 0.023166, 0.021628, 0.020866
0.020129, 0.020864, 0.022348, 0.024610, 0.027692, 0.031649, 0.036553, 0.042484, 0.049538, 0.057820, 0.067446, 0.078541, 0.091236, 0.105669, 0.121981, 0.140312, 0.160801, 0.183582, 0.208779, 0.236503, 0.266850, 0.299897, 0.335693, 0.374260, 0.415588, 0.459630, 0.506300, 0.555470, 0.606968, 0.660575, 0.716030, 0.773020, 0.831193, 0.890150, 0.949457, 1.008643, 1.067209, 1.124635, 1.180384, 1.233913, 1.284680, 1.332156, 1.375828, 1.415215, 1.449871, 1.479400, 1.503455, 1.521753, 1.534076, 1.540275, 1.540275, 1.534076, 1.521754, 1.503457, 1.479401, 1.449873, 1.415217, 1.375830, 1.332159, 1.284683, 1.233916, 1.180387, 1.124639, 1.067213, 1.008646, 0.949460, 0.890154, 0.831196, 0.773024, 0.716033, 0.660579, 0.606971, 0.555473, 0.506303, 0.459633, 0.415591, 0.374262, 0.335695, 0.299899, 0.266852, 0.236505, 0.208780, 0.183583, 0.160803, 0.140313, 0.121982, 0.105670, 0.091237, 0.078541, 0.067447, 0.057821, 0.049539, 0.042485, 0.036553, 0.031650, 0.027692, 0.024610, 0.022348, 0.020864, 0.020129
0.019328, 0.020034, 0.021459, 0.023631, 0.026590, 0.030390, 0.035098, 0.040794, 0.047567, 0.055519, 0.064762, 0.075415, 0.087605, 0.101464, 0.117126, 0.134727, 0.154401, 0.176275, 0.200468, 0.227089, 0.256228, 0.287959, 0.322330, 0.359361, 0.399044, 0.441333, 0.486144, 0.533356, 0.582803, 0.634277, 0.687523, 0.742244, 0.798100, 0.854710, 0.911655, 0.968484, 1.024718, 1.079857, 1.133387, 1.184784, 1.233530, 1.279115, 1.321048, 1.358866, 1.392142, 1.420495, 1.443592, 1.461162, 1.472993, 1.478945, 1.478945, 1.472994, 1.461163, 1.443594, 1.420496, 1.392144, 1.358868, 1.321050, 1.279117, 1.233533, 1.184787, 1.133390, 1.079861, 1.024722, 0.968487, 0.911658, 0.854713, 0.798104, 0.742248, 0.687526, 0.634280, 0.582807, 0.533359, 0.486147, 0.441335, 0.399047, 0.359363, 0.322332, 0.287961, 0.256230, 0.227091, 0.200470, 0.176276, 0.154402, 0.134729, 0.117127, 0.101464, 0.087606, 0.075415, 0.064762, 0.055519, 0.047567, 0.040794, 0.035099, 0.030390, 0.026590, 0.023631, 0.021459, 0.020034, 0.019328
0.018473, 0.019147, 0.020509, 0.022585, 0.025413, 0.029045, 0.033544, 0.038988, 0.045461, 0.053061, 0.061894, 0.072076, 0.083726, 0.096971, 0.111939, 0.128761, 0.147564, 0.168469, 0.191591, 0.217032, 0.244881, 0.275206, 0.308054, 0.343446, 0.381371, 0.421786, 0.464613, 0.509733, 0.556990, 0.606183, 0.657071, 0.709368, 0.762749, 0.816851, 0.871273, 0.925585, 0.979328, 1.032025, 1.083183, 1.132303, 1.178889, 1.222454, 1.262530, 1.298672, 1.330475, 1.357571, 1.379645, 1.396436, 1.407744, 1.413432, 1.413432, 1.407745, 1.396437, 1.379647, 1.357573, 1.330477, 1.298674, 1.262532, 1.222457, 1.178892, 1.132306, 1.083186, 1.032028, 0.979332, 0.925588, 0.871277, 0.816855, 0.762753, 0.709371, 0.657074, 0.606187, 0.556993, 0.509736, 0.464615, 0.421789, 0.381373, 0.343448, 0.308056, 0.275208, 0.244883, 0.217034, 0.191592, 0.168470, 0.147565, 0.128762, 0.111940, 0.096972, 0.083726, 0.072076, 0.061895, 0.053061, 0.045461, 0.038988, 0.033545, 0.029045, 0.025413, 0.022585, 0.020509, 0.019147, 0.018473
0.017573, 0.018214, 0.019510, 0.021484, 0.024174, 0.027629, 0.031910, 0.037087, 0.043245, 0.050475, 0.058878, 0.068562, 0.079645, 0.092244, 0.106483, 0.122485, 0.140371, 0.160257, 0.182251, 0.206453, 0.232944, 0.261790, 0.293037, 0.326702, 0.362779, 0.401223, 0.441962, 0.484882, 0.529835, 0.576630, 0.625036, 0.674783, 0.725561, 0.777025, 0.828793, 0.880456, 0.931579, 0.981706, 1.030369, 1.077094, 1.121409, 1.162849, 1.200970, 1.235350, 1.265602, 1.291377, 1.312375, 1.328347, 1.339104, 1.344514, 1.344515, 1.339104, 1.328348, 1.312376, 1.291379, 1.265604, 1.235353, 1.200973, 1.162852, 1.121411, 1.077097, 1.030372, 0.981709, 0.931582, 0.880460, 0.828797, 0.777028, 0.725565, 0.674786, 0.625039, 0.576633, 0.529838, 0.484885, 0.441964, 0.401226, 0.362781, 0.326705, 0.293039, 0.261792, 0.232946, 0.206454, 0.182253, 0.160258, 0.140372, 0.122486, 0.106484, 0.092245, 0.079645, 0.068563, 0.058878, 0.050475, 0.043245, 0.037088, 0.031910, 0.027629, 0.024174, 0.021484, 0.019510, 0.018214, 0.017573
0.016638, 0.017246, 0.018472, 0.020342, 0.022889, 0.026160, 0.030213, 0.035115, 0.040945, 0.047790, 0.055746, 0.064916, 0.075409, 0.087338, 0.100820, 0.115970, 0.132904, 0.151733, 0.172557, 0.195471, 0.220553, 0.247865, 0.277449, 0.309324, 0.343481, 0.379880, 0.418451, 0.459088, 0.501649, 0.545954, 0.591785, 0.638885, 0.686962, 0.735687, 0.784701, 0.833616, 0.882018, 0.929478, 0.975551, 1.019790, 1.061747, 1.100983, 1.137076, 1.169627, 1.198269, 1.222672, 1.242553, 1.257675, 1.267859, 1.272982, 1.272982, 1.267860, 1.257676, 1.242554, 1.222674, 1.198270, 1.169629, 1.137078, 1.100985, 1.061750, 1.019793, 0.975554, 0.929481, 0.882021, 0.833619, 0.784704, 0.735690, 0.686965, 0.638888, 0.591788, 0.545957, 0.501652, 0.459090, 0.418453, 0.379882, 0.343483, 0.309326, 0.277451, 0.247867, 0.220555, 0.195473, 0.172559, 0.151734, 0.132906, 0.115971, 0.100820, 0.087339, 0.075409, 0.064917, 0.055747, 0.047791, 0.040946, 0.035115, 0.030213, 0.026160, 0.022889, 0.020342, 0.018472, 0.017246, 0.016638
0.015680, 0.016252, 0.017408, 0.019170, 0.021570, 0.024653, 0.028472, 0.033092, 0.038586, 0.045037, 0.052535, 0.061176, 0.071064, 0.082306, 0.095011, 0.109289, 0.125247, 0.142990, 0.162615, 0.184209, 0.207845, 0.233583, 0.261463, 0.291500, 0.323689, 0.357991, 0.394338, 0.432634, 0.472742, 0.514494, 0.557683, 0.602069, 0.647375, 0.693292, 0.739482, 0.785577, 0.831190, 0.875914, 0.919333, 0.961022, 1.000560, 1.037535, 1.071548, 1.102222, 1.129214, 1.152211, 1.170945, 1.185197, 1.194793, 1.199621, 1.199621, 1.194794, 1.185198, 1.170946, 1.152212, 1.129216, 1.102224, 1.071550, 1.037537, 1.000563, 0.961024, 0.919335, 0.875917, 0.831193, 0.785580, 0.739485, 0.693295, 0.647378, 0.602072, 0.557686, 0.514497, 0.472745, 0.432636, 0.394341, 0.357993, 0.323691, 0.291502, 0.261464, 0.233585, 0.207847, 0.184210, 0.162616, 0.142991, 0.125248, 0.109290, 0.095012, 0.082307, 0.071065, 0.061177, 0.052535, 0.045038, 0.038587, 0.033093, 0.028473, 0.024653, 0.021570, 0.019170, 0.017408, 0.016252, 0.015680
0.014708, 0.015244, 0.016329, 0.017981, 0.020233, 0.023124, 0.026707, 0.031040, 0.036193, 0.042244, 0.049277, 0.057382, 0.066657, 0.077201, 0.089118, 0.102510, 0.117479, 0.134121, 0.152529, 0.172783, 0.194953, 0.219095, 0.245245, 0.273419, 0.303611, 0.335784, 0.369877, 0.405797, 0.443417, 0.482578, 0.523089, 0.564722, 0.607216, 0.650284, 0.693608, 0.736844, 0.779627, 0.821577, 0.862301, 0.901404, 0.938489, 0.973170, 1.005072, 1.033844, 1.059161, 1.080731, 1.098304, 1.111670, 1.120672, 1.125200, 1.125200, 1.120673, 1.111671, 1.098305, 1.080733, 1.059162, 1.033846, 1.005074, 0.973172, 0.938492, 0.901406, 0.862304, 0.821579, 0.779630, 0.736847, 0.693611, 0.650287, 0.607219, 0.564724, 0.523091, 0.482581, 0.443419, 0.405799, 0.369880, 0.335786, 0.303613, 0.273421, 0.245246, 0.219096, 0.194955, 0.172784, 0.152530, 0.134123, 0.117480, 0.102511, 0.089119, 0.077202, 0.066657, 0.057383, 0.049277, 0.042244, 0.036194, 0.031040, 0.026707, 0.023124, 0.020233, 0.017981, 0.016329, 0.015245, 0.014708
0.013731, 0.014232, 0.015245, 0.016787, 0.018889, 0.021589, 0.024933, 0.028979, 0.033790, 0.039439, 0.046004, 0.053571, 0.062230, 0.072074, 0.083200, 0.095702, 0.109677, 0.125214, 0.142399, 0.161307, 0.182005, 0.204543, 0.228956, 0.255259, 0.283444, 0.313482, 0.345310, 0.378843, 0.413964, 0.450524, 0.488344, 0.527210, 0.566883, 0.607090, 0.647536, 0.687900, 0.727840, 0.767003, 0.805022, 0.841527, 0.876149, 0.908526, 0.938309, 0.965170, 0.988805, 1.008942, 1.025347, 1.037826, 1.046229, 1.050457, 1.050457, 1.046230, 1.037826, 1.025348, 1.008943, 0.988806, 0.965171, 0.938311, 0.908528, 0.876152, 0.841530, 0.805025, 0.767006, 0.727843, 0.687902, 0.647539, 0.607093, 0.566885, 0.527213, 0.488346, 0.450527, 0.413967, 0.378845, 0.345312, 0.313484, 0.283446, 0.255260, 0.228958, 0.204545, 0.182007, 0.161309, 0.142400, 0.125215, 0.109678, 0.095703, 0.083200, 0.072075, 0.062231, 0.053572, 0.046005, 0.039439, 0.033790, 0.028979, 0.024933, 0.021589, 0.018889, 0.016787, 0.015245, 0.014232, 0.013731
0.012759, 0.013225, 0.014166, 0.015599, 0.017552, 0.020061, 0.023168, 0.026928, 0.031398, 0.036647, 0.042748, 0.049779, 0.057825, 0.066973, 0.077310, 0.088928, 0.101913, 0.116350, 0.132319, 0.149889, 0.169121, 0.190064, 0.212748, 0.237189, 0.263378, 0.291289, 0.320864, 0.352023, 0.384658, 0.418630, 0.453771, 0.489886, 0.526750, 0.564111, 0.601693, 0.639199, 0.676312, 0.712702, 0.748029, 0.781950, 0.814120, 0.844204, 0.871879, 0.896837, 0.918799, 0.937510, 0.952754, 0.964349, 0.972158, 0.976086, 0.976086, 0.972158, 0.964350, 0.952755, 0.937512, 0.918800, 0.896839, 0.871880, 0.844206, 0.814122, 0.781952, 0.748031, 0.712704, 0.676314, 0.639201, 0.601695, 0.564113, 0.526752, 0.489889, 0.453774, 0.418632, 0.384660, 0.352025, 0.320866, 0.291290, 0.263380, 0.237190, 0.212750, 0.190065, 0.169123, 0.149890, 0.132320, 0.116351, 0.101914, 0.088929, 0.077311, 0.066973, 0.057826, 0.049780, 0.042748, 0.036648, 0.031399, 0.026928, 0.023169, 0.020061, 0.017552, 0.015599, 0.014166, 0.013225, 0.012759
0.011801, 0.012231, 0.013101, 0.014427, 0.016234, 0.018554, 0.021428, 0.024905, 0.029039, 0.033894, 0.039536, 0.046039, 0.053480, 0.061940, 0.071501, 0.082246, 0.094255, 0.107608, 0.122376, 0.138626, 0.156413, 0.175782, 0.196761, 0.219365, 0.243586, 0.269398, 0.296751, 0.325569, 0.355751, 0.387170, 0.419671, 0.453072, 0.487165, 0.521718, 0.556476, 0.591163, 0.625486, 0.659141, 0.691814, 0.723185, 0.752937, 0.780761, 0.806355, 0.829438, 0.849749, 0.867054, 0.881152, 0.891876, 0.899097, 0.902730, 0.902730, 0.899098, 0.891876, 0.881153, 0.867055, 0.849750, 0.829439, 0.806357, 0.780762, 0.752939, 0.723187, 0.691816, 0.659143, 0.625488, 0.591165, 0.556478, 0.521720, 0.487167, 0.453074, 0.419673, 0.387172, 0.355753, 0.325571, 0.296753, 0.269400, 0.243588, 0.219366, 0.196763, 0.175783, 0.156414, 0.138627, 0.122377, 0.107609, 0.094256, 0.082247, 0.071502, 0.061941, 0.053481, 0.046040, 0.039536, 0.033894, 0.029040, 0.024905, 0.021428, 0.018554, 0.016234, 0.014427, 0.013101, 0.012232, 0.011801
0.010863, 0.011260, 0.012060, 0.013281, 0.014944, 0.017079, 0.019725, 0.022925, 0.026732, 0.031200, 0.036394, 0.042380, 0.049230, 0.057018, 0.065819, 0.075709, 0.086764, 0.099055, 0.112650, 0.127608, 0.143981, 0.161810, 0.181123, 0.201929, 0.224225, 0.247986, 0.273164, 0.299692, 0.327475, 0.356396, 0.386313, 0.417059, 0.448442, 0.480249, 0.512244, 0.544173, 0.575768, 0.606748, 0.636823, 0.665701, 0.693088, 0.718700, 0.742260, 0.763507, 0.782204, 0.798133, 0.811110, 0.820982, 0.827629, 0.830973, 0.830973, 0.827630, 0.820982, 0.811111, 0.798134, 0.782205, 0.763509, 0.742261, 0.718701, 0.693090, 0.665702, 0.636825, 0.606750, 0.575770, 0.544175, 0.512245, 0.480251, 0.448444, 0.417061, 0.386315, 0.356398, 0.327477, 0.299693, 0.273165, 0.247987, 0.224227, 0.201931, 0.181124, 0.161812, 0.143982, 0.127609, 0.112651, 0.099056, 0.086765, 0.075710, 0.065819, 0.057018, 0.049231, 0.042381, 0.036394, 0.031200, 0.026732, 0.022926, 0.019725, 0.017079, 0.014944, 0.013281, 0.012060, 0.011260, 0.010863
0.009953, 0.010316, 0.011050, 0.012168, 0.013692, 0.015648, 0.018072, 0.021005, 0.024492, 0.028586, 0.033345, 0.038829, 0.045105, 0.052240, 0.060304, 0.069365, 0.079494, 0.090755, 0.103210, 0.116915, 0.131916, 0.148251, 0.165945, 0.185008, 0.205435, 0.227204, 0.250272, 0.274576, 0.300031, 0.326529, 0.353939, 0.382108, 0.410861, 0.440002, 0.469315, 0.498569, 0.527516, 0.555899, 0.583454, 0.609911, 0.635003, 0.658468, 0.680054, 0.699520, 0.716650, 0.731244, 0.743134, 0.752178, 0.758268, 0.761332, 0.761332, 0.758268, 0.752178, 0.743134, 0.731245, 0.716651, 0.699522, 0.680055, 0.658470, 0.635005, 0.609913, 0.583456, 0.555901, 0.527518, 0.498570, 0.469317, 0.440003, 0.410863, 0.382110, 0.353940, 0.326530, 0.300033, 0.274578, 0.250273, 0.227206, 0.205437, 0.185009, 0.165946, 0.148252, 0.131917, 0.116916, 0.103211, 0.090756, 0.079494, 0.069366, 0.060304, 0.052241, 0.045106, 0.038830, 0.033345, 0.028586, 0.024492, 0.021005, 0.018072, 0.015648, 0.013692, 0.012168, 0.011050, 0.010316, 0.009953
0.009076, 0.009408, 0.010077, 0.011096, 0.012486, 0.014270, 0.016480, 0.019154, 0.022334, 0.026068, 0.030407, 0.035409, 0.041132, 0.047638, 0.054991, 0.063255, 0.072491, 0.082760, 0.094118, 0.106615, 0.120295, 0.135190, 0.151325, 0.168709, 0.187336, 0.207187, 0.228223, 0.250385, 0.273597, 0.297760, 0.322755, 0.348442, 0.374662, 0.401235, 0.427966, 0.454642, 0.481039, 0.506921, 0.532048, 0.556174, 0.579055, 0.600453, 0.620136, 0.637888, 0.653508, 0.666817, 0.677658, 0.685905, 0.691459, 0.694253, 0.694253, 0.691460, 0.685906, 0.677659, 0.666817, 0.653509, 0.637889, 0.620137, 0.600454, 0.579057, 0.556175, 0.532050, 0.506923, 0.481040, 0.454644, 0.427967, 0.401237, 0.374664, 0.348444, 0.322757, 0.297762, 0.273598, 0.250386, 0.228224, 0.207188, 0.187337, 0.168710, 0.151326, 0.135191, 0.120295, 0.106616, 0.094118, 0.082760, 0.072491, 0.063255, 0.054992, 0.047639, 0.041132, 0.035409, 0.030407, 0.026068, 0.022334, 0.019155, 0.016481, 0.014270, 0.012486, 0.011096, 0.010077, 0.009408, 0.009076
0.008238, 0.008539, 0.009146, 0.010071, 0.011332, 0.012952, 0.014958, 0.017385, 0.020271, 0.023660, 0.027598, 0.032138, 0.037332, 0.043237, 0.049911, 0.057411, 0.065794, 0.075115, 0.085423, 0.096766, 0.109182, 0.122701, 0.137345, 0.153123, 0.170029, 0.188046, 0.207138, 0.227253, 0.248320, 0.270251, 0.292936, 0.316251, 0.340048, 0.364166, 0.388427, 0.412639, 0.436596, 0.460088, 0.482893, 0.504790, 0.525557, 0.544978, 0.562842, 0.578954, 0.593131, 0.605210, 0.615050, 0.622535, 0.627575, 0.630111, 0.630111, 0.627576, 0.622535, 0.615050, 0.605210, 0.593131, 0.578955, 0.562843, 0.544979, 0.525558, 0.504791, 0.482894, 0.460089, 0.436598, 0.412640, 0.388428, 0.364168, 0.340049, 0.316252, 0.292938, 0.270252, 0.248321, 0.227254, 0.207139, 0.188047, 0.170031, 0.153124, 0.137346, 0.122702, 0.109182, 0.096767, 0.085424, 0.075115, 0.065795, 0.057412, 0.049912, 0.043238, 0.037332, 0.032138, 0.027599, 0.023660, 0.020271, 0.017385, 0.014958, 0.012952, 0.011332, 0.010071, 0.009146, 0.008539, 0.008238
0.007442, 0.007713, 0.008262, 0.009098, 0.010237, 0.011700, 0.013513, 0.015705, 0.018312, 0.021373, 0.024931, 0.029032, 0.033724, 0.039059, 0.045088, 0.051863, 0.059436, 0.067855, 0.077167, 0.087414, 0.098630, 0.110843, 0.124071, 0.138324, 0.153596, 0.169872, 0.187119, 0.205289, 0.224320, 0.244130, 0.264623, 0.285684, 0.307181, 0.328968, 0.350885, 0.372756, 0.394398, 0.415619, 0.436219, 0.456000, 0.474760, 0.492303, 0.508441, 0.522996, 0.535802, 0.546714, 0.555602, 0.562364, 0.566917, 0.569208, 0.569208, 0.566918, 0.562364, 0.555603, 0.546714, 0.535803, 0.522996, 0.508442, 0.492304, 0.474761, 0.456001, 0.436221, 0.415620, 0.394399, 0.372757, 0.350886, 0.328970, 0.307183, 0.285685, 0.264624, 0.244131, 0.224321, 0.205290, 0.187120, 0.169873, 0.153597, 0.138325, 0.124072, 0.110843, 0.098630, 0.087415, 0.077168, 0.067856, 0.059436, 0.051863, 0.045088, 0.039059, 0.033725, 0.029032, 0.024932, 0.021374, 0.018312, 0.015705, 0.013513, 0.011700, 0.010237, 0.009098, 0.008262, 0.007714, 0.007442
0.006691, 0.006935, 0.007429, 0.008180, 0.009204, 0.010520, 0.012149, 0.014121, 0.016465, 0.019217, 0.022416, 0.026103, 0.030322, 0.035118, 0.040539, 0.046631, 0.053439, 0.061009, 0.069382, 0.078594, 0.088679, 0.099659, 0.111553, 0.124368, 0.138099, 0.152733, 0.168239, 0.184576, 0.201687, 0.219498, 0.237923, 0.256858, 0.276186, 0.295775, 0.315480, 0.335145, 0.354603, 0.373683, 0.392205, 0.409989, 0.426856, 0.442629, 0.457139, 0.470225, 0.481739, 0.491549, 0.499541, 0.505621, 0.509715, 0.511774, 0.511774, 0.509715, 0.505621, 0.499542, 0.491550, 0.481740, 0.470226, 0.457140, 0.442630, 0.426857, 0.409990, 0.392206, 0.373684, 0.354604, 0.335146, 0.315481, 0.295776, 0.276187, 0.256859, 0.237924, 0.219499, 0.201688, 0.184577, 0.168240, 0.152734, 0.138100, 0.124369, 0.111554, 0.099660, 0.088679, 0.078595, 0.069382, 0.061010, 0.053440, 0.046631, 0.040539, 0.035119, 0.030322, 0.026103, 0.022416, 0.019217, 0.016465, 0.014121, 0.012150, 0.010520, 0.009205, 0.008180, 0.007429, 0.006935, 0.006691
0.005988, 0.006206, 0.006648, 0.007320, 0.008237, 0.009414, 0.010872, 0.012636, 0.014734, 0.017197, 0.020060, 0.023359, 0.027135, 0.031427, 0.036278, 0.041729, 0.047822, 0.054596, 0.062088, 0.070333, 0.079357, 0.089183, 0.099826, 0.111294, 0.123582, 0.136677, 0.150553, 0.165172, 0.180484, 0.196423, 0.212911, 0.229855, 0.247151, 0.264681, 0.282314, 0.299911, 0.317324, 0.334398, 0.350973, 0.366887, 0.381981, 0.396096, 0.409080, 0.420790, 0.431094, 0.439873, 0.447024, 0.452465, 0.456128, 0.457971, 0.457971, 0.456128, 0.452465, 0.447025, 0.439873, 0.431094, 0.420791, 0.409081, 0.396097, 0.381982, 0.366888, 0.350973, 0.334399, 0.317325, 0.299912, 0.282315, 0.264682, 0.247152, 0.229856, 0.212912, 0.196424, 0.180485, 0.165173, 0.150554, 0.136677, 0.123583, 0.111295, 0.099827, 0.089184, 0.079357, 0.070333, 0.062089, 0.054596, 0.047822, 0.041729, 0.036278, 0.031427, 0.027135, 0.023359, 0.020060, 0.017197, 0.014734, 0.012637, 0.010872, 0.009414, 0.008237, 0.007321, 0.006648, 0.006206, 0.005988
0.005333, 0.005528, 0.005921, 0.006520, 0.007337, 0.008385, 0.009684, 0.011255, 0.013123, 0.015317, 0.017867, 0.020805, 0.024168, 0.027991, 0.032311, 0.037167, 0.042593, 0.048627, 0.055300, 0.062643, 0.070680, 0.079432, 0.088912, 0.099126, 0.110070, 0.121733, 0.134092, 0.147113, 0.160750, 0.174947, 0.189632, 0.204723, 0.220128, 0.235741, 0.251446, 0.267118, 0.282627, 0.297834, 0.312597, 0.326772, 0.340215, 0.352786, 0.364351, 0.374780, 0.383957, 0.391777, 0.398146, 0.402992, 0.406255, 0.407896, 0.407896, 0.406255, 0.402992, 0.398147, 0.391777, 0.383958, 0.374781, 0.364352, 0.352787, 0.340216, 0.326773, 0.312598, 0.297835, 0.282628, 0.267119, 0.251446, 0.235741, 0.220129, 0.204724, 0.189632, 0.174947, 0.160751, 0.147114, 0.134093, 0.121734, 0.110071, 0.099126, 0.088913, 0.079433, 0.070681, 0.062643, 0.055301, 0.048627, 0.042594, 0.037167, 0.032312, 0.027991, 0.024168, 0.020806, 0.017867, 0.015317, 0.013123, 0.011255, 0.009684, 0.008385, 0.007337, 0.006520, 0.005921, 0.005528, 0.005333
0.004728, 0.004900, 0.005249, 0.005780, 0.006504, 0.007433, 0.008585, 0.009977, 0.011634, 0.013578, 0.015839, 0.018444, 0.021425, 0.024813, 0.028643, 0.032947, 0.037758, 0.043107, 0.049022, 0.055531, 0.062656, 0.070415, 0.078818, 0.087872, 0.097574, 0.107913, 0.118869, 0.130411, 0.142501, 0.155085, 0.168103, 0.181481, 0.195137, 0.208977, 0.222898, 0.236792, 0.250540, 0.264020, 0.277106, 0.289672, 0.301589, 0.312733, 0.322985, 0.332230, 0.340365, 0.347297, 0.352943, 0.357238, 0.360131, 0.361586, 0.361586, 0.360131, 0.357238, 0.352944, 0.347297, 0.340366, 0.332231, 0.322985, 0.312734, 0.301590, 0.289673, 0.277107, 0.264021, 0.250541, 0.236793, 0.222899, 0.208977, 0.195138, 0.181482, 0.168104, 0.155086, 0.142501, 0.130412, 0.118870, 0.107914, 0.097575, 0.087873, 0.078819, 0.070415, 0.062657, 0.055532, 0.049023, 0.043107, 0.037758, 0.032948, 0.028644, 0.024814, 0.021425, 0.018444, 0.015839, 0.013578, 0.011634, 0.009977, 0.008585, 0.007433, 0.006504, 0.005780, 0.005249, 0.004900, 0.004728
0.004171, 0.004324, 0.004631, 0.005100, 0.005738, 0.006558, 0.007574, 0.008803, 0.010264, 0.011980, 0.013974, 0.016273, 0.018903, 0.021893, 0.025272, 0.029070, 0.033314, 0.038033, 0.043252, 0.048995, 0.055282, 0.062127, 0.069541, 0.077530, 0.086090, 0.095212, 0.104878, 0.115062, 0.125728, 0.136831, 0.148316, 0.160120, 0.172168, 0.184379, 0.196662, 0.208920, 0.221050, 0.232943, 0.244489, 0.255575, 0.266089, 0.275922, 0.284966, 0.293123, 0.300301, 0.306417, 0.311399, 0.315188, 0.317740, 0.319024, 0.319024, 0.317740, 0.315189, 0.311399, 0.306417, 0.300301, 0.293124, 0.284967, 0.275922, 0.266090, 0.255576, 0.244490, 0.232944, 0.221050, 0.208921, 0.196663, 0.184380, 0.172169, 0.160121, 0.148317, 0.136832, 0.125728, 0.115062, 0.104878, 0.095212, 0.086090, 0.077530, 0.069542, 0.062127, 0.055282, 0.048996, 0.043253, 0.038033, 0.033314, 0.029070, 0.025272, 0.021893, 0.018903, 0.016273, 0.013975, 0.011980, 0.010265, 0.008803, 0.007574, 0.006558, 0.005738, 0.005100, 0.004631, 0.004324, 0.004171
0.003663, 0.003797, 0.004067, 0.004478, 0.005039, 0.005759, 0.006651, 0.007730, 0.009014, 0.010521, 0.012272, 0.014290, 0.016600, 0.019225, 0.022193, 0.025527, 0.029255, 0.033399, 0.037982, 0.043025, 0.048545, 0.054557, 0.061067, 0.068082, 0.075599, 0.083609, 0.092098, 0.101041, 0.110407, 0.120157, 0.130243, 0.140608, 0.151188, 0.161911, 0.172697, 0.183461, 0.194113, 0.204556, 0.214695, 0.224430, 0.233663, 0.242297, 0.250240, 0.257403, 0.263706, 0.269076, 0.273450, 0.276778, 0.279019, 0.280146, 0.280146, 0.279019, 0.276778, 0.273450, 0.269076, 0.263706, 0.257403, 0.250240, 0.242298, 0.233664, 0.224431, 0.214696, 0.204557, 0.194113, 0.183462, 0.172698, 0.161911, 0.151189, 0.140609, 0.130243, 0.120158, 0.110408, 0.101041, 0.092098, 0.083610, 0.075600, 0.068083, 0.061068, 0.054557, 0.048546, 0.043026, 0.037982, 0.033399, 0.029255, 0.025528, 0.022193, 0.019226, 0.016600, 0.014290, 0.012272, 0.010521, 0.009014, 0.007731, 0.006651, 0.005759, 0.005039, 0.004478, 0.004067, 0.003797, 0.003663
0.003202, 0.003319, 0.003555, 0.003914, 0.004404, 0.005034, 0.005813, 0.006757, 0.007878, 0.009195, 0.010726, 0.012490, 0.014508, 0.016803, 0.019397, 0.022311, 0.025569, 0.029191, 0.033197, 0.037605, 0.042429, 0.047683, 0.053374, 0.059505, 0.066074, 0.073075, 0.080494, 0.088310, 0.096497, 0.105018, 0.113833, 0.122893, 0.132140, 0.141511, 0.150938, 0.160346, 0.169656, 0.178783, 0.187645, 0.196153, 0.204223, 0.211769, 0.218711, 0.224971, 0.230480, 0.235173, 0.238997, 0.241905, 0.243864, 0.244849, 0.244849, 0.243864, 0.241905, 0.238997, 0.235174, 0.230480, 0.224972, 0.218711, 0.211770, 0.204223, 0.196154, 0.187645, 0.178784, 0.169656, 0.160347, 0.150939, 0.141512, 0.132140, 0.122893, 0.113834, 0.105019, 0.096497, 0.088311, 0.080495, 0.073076, 0.066075, 0.059505, 0.053374, 0.047683, 0.042430, 0.037605, 0.033197, 0.029191, 0.025569, 0.022312, 0.019397, 0.016803, 0.014509, 0.012490, 0.010726, 0.009195, 0.007878, 0.006757, 0.005813, 0.005034, 0.004404, 0.003914, 0.003555, 0.003319, 0.003202
0.002785, 0.002887, 0.003092, 0.003405, 0.003831, 0.004379, 0.005057, 0.005878, 0.006853, 0.007999, 0.009330, 0.010865, 0.012621, 0.014617, 0.016873, 0.019409, 0.022243, 0.025393, 0.028878, 0.032712, 0.036909, 0.041479, 0.046430, 0.051763, 0.057478, 0.063568, 0.070022, 0.076821, 0.083942, 0.091355, 0.099023, 0.106904, 0.114948, 0.123100, 0.131300, 0.139484, 0.147582, 0.155523, 0.163231, 0.170633, 0.177652, 0.184217, 0.190255, 0.195701, 0.200493, 0.204576, 0.207902, 0.210432, 0.212136, 0.212993, 0.212993, 0.212136, 0.210432, 0.207902, 0.204576, 0.200493, 0.195701, 0.190255, 0.184217, 0.177653, 0.170633, 0.163232, 0.155523, 0.147583, 0.139485, 0.131301, 0.123100, 0.114948, 0.106904, 0.099024, 0.091356, 0.083943, 0.076821, 0.070022, 0.063569, 0.057478, 0.051763, 0.046430, 0.041480, 0.036910, 0.032713, 0.028878, 0.025393, 0.022243, 0.019409, 0.016873, 0.014617, 0.012621, 0.010865, 0.009330, 0.007999, 0.006853, 0.005878, 0.005057, 0.004379, 0.003831, 0.003405, 0.003092, 0.002887, 0.002785
0.002412, 0.002500, 0.002677, 0.002948, 0.003317, 0.003791, 0.004379, 0.005089, 0.005934, 0.006926, 0.008078, 0.009407, 0.010927, 0.012656, 0.014609, 0.016804, 0.019258, 0.021986, 0.025003, 0.028323, 0.031957, 0.035913, 0.040199, 0.044817, 0.049765, 0.055038, 0.060626, 0.066512, 0.072678, 0.079096, 0.085735, 0.092558, 0.099523, 0.106581, 0.113681, 0.120767, 0.127778, 0.134653, 0.141327, 0.147735, 0.153813, 0.159496, 0.164724, 0.169439, 0.173588, 0.177123, 0.180003, 0.182193, 0.183668, 0.184410, 0.184410, 0.183668, 0.182193, 0.180003, 0.177123, 0.173588, 0.169439, 0.164724, 0.159496, 0.153813, 0.147735, 0.141327, 0.134653, 0.127778, 0.120767, 0.113681, 0.106581, 0.099523, 0.092559, 0.085736, 0.079096, 0.072678, 0.066513, 0.060626, 0.055038, 0.049765, 0.044817, 0.040200, 0.035914, 0.031957, 0.028323, 0.025003, 0.021986, 0.019258, 0.016805, 0.014609, 0.012656, 0.010928, 0.009407, 0.008078, 0.006926, 0.005934, 0.005089, 0.004379, 0.003791, 0.003317, 0.002948, 0.002677, 0.002500, 0.002412
0.002078, 0.002154, 0.002307, 0.002541, 0.002859, 0.003267, 0.003773, 0.004385, 0.005113, 0.005968, 0.006962, 0.008107, 0.009417, 0.010906, 0.012590, 0.014481, 0.016596, 0.018946, 0.021546, 0.024407, 0.027539, 0.030949, 0.034642, 0.038621, 0.042885, 0.047429, 0.052244, 0.057317, 0.062630, 0.068161, 0.073882, 0.079762, 0.085764, 0.091846, 0.097965, 0.104071, 0.110113, 0.116037, 0.121788, 0.127310, 0.132548, 0.137446, 0.141951, 0.146014, 0.149589, 0.152635, 0.155117, 0.157005, 0.158276, 0.158915, 0.158915, 0.158276, 0.157005, 0.155117, 0.152636, 0.149589, 0.146014, 0.141951, 0.137446, 0.132548, 0.127311, 0.121789, 0.116037, 0.110113, 0.104071, 0.097965, 0.091846, 0.085764, 0.079763, 0.073883, 0.068162, 0.062631, 0.057318, 0.052245, 0.047430, 0.042886, 0.038622, 0.034642, 0.030949, 0.027539, 0.024407, 0.021547, 0.018947, 0.016596, 0.014481, 0.012590, 0.010906, 0.009417, 0.008107, 0.006962, 0.005968, 0.005114, 0.004386, 0.003773, 0.003267, 0.002859, 0.002541, 0.002307, 0.002154, 0.002078
0.001783, 0.001848, 0.001979, 0.002179, 0.002452, 0.002802, 0.003237, 0.003762, 0.004386, 0.005119, 0.005971, 0.006953, 0.008077, 0.009355, 0.010799, 0.012421, 0.014235, 0.016251, 0.018481, 0.020935, 0.023621, 0.026546, 0.029714, 0.033127, 0.036784, 0.040682, 0.044812, 0.049163, 0.053720, 0.058464, 0.063371, 0.068414, 0.073562, 0.078779, 0.084027, 0.089264, 0.094447, 0.099528, 0.104461, 0.109198, 0.113690, 0.117891, 0.121755, 0.125240, 0.128307, 0.130920, 0.133048, 0.134667, 0.135758, 0.136306, 0.136306, 0.135758, 0.134667, 0.133048, 0.130920, 0.128307, 0.125241, 0.121755, 0.117891, 0.113690, 0.109198, 0.104462, 0.099529, 0.094447, 0.089265, 0.084027, 0.078779, 0.073562, 0.068415, 0.063372, 0.058464, 0.053720, 0.049163, 0.044812, 0.040682, 0.036784, 0.033127, 0.029714, 0.026546, 0.023621, 0.020935, 0.018481, 0.016251, 0.014235, 0.012421, 0.010799, 0.009355, 0.008077, 0.006953, 0.005971, 0.005119, 0.004386, 0.003762, 0.003237, 0.002802, 0.002452, 0.002179, 0.001979, 0.001848, 0.001783
0.001522, 0.001577, 0.001690, 0.001861, 0.002093, 0.002393, 0.002763, 0.003212, 0.003745, 0.004371, 0.005098, 0.005937, 0.006896, 0.007987, 0.009219, 0.010605, 0.012153, 0.013875, 0.015778, 0.017873, 0.020167, 0.022664, 0.025368, 0.028282, 0.031405, 0.034732, 0.038258, 0.041973, 0.045864, 0.049914, 0.054104, 0.058409, 0.062804, 0.067258, 0.071739, 0.076210, 0.080635, 0.084973, 0.089184, 0.093228, 0.097064, 0.100650, 0.103949, 0.106925, 0.109543, 0.111773, 0.113591, 0.114973, 0.115904, 0.116372, 0.116372, 0.115904, 0.114973, 0.113591, 0.111773, 0.109543, 0.106925, 0.103949, 0.100650, 0.097064, 0.093229, 0.089185, 0.084973, 0.080635, 0.076210, 0.071739, 0.067258, 0.062804, 0.058410, 0.054104, 0.049914, 0.045864, 0.041973, 0.038259, 0.034732, 0.031405, 0.028282, 0.025368, 0.022664, 0.020167, 0.017874, 0.015779, 0.013875, 0.012153, 0.010605, 0.009220, 0.007987, 0.006896, 0.005937, 0.005098, 0.004371, 0.003745, 0.003212, 0.002763, 0.002393, 0.002094, 0.001861, 0.001690, 0.001577, 0.001522
0.001293, 0.001341, 0.001436, 0.001581, 0.001779, 0.002033, 0.002348, 0.002729, 0.003182, 0.003714, 0.004333, 0.005045, 0.005861, 0.006788, 0.007835, 0.009012, 0.010328, 0.011791, 0.013409, 0.015190, 0.017139, 0.019261, 0.021559, 0.024036, 0.026689, 0.029517, 0.032514, 0.035671, 0.038978, 0.042420, 0.045980, 0.049639, 0.053374, 0.057159, 0.060967, 0.064767, 0.068527, 0.072214, 0.075793, 0.079230, 0.082489, 0.085537, 0.088341, 0.090870, 0.093095, 0.094990, 0.096535, 0.097710, 0.098501, 0.098899, 0.098899, 0.098501, 0.097710, 0.096535, 0.094991, 0.093095, 0.090870, 0.088341, 0.085537, 0.082490, 0.079230, 0.075793, 0.072214, 0.068527, 0.064767, 0.060967, 0.057160, 0.053374, 0.049639, 0.045980, 0.042420, 0.038978, 0.035671, 0.032514, 0.029517, 0.026690, 0.024036, 0.021559, 0.019261, 0.017139, 0.015190, 0.013410, 0.011791, 0.010328, 0.009013, 0.007835, 0.006788, 0.005861, 0.005045, 0.004333, 0.003714, 0.003182, 0.002729, 0.002348, 0.002033, 0.001779, 0.001581, 0.001436, 0.001341, 0.001293
0.001094, 0.001134, 0.001215, 0.001338, 0.001505, 0.001720, 0.001987, 0.002309, 0.002692, 0.003143, 0.003666, 0.004269, 0.004958, 0.005743, 0.006629, 0.007625, 0.008738, 0.009976, 0.011345, 0.012851, 0.014500, 0.016295, 0.018240, 0.020335, 0.022580, 0.024973, 0.027508, 0.030179, 0.032977, 0.035889, 0.038901, 0.041997, 0.045157, 0.048359, 0.051581, 0.054795, 0.057977, 0.061096, 0.064124, 0.067032, 0.069789, 0.072368, 0.074740, 0.076879, 0.078762, 0.080365, 0.081672, 0.082666, 0.083335, 0.083672, 0.083672, 0.083335, 0.082666, 0.081672, 0.080366, 0.078762, 0.076879, 0.074740, 0.072368, 0.069789, 0.067032, 0.064124, 0.061096, 0.057977, 0.054796, 0.051581, 0.048359, 0.045157, 0.041997, 0.038901, 0.035889, 0.032977, 0.030179, 0.027508, 0.024973, 0.022580, 0.020335, 0.018240, 0.016296, 0.014500, 0.012851, 0.011345, 0.009976, 0.008738, 0.007625, 0.006629, 0.005743, 0.004958, 0.004269, 0.003666, 0.003143, 0.002693, 0.002309, 0.001987, 0.001720, 0.001505, 0.001338, 0.001215, 0.001134, 0.001094
0.000922, 0.000955, 0.001023, 0.001127, 0.001268, 0.001449, 0.001674, 0.001945, 0.002268, 0.002647, 0.003088, 0.003596, 0.004177, 0.004837, 0.005584, 0.006423, 0.007361, 0.008403, 0.009557, 0.010826, 0.012214, 0.013727, 0.015365, 0.017130, 0.019021, 0.021036, 0.023172, 0.025422, 0.027778, 0.030231, 0.032769, 0.035377, 0.038038, 0.040736, 0.043450, 0.046158, 0.048838, 0.051465, 0.054016, 0.056465, 0.058788, 0.060960, 0.062958, 0.064760, 0.066346, 0.067697, 0.068798, 0.069635, 0.070199, 0.070482, 0.070482, 0.070199, 0.069635, 0.068798, 0.067697, 0.066346, 0.064761, 0.062959, 0.060960, 0.058788, 0.056465, 0.054016, 0.051465, 0.048838, 0.046158, 0.043450, 0.040736, 0.038039, 0.035377, 0.032769, 0.030232, 0.027779, 0.025422, 0.023172, 0.021037, 0.019021, 0.017130, 0.015365, 0.013727, 0.012215, 0.010826, 0.009557, 0.008404, 0.007361, 0.006423, 0.005584, 0.004837, 0.004177, 0.003596, 0.003088, 0.002647, 0.002268, 0.001945, 0.001674, 0.001449, 0.001268, 0.001127, 0.001023, 0.000955, 0.000922
0.000773, 0.000802, 0.000859, 0.000945, 0.001064, 0.001216, 0.001404, 0.001632, 0.001903, 0.002221, 0.002590, 0.003016, 0.003504, 0.004058, 0.004685, 0.005388, 0.006175, 0.007050, 0.008017, 0.009082, 0.010247, 0.011516, 0.012890, 0.014370, 0.015957, 0.017648, 0.019439, 0.021327, 0.023304, 0.025362, 0.027490, 0.029678, 0.031911, 0.034174, 0.036451, 0.038722, 0.040970, 0.043175, 0.045315, 0.047369, 0.049318, 0.051140, 0.052816, 0.054328, 0.055658, 0.056792, 0.057715, 0.058418, 0.058890, 0.059128, 0.059128, 0.058891, 0.058418, 0.057715, 0.056792, 0.055659, 0.054328, 0.052817, 0.051140, 0.049318, 0.047369, 0.045315, 0.043175, 0.040971, 0.038723, 0.036451, 0.034174, 0.031911, 0.029678, 0.027490, 0.025362, 0.023304, 0.021327, 0.019439, 0.017648, 0.015957, 0.014371, 0.012890, 0.011516, 0.010247, 0.009082, 0.008017, 0.007050, 0.006175, 0.005388, 0.004685, 0.004058, 0.003504, 0.003017, 0.002590, 0.002221, 0.001903, 0.001632, 0.001404, 0.001216, 0.001064, 0.000945, 0.000859, 0.000802, 0.000773
0.000646, 0.000670, 0.000718, 0.000790, 0.000889, 0.001016, 0.001174, 0.001364, 0.001590, 0.001856, 0.002165, 0.002521, 0.002929, 0.003392, 0.003915, 0.004504, 0.005161, 0.005892, 0.006701, 0.007590, 0.008564, 0.009625, 0.010773, 0.012011, 0.013337, 0.014750, 0.016247, 0.017825, 0.019477, 0.021197, 0.022976, 0.024804, 0.026671, 0.028562, 0.030465, 0.032364, 0.034242, 0.036085, 0.037873, 0.039590, 0.041219, 0.042742, 0.044143, 0.045407, 0.046518, 0.047466, 0.048237, 0.048824, 0.049220, 0.049418, 0.049418, 0.049220, 0.048824, 0.048237, 0.047466, 0.046518, 0.045407, 0.044143, 0.042742, 0.041219, 0.039590, 0.037873, 0.036085, 0.034242, 0.032364, 0.030465, 0.028562, 0.026671, 0.024804, 0.022976, 0.021197, 0.019477, 0.017825, 0.016247, 0.014750, 0.013337, 0.012011, 0.010773, 0.009625, 0.008564, 0.007590, 0.006701, 0.005892, 0.005161, 0.004504, 0.003915, 0.003392, 0.002929, 0.002521, 0.002165, 0.001856, 0.001590, 0.001364, 0.001174, 0.001016, 0.000889, 0.000790, 0.000718, 0.000670, 0.000646
0.000539, 0.000558, 0.000598, 0.000658, 0.000741, 0.000847, 0.000978, 0.001136, 0.001325, 0.001546, 0.001804, 0.002101, 0.002440, 0.002826, 0.003262, 0.003752, 0.004300, 0.004909, 0.005583, 0.006324, 0.007135, 0.008019, 0.008976, 0.010007, 0.011112, 0.012289, 0.013536, 0.014851, 0.016227, 0.017660, 0.019143, 0.020666, 0.022221, 0.023797, 0.025382, 0.026964, 0.028529, 0.030064, 0.031554, 0.032985, 0.034342, 0.035611, 0.036778, 0.037831, 0.038757, 0.039546, 0.040189, 0.040678, 0.041008, 0.041174, 0.041174, 0.041008, 0.040679, 0.040189, 0.039547, 0.038757, 0.037831, 0.036778, 0.035611, 0.034342, 0.032985, 0.031554, 0.030064, 0.028530, 0.026964, 0.025382, 0.023797, 0.022221, 0.020666, 0.019143, 0.017660, 0.016227, 0.014851, 0.013536, 0.012289, 0.011112, 0.010007, 0.008976, 0.008019, 0.007135, 0.006324, 0.005583, 0.004909, 0.004300, 0.003752, 0.003262, 0.002826, 0.002440, 0.002101, 0.001804, 0.001546, 0.001325, 0.001136, 0.000978, 0.000847, 0.000741, 0.000658, 0.000598, 0.000558, 0.000539
0.000448, 0.000464, 0.000497, 0.000547, 0.000616, 0.000704, 0.000813, 0.000945, 0.001101, 0.001286, 0.001500, 0.001746, 0.002028, 0.002349, 0.002712, 0.003119, 0.003575, 0.004081, 0.004641, 0.005257, 0.005932, 0.006666, 0.007462, 0.008319, 0.009237, 0.010216, 0.011253, 0.012346, 0.013490, 0.014681, 0.015914, 0.017180, 0.018473, 0.019783, 0.021101, 0.022416, 0.023717, 0.024993, 0.026232, 0.027421, 0.028549, 0.029604, 0.030575, 0.031450, 0.032220, 0.032876, 0.033411, 0.033817, 0.034091, 0.034229, 0.034229, 0.034091, 0.033817, 0.033411, 0.032876, 0.032220, 0.031450, 0.030575, 0.029604, 0.028550, 0.027422, 0.026232, 0.024993, 0.023717, 0.022416, 0.021101, 0.019783, 0.018473, 0.017180, 0.015914, 0.014682, 0.013490, 0.012346, 0.011253, 0.010216, 0.009237, 0.008319, 0.007462, 0.006666, 0.005932, 0.005257, 0.004641, 0.004081, 0.003575, 0.003119, 0.002712, 0.002349, 0.002028, 0.001746, 0.001500, 0.001286, 0.001101, 0.000945, 0.000813, 0.000704, 0.000616, 0.000547, 0.000497, 0.000464, 0.000448
0.000372, 0.000385, 0.000413, 0.000455, 0.000512, 0.000585, 0.000675, 0.000785, 0.000915, 0.001068, 0.001246, 0.001451, 0.001685, 0.001952, 0.002253, 0.002591, 0.002970, 0.003390, 0.003855, 0.004367, 0.004928, 0.005538, 0.006198, 0.006910, 0.007673, 0.008486, 0.009348, 0.010256, 0.011206, 0.012196, 0.013220, 0.014272, 0.015345, 0.016434, 0.017528, 0.018621, 0.019702, 0.020762, 0.021791, 0.022779, 0.023716, 0.024593, 0.025399, 0.026126, 0.026765, 0.027310, 0.027754, 0.028092, 0.028320, 0.028434, 0.028434, 0.028320, 0.028092, 0.027754, 0.027310, 0.026765, 0.026126, 0.025399, 0.024593, 0.023716, 0.022779, 0.021791, 0.020762, 0.019702, 0.018621, 0.017529, 0.016434, 0.015346, 0.014272, 0.013220, 0.012196, 0.011206, 0.010256, 0.009348, 0.008487, 0.007673, 0.006911, 0.006199, 0.005538, 0.004928, 0.004367, 0.003855, 0.003390, 0.002970, 0.002591, 0.002253, 0.001952, 0.001685, 0.001451, 0.001246, 0.001068, 0.000915, 0.000785, 0.000675, 0.000585, 0.000512, 0.000455, 0.000413, 0.000385, 0.000372
0.000309, 0.000321, 0.000343, 0.000378, 0.000426, 0.000486, 0.000562, 0.000653, 0.000761, 0.000888, 0.001036, 0.001207, 0.001402, 0.001624, 0.001874, 0.002156, 0.002470, 0.002820, 0.003207, 0.003633, 0.004099, 0.004607, 0.005157, 0.005749, 0.006384, 0.007060, 0.007777, 0.008532, 0.009323, 0.010146, 0.010998, 0.011873, 0.012767, 0.013672, 0.014583, 0.015492, 0.016391, 0.017273, 0.018129, 0.018951, 0.019731, 0.020460, 0.021130, 0.021735, 0.022267, 0.022721, 0.023090, 0.023371, 0.023560, 0.023656, 0.023656, 0.023560, 0.023371, 0.023090, 0.022721, 0.022267, 0.021735, 0.021130, 0.020460, 0.019731, 0.018951, 0.018129, 0.017273, 0.016391, 0.015492, 0.014583, 0.013672, 0.012767, 0.011873, 0.010998, 0.010146, 0.009323, 0.008532, 0.007777, 0.007060, 0.006384, 0.005749, 0.005157, 0.004607, 0.004099, 0.003633, 0.003207, 0.002820, 0.002470, 0.002156, 0.001874, 0.001624, 0.001402, 0.001207, 0.001036, 0.000888, 0.000761, 0.000653, 0.000562, 0.000486, 0.000426, 0.000378, 0.000343, 0.000321, 0.000309
0.000259, 0.000268, 0.000287, 0.000316, 0.000356, 0.000407, 0.000470, 0.000546, 0.000636, 0.000743, 0.000866, 0.001009, 0.001172, 0.001357, 0.001567, 0.001802, 0.002065, 0.002358, 0.002681, 0.003037, 0.003427, 0.003851, 0.004311, 0.004806, 0.005337, 0.005902, 0.006501, 0.007133, 0.007794, 0.008482, 0.009194, 0.009926, 0.010673, 0.011430, 0.012191, 0.012951, 0.013703, 0.014440, 0.015156, 0.015843, 0.016495, 0.017104, 0.017665, 0.018170, 0.018615, 0.018994, 0.019303, 0.019538, 0.019696, 0.019776, 0.019776, 0.019696, 0.019538, 0.019303, 0.018994, 0.018615, 0.018170, 0.017665, 0.017104, 0.016495, 0.015843, 0.015156, 0.014440, 0.013703, 0.012951, 0.012191, 0.011430, 0.010673, 0.009926, 0.009194, 0.008482, 0.007794, 0.007133, 0.006501, 0.005902, 0.005337, 0.004806, 0.004311, 0.003851, 0.003427, 0.003037, 0.002681, 0.002358, 0.002065, 0.001802, 0.001567, 0.001357, 0.001172, 0.001009, 0.000866, 0.000743, 0.000636, 0.000546, 0.000470, 0.000407, 0.000356, 0.000316, 0.000287, 0.000268, 0.000259
0.000218, 0.000226, 0.000242, 0.000267, 0.000300, 0.000343, 0.000396, 0.000461, 0.000537, 0.000627, 0.000731, 0.000852, 0.000989, 0.001146, 0.001322, 0.001521, 0.001743, 0.001990, 0.002263, 0.002564, 0.002893, 0.003251, 0.003639, 0.004057, 0.004505, 0.004982, 0.005488, 0.006021, 0.006579, 0.007160, 0.007761, 0.008379, 0.009009, 0.009648, 0.010291, 0.010933, 0.011567, 0.012190, 0.012794, 0.013374, 0.013924, 0.014439, 0.014912, 0.015339, 0.015714, 0.016034, 0.016295, 0.016493, 0.016627, 0.016694, 0.016694, 0.016627, 0.016493, 0.016295, 0.016035, 0.015715, 0.015339, 0.014912, 0.014439, 0.013924, 0.013374, 0.012794, 0.012190, 0.011567, 0.010933, 0.010291, 0.009648, 0.009009, 0.008379, 0.007761, 0.007160, 0.006579, 0.006021, 0.005488, 0.004982, 0.004505, 0.004057, 0.003639, 0.003251, 0.002893, 0.002564, 0.002263, 0.001990, 0.001743, 0.001521, 0.001322, 0.001146, 0.000989, 0.000852, 0.000731, 0.000627, 0.000537, 0.000461, 0.000396, 0.000343, 0.000300, 0.000267, 0.000242, 0.000226, 0.000218
0.000187, 0.000194, 0.000208, 0.000229, 0.000258, 0.000294, 0.000340, 0.000395, 0.000461, 0.000538, 0.000627, 0.000731, 0.000849, 0.000983, 0.001135, 0.001305, 0.001496, 0.001708, 0.001942, 0.002200, 0.002482, 0.002790, 0.003123, 0.003481, 0.003866, 0.004275, 0.004709, 0.005167, 0.005646, 0.006144, 0.006660, 0.007190, 0.007731, 0.008280, 0.008831, 0.009382, 0.009926, 0.010460, 0.010979, 0.011477, 0.011949, 0.012390, 0.012797, 0.013163, 0.013485, 0.013760, 0.013984, 0.014154, 0.014268, 0.014326, 0.014326, 0.014268, 0.014154, 0.013984, 0.013760, 0.013485, 0.013163, 0.012797, 0.012391, 0.011949, 0.011477, 0.010979, 0.010460, 0.009926, 0.009382, 0.008831, 0.008280, 0.007731, 0.007190, 0.006660, 0.006144, 0.005646, 0.005167, 0.004709, 0.004275, 0.003866, 0.003481, 0.003123, 0.002790, 0.002482, 0.002200, 0.001942, 0.001708, 0.001496, 0.001305, 0.001135, 0.000983, 0.000849, 0.000731, 0.000627, 0.000538, 0.000461, 0.000395, 0.000340, 0.000294, 0.000258, 0.000229, 0.000208, 0.000194, 0.000187
0.000165, 0.000171, 0.000183, 0.000201, 0.000227, 0.000259, 0.000299, 0.000348, 0.000405, 0.000473, 0.000552, 0.000643, 0.000747, 0.000865, 0.000998, 0.001148, 0.001316, 0.001502, 0.001709, 0.001935, 0.002184, 0.002454, 0.002747, 0.003063, 0.003401, 0.003761, 0.004143, 0.004545, 0.004967, 0.005405, 0.005859, 0.006326, 0.006802, 0.007284, 0.007769, 0.008254, 0.008733, 0.009203, 0.009659, 0.010097, 0.010512, 0.010901, 0.011258, 0.011580, 0.011864, 0.012106, 0.012303, 0.012452, 0.012553, 0.012604, 0.012604, 0.012553, 0.012452, 0.012303, 0.012106, 0.011864, 0.011580, 0.011258, 0.010901, 0.010512, 0.010097, 0.009659, 0.009203, 0.008733, 0.008254, 0.007769, 0.007284, 0.006802, 0.006326, 0.005859, 0.005405, 0.004967, 0.004545, 0.004143, 0.003761, 0.003401, 0.003063, 0.002747, 0.002454, 0.002184, 0.001935, 0.001709, 0.001502, 0.001316, 0.001148, 0.000998, 0.000865, 0.000747, 0.000643, 0.000552, 0.000473, 0.000405, 0.000348, 0.000299, 0.000259, 0.000227, 0.000201, 0.000183, 0.000171, 0.000165
0.000150, 0.000155, 0.000166, 0.000183, 0.000206, 0.000236, 0.000272, 0.000316, 0.000369, 0.000431, 0.000502, 0.000585, 0.000680, 0.000787, 0.000909, 0.001045, 0.001198, 0.001368, 0.001555, 0.001762, 0.001988, 0.002234, 0.002501, 0.002788, 0.003096, 0.003424, 0.003772, 0.004138, 0.004522, 0.004922, 0.005335, 0.005759, 0.006193, 0.006632, 0.007074, 0.007515, 0.007951, 0.008379, 0.008795, 0.009193, 0.009572, 0.009925, 0.010251, 0.010544, 0.010802, 0.011022, 0.011202, 0.011338, 0.011430, 0.011476, 0.011476, 0.011430, 0.011338, 0.011202, 0.011022, 0.010802, 0.010544, 0.010251, 0.009925, 0.009572, 0.009193, 0.008795, 0.008379, 0.007951, 0.007515, 0.007074, 0.006632, 0.006193, 0.005759, 0.005335, 0.004922, 0.004522, 0.004138, 0.003772, 0.003424, 0.003096, 0.002788, 0.002501, 0.002234, 0.001988, 0.001762, 0.001555, 0.001368, 0.001198, 0.001045, 0.000909, 0.000787, 0.000680, 0.000585, 0.000502, 0.000431, 0.000369, 0.000316, 0.000272, 0.000236, 0.000206, 0.000183, 0.000166, 0.000155, 0.000150
0.000142, 0.000148, 0.000158, 0.000174, 0.000196, 0.000224, 0.000259, 0.000301, 0.000351, 0.000409, 0.000477, 0.000556, 0.000646, 0.000748, 0.000864, 0.000993, 0.001138, 0.001300, 0.001478, 0.001675, 0.001889, 0.002123, 0.002377, 0.002650, 0.002943, 0.003255, 0.003585, 0.003933, 0.004298, 0.004678, 0.005070, 0.005474, 0.005886, 0.006303, 0.006723, 0.007143, 0.007557, 0.007964, 0.008359, 0.008738, 0.009097, 0.009434, 0.009743, 0.010022, 0.010267, 0.010477, 0.010647, 0.010777, 0.010864, 0.010908, 0.010908, 0.010864, 0.010777, 0.010647, 0.010477, 0.010267, 0.010022, 0.009743, 0.009434, 0.009098, 0.008738, 0.008359, 0.007964, 0.007557, 0.007143, 0.006723, 0.006303, 0.005886, 0.005474, 0.005070, 0.004678, 0.004298, 0.003933, 0.003585, 0.003255, 0.002943, 0.002650, 0.002377, 0.002123, 0.001889, 0.001675, 0.001478, 0.001300, 0.001138, 0.000993, 0.000864, 0.000748, 0.000646, 0.000556, 0.000477, 0.000409, 0.000351, 0.000301, 0.000259, 0.000224, 0.000196, 0.000174, 0.000158, 0.000148, 0.000142
0.000142, 0.000147, 0.000158, 0.000174, 0.000195, 0.000223, 0.000258, 0.000300, 0.000350, 0.000408, 0.000476, 0.000554, 0.000644, 0.000746, 0.000861, 0.000991, 0.001135, 0.001296, 0.001474, 0.001670, 0.001884, 0.002118, 0.002371, 0.002643, 0.002935, 0.003246, 0.003576, 0.003923, 0.004287, 0.004665, 0.005057, 0.005460, 0.005871, 0.006287, 0.006706, 0.007124, 0.007538, 0.007943, 0.008337, 0.008715, 0.009074, 0.009409, 0.009718, 0.009996, 0.010241, 0.010450, 0.010620, 0.010749, 0.010836, 0.010880, 0.010880, 0.010836, 0.010749, 0.010620, 0.010450, 0.010241, 0.009996, 0.009718, 0.009410, 0.009074, 0.008715, 0.008337, 0.007943, 0.007538, 0.007124, 0.006706, 0.006287, 0.005871, 0.005460, 0.005057, 0.004665, 0.004287, 0.003923, 0.003576, 0.003246, 0.002935, 0.002643, 0.002371, 0.002118, 0.001884, 0.001670, 0.001474, 0.001296, 0.001135, 0.000991, 0.000861, 0.000746, 0.000644, 0.000554, 0.000476, 0.000408, 0.000350, 0.000300, 0.000258, 0.000223, 0.000195, 0.000174, 0.000158, 0.000147, 0.000142
0.000149, 0.000154, 0.000165, 0.000182, 0.000205, 0.000234, 0.000270, 0.000314, 0.000366, 0.000427, 0.000498, 0.000580, 0.000674, 0.000781, 0.000901, 0.001037, 0.001188, 0.001357, 0.001543, 0.001748, 0.001972, 0.002217, 0.002481, 0.002766, 0.003072, 0.003398, 0.003743, 0.004106, 0.004487, 0.004883, 0.005294, 0.005715, 0.006145, 0.006581, 0.007020, 0.007457, 0.007891, 0.008315, 0.008728, 0.009123, 0.009499, 0.009850, 0.010173, 0.010464, 0.010721, 0.010939, 0.011117, 0.011252, 0.011343, 0.011389, 0.011389, 0.011343, 0.011252, 0.011117, 0.010939, 0.010721, 0.010464, 0.010173, 0.009850, 0.009499, 0.009123, 0.008728, 0.008315, 0.007891, 0.007457, 0.007020, 0.006581, 0.006145, 0.005715, 0.005294, 0.004884, 0.004487, 0.004106, 0.003743, 0.003398, 0.003072, 0.002766, 0.002481, 0.002217, 0.001972, 0.001748, 0.001543, 0.001357, 0.001188, 0.001037, 0.000901, 0.000781, 0.000674, 0.000580, 0.000498, 0.000427, 0.000366, 0.000314, 0.000270, 0.000234, 0.000205, 0.000182, 0.000165, 0.000154, 0.000149
0.000162, 0.000168, 0.000180, 0.000199, 0.000224, 0.000255, 0.000295, 0.000343, 0.000400, 0.000467, 0.000545, 0.000634, 0.000737, 0.000853, 0.000985, 0.001133, 0.001299, 0.001483, 0.001686, 0.001910, 0.002156, 0.002423, 0.002712, 0.003024, 0.003358, 0.003714, 0.004091, 0.004488, 0.004904, 0.005338, 0.005786, 0.006246, 0.006717, 0.007193, 0.007673, 0.008151, 0.008625, 0.009089, 0.009539, 0.009972, 0.010383, 0.010766, 0.011119, 0.011438, 0.011718, 0.011957, 0.012151, 0.012299, 0.012399, 0.012449, 0.012449, 0.012399, 0.012299, 0.012151, 0.011957, 0.011718, 0.011438, 0.011120, 0.010766, 0.010383, 0.009972, 0.009539, 0.009089, 0.008625, 0.008151, 0.007673, 0.007193, 0.006717, 0.006247, 0.005786, 0.005338, 0.004904, 0.004488, 0.004091, 0.003714, 0.003358, 0.003024, 0.002712, 0.002423, 0.002156, 0.001910, 0.001686, 0.001483, 0.001299, 0.001133, 0.000985, 0.000853, 0.000737, 0.000634, 0.000545, 0.000467, 0.000400, 0.000343, 0.000295, 0.000255, 0.000224, 0.000199, 0.000180, 0.000168, 0.000162
0.000184, 0.000191, 0.000204, 0.000225, 0.000253, 0.000289, 0.000334, 0.000388, 0.000453, 0.000528, 0.000616, 0.000718, 0.000834, 0.000966, 0.001115, 0.001282, 0.001470, 0.001678, 0.001908, 0.002162, 0.002439, 0.002741, 0.003069, 0.003421, 0.003799, 0.004202, 0.004629, 0.005079, 0.005550, 0.006040, 0.006547, 0.007068, 0.007601, 0.008140, 0.008682, 0.009224, 0.009760, 0.010285, 0.010795, 0.011285, 0.011749, 0.012184, 0.012583, 0.012943, 0.013260, 0.013531, 0.013751, 0.013918, 0.014031, 0.014088, 0.014088, 0.014031, 0.013918, 0.013751, 0.013531, 0.013261, 0.012943, 0.012583, 0.012184, 0.011749, 0.011285, 0.010795, 0.010285, 0.009760, 0.009224, 0.008682, 0.008140, 0.007601, 0.007069, 0.006547, 0.006040, 0.005550, 0.005079, 0.004629, 0.004202, 0.003799, 0.003421, 0.003069, 0.002741, 0.002439, 0.002162, 0.001908, 0.001678, 0.001470, 0.001282, 0.001115, 0.000966, 0.000834, 0.000718, 0.000616, 0.000528, 0.000453, 0.000388, 0.000334, 0.000289, 0.000253, 0.000225, 0.000204, 0.000191, 0.000184
0.000213, 0.000221, 0.000237, 0.000261, 0.000293, 0.000335, 0.000387, 0.000450, 0.000525, 0.000613, 0.000715, 0.000833, 0.000967, 0.001121, 0.001294, 0.001488, 0.001705, 0.001947, 0.002215, 0.002509, 0.002831, 0.003182, 0.003561, 0.003971, 0.004409, 0.004877, 0.005372, 0.005894, 0.006441, 0.007010, 0.007598, 0.008203, 0.008821, 0.009447, 0.010077, 0.010705, 0.011327, 0.011936, 0.012528, 0.013097, 0.013636, 0.014140, 0.014604, 0.015022, 0.015390, 0.015703, 0.015959, 0.016153, 0.016284, 0.016350, 0.016350, 0.016284, 0.016153, 0.015959, 0.015703, 0.015390, 0.015022, 0.014604, 0.014140, 0.013636, 0.013097, 0.012528, 0.011936, 0.011327, 0.010705, 0.010077, 0.009447, 0.008821, 0.008203, 0.007598, 0.007010, 0.006441, 0.005894, 0.005372, 0.004877, 0.004409, 0.003971, 0.003561, 0.003182, 0.002831, 0.002509, 0.002215, 0.001947, 0.001706, 0.001488, 0.001294, 0.001121, 0.000967, 0.000833, 0.000715, 0.000613, 0.000525, 0.000450, 0.000387, 0.000335, 0.000293, 0.000261, 0.000237, 0.000221, 0.000213
0.000252, 0.000261, 0.000279, 0.000308, 0.000346, 0.000396, 0.000457, 0.000531, 0.000620, 0.000723, 0.000844, 0.000983, 0.001142, 0.001322, 0.001527, 0.001756, 0.002013, 0.002298, 0.002614, 0.002961, 0.003341, 0.003755, 0.004203, 0.004686, 0.005204, 0.005755, 0.006340, 0.006956, 0.007601, 0.008273, 0.008968, 0.009682, 0.010410, 0.011149, 0.011892, 0.012634, 0.013368, 0.014087, 0.014786, 0.015457, 0.016093, 0.016688, 0.017235, 0.017729, 0.018163, 0.018533, 0.018835, 0.019064, 0.019218, 0.019296, 0.019296, 0.019218, 0.019064, 0.018835, 0.018533, 0.018163, 0.017729, 0.017235, 0.016688, 0.016093, 0.015457, 0.014786, 0.014087, 0.013368, 0.012634, 0.011892, 0.011149, 0.010411, 0.009682, 0.008968, 0.008273, 0.007601, 0.006956, 0.006340, 0.005756, 0.005204, 0.004686, 0.004203, 0.003755, 0.003341, 0.002961, 0.002614, 0.002298, 0.002013, 0.001756, 0.001527, 0.001322, 0.001142, 0.000983, 0.000844, 0.000723, 0.000620, 0.000531, 0.000457, 0.000396, 0.000346, 0.000308, 0.000279, 0.000261, 0.000252
0.000300, 0.000311, 0.000333, 0.000367, 0.000413, 0.000472, 0.000545, 0.000634, 0.000739, 0.000862, 0.001006, 0.001172, 0.001361, 0.001576, 0.001820, 0.002094, 0.002399, 0.002739, 0.003116, 0.003530, 0.003983, 0.004476, 0.005011, 0.005586, 0.006203, 0.006861, 0.007558, 0.008292, 0.009061, 0.009862, 0.010690, 0.011542, 0.012410, 0.013291, 0.014177, 0.015061, 0.015936, 0.016794, 0.017627, 0.018426, 0.019185, 0.019894, 0.020546, 0.021135, 0.021653, 0.022094, 0.022453, 0.022727, 0.022911, 0.023003, 0.023003, 0.022911, 0.022727, 0.022453, 0.022094, 0.021653, 0.021135, 0.020546, 0.019894, 0.019185, 0.018426, 0.017627, 0.016794, 0.015936, 0.015061, 0.014177, 0.013291, 0.012411, 0.011542, 0.010690, 0.009862, 0.009062, 0.008292, 0.007558, 0.006861, 0.006204, 0.005586, 0.005011, 0.004476, 0.003983, 0.003530, 0.003116, 0.002740, 0.002399, 0.002094, 0.001820, 0.001577, 0.001361, 0.001172, 0.001006, 0.000862, 0.000739, 0.000634, 0.000545, 0.000472, 0.000413, 0.000367, 0.000333, 0.000311, 0.000300
0.000360, 0.000373, 0.000399, 0.000440, 0.000495, 0.000565, 0.000653, 0.000759, 0.000885, 0.001033, 0.001205, 0.001404, 0.001631, 0.001889, 0.002181, 0.002509, 0.002875, 0.003283, 0.003733, 0.004229, 0.004772, 0.005363, 0.006004, 0.006694, 0.007433, 0.008221, 0.009057, 0.009936, 0.010858, 0.011817, 0.012810, 0.013830, 0.014871, 0.015926, 0.016988, 0.018047, 0.019095, 0.020123, 0.021121, 0.022080, 0.022988, 0.023838, 0.024620, 0.025325, 0.025946, 0.026474, 0.026905, 0.027232, 0.027453, 0.027564, 0.027564, 0.027453, 0.027232, 0.026905, 0.026474, 0.025946, 0.025325, 0.024620, 0.023838, 0.022988, 0.022080, 0.021121, 0.020123, 0.019096, 0.018047, 0.016988, 0.015926, 0.014871, 0.013830, 0.012810, 0.011817, 0.010858, 0.009936, 0.009057, 0.008221, 0.007433, 0.006694, 0.006004, 0.005364, 0.004772, 0.004229, 0.003733, 0.003283, 0.002875, 0.002509, 0.002181, 0.001889, 0.001631, 0.001404, 0.001206, 0.001033, 0.000885, 0.000759, 0.000653, 0.000565, 0.000495, 0.000440, 0.000399, 0.000373, 0.000360
0.000432, 0.000447, 0.000479, 0.000528, 0.000594, 0.000679, 0.000784, 0.000911, 0.001063, 0.001240, 0.001447, 0.001685, 0.001958, 0.002268, 0.002618, 0.003011, 0.003451, 0.003940, 0.004481, 0.005077, 0.005728, 0.006438, 0.007207, 0.008035, 0.008923, 0.009869, 0.010871, 0.011927, 0.013034, 0.014185, 0.015377, 0.016601, 0.017851, 0.019117, 0.020392, 0.021663, 0.022922, 0.024155, 0.025353, 0.026504, 0.027594, 0.028615, 0.029553, 0.030399, 0.031144, 0.031779, 0.032296, 0.032689, 0.032954, 0.033087, 0.033087, 0.032954, 0.032689, 0.032296, 0.031779, 0.031144, 0.030399, 0.029553, 0.028615, 0.027594, 0.026504, 0.025353, 0.024155, 0.022922, 0.021663, 0.020392, 0.019117, 0.017851, 0.016601, 0.015377, 0.014185, 0.013034, 0.011927, 0.010871, 0.009869, 0.008923, 0.008035, 0.007207, 0.006438, 0.005729, 0.005077, 0.004481, 0.003940, 0.003451, 0.003011, 0.002618, 0.002268, 0.001958, 0.001685, 0.001447, 0.001240, 0.001063, 0.000911, 0.000784, 0.000679, 0.000594, 0.000528, 0.000479, 0.000447, 0.000432
0.000518, 0.000537, 0.000575, 0.000633, 0.000712, 0.000814, 0.000941, 0.001093, 0.001275, 0.001488, 0.001736, 0.002022, 0.002349, 0.002721, 0.003141, 0.003613, 0.004141, 0.004728, 0.005377, 0.006091, 0.006873, 0.007724, 0.008647, 0.009640, 0.010705, 0.011840, 0.013043, 0.014310, 0.015637, 0.017019, 0.018448, 0.019917, 0.021417, 0.022936, 0.024465, 0.025991, 0.027501, 0.028981, 0.030418, 0.031798, 0.033107, 0.034331, 0.035457, 0.036472, 0.037366, 0.038127, 0.038747, 0.039219, 0.039537, 0.039696, 0.039696, 0.039537, 0.039219, 0.038747, 0.038127, 0.037366, 0.036472, 0.035457, 0.034331, 0.033107, 0.031798, 0.030418, 0.028981, 0.027501, 0.025991, 0.024465, 0.022936, 0.021417, 0.019917, 0.018448, 0.017019, 0.015637, 0.014310, 0.013043, 0.011840, 0.010705, 0.009640, 0.008647, 0.007724, 0.006873, 0.006091, 0.005377, 0.004728, 0.004141, 0.003613, 0.003141, 0.002721, 0.002349, 0.002022, 0.001736, 0.001488, 0.001275, 0.001093, 0.000941, 0.000814, 0.000712, 0.000633, 0.000575, 0.000537, 0.000518
0.000620, 0.000643, 0.000688, 0.000758, 0.000853, 0.000975, 0.001126, 0.001309, 0.001527, 0.001782, 0.002079, 0.002421, 0.002813, 0.003258, 0.003761, 0.004326, 0.004958, 0.005661, 0.006438, 0.007293, 0.008230, 0.009249, 0.010354, 0.011544, 0.012819, 0.014178, 0.015618, 0.017135, 0.018724, 0.020379, 0.022090, 0.023849, 0.025645, 0.027464, 0.029295, 0.031122, 0.032929, 0.034702, 0.036423, 0.038075, 0.039642, 0.041108, 0.042456, 0.043672, 0.044742, 0.045653, 0.046396, 0.046961, 0.047341, 0.047533, 0.047533, 0.047341, 0.046961, 0.046396, 0.045653, 0.044742, 0.043672, 0.042456, 0.041108, 0.039642, 0.038075, 0.036423, 0.034702, 0.032930, 0.031122, 0.029295, 0.027464, 0.025645, 0.023849, 0.022090, 0.020379, 0.018724, 0.017135, 0.015618, 0.014178, 0.012819, 0.011544, 0.010354, 0.009249, 0.008230, 0.007294, 0.006438, 0.005661, 0.004958, 0.004326, 0.003761, 0.003258, 0.002813, 0.002421, 0.002079, 0.001782, 0.001527, 0.001309, 0.001126, 0.000975, 0.000853, 0.000758, 0.000688, 0.000643, 0.000620
0.000740, 0.000767, 0.000822, 0.000905, 0.001019, 0.001164, 0.001345, 0.001563, 0.001823, 0.002128, 0.002482, 0.002891, 0.003358, 0.003890, 0.004490, 0.005165, 0.005920, 0.006759, 0.007687, 0.008708, 0.009826, 0.011043, 0.012362, 0.013782, 0.015305, 0.016927, 0.018647, 0.020458, 0.022356, 0.024331, 0.026374, 0.028474, 0.030618, 0.032790, 0.034976, 0.037157, 0.039315, 0.041432, 0.043486, 0.045459, 0.047330, 0.049080, 0.050690, 0.052141, 0.053419, 0.054507, 0.055394, 0.056068, 0.056522, 0.056751, 0.056751, 0.056522, 0.056068, 0.055394, 0.054507, 0.053419, 0.052141, 0.050690, 0.049080, 0.047330, 0.045459, 0.043486, 0.041432, 0.039316, 0.037157, 0.034976, 0.032791, 0.030618, 0.028474, 0.026374, 0.024331, 0.022356, 0.020458, 0.018647, 0.016927, 0.015305, 0.013782, 0.012362, 0.011043, 0.009826, 0.008708, 0.007687, 0.006759, 0.005920, 0.005165, 0.004490, 0.003890, 0.003358, 0.002891, 0.002482, 0.002128, 0.001823, 0.001563, 0.001345, 0.001164, 0.001019, 0.000905, 0.000822, 0.000767, 0.000740
0.000881, 0.000913, 0.000978, 0.001077, 0.001212, 0.001385, 0.001600, 0.001860, 0.002169, 0.002532, 0.002953, 0.003439, 0.003995, 0.004628, 0.005342, 0.006145, 0.007043, 0.008041, 0.009146, 0.010360, 0.011690, 0.013139, 0.014707, 0.016398, 0.018209, 0.020139, 0.022185, 0.024340, 0.026598, 0.028948, 0.031379, 0.033877, 0.036428, 0.039012, 0.041613, 0.044208, 0.046775, 0.049293, 0.051738, 0.054085, 0.056311, 0.058393, 0.060308, 0.062035, 0.063554, 0.064849, 0.065904, 0.066707, 0.067247, 0.067519, 0.067519, 0.067247, 0.066707, 0.065904, 0.064849, 0.063555, 0.062035, 0.060308, 0.058393, 0.056311, 0.054085, 0.051738, 0.049293, 0.046776, 0.044208, 0.041613, 0.039013, 0.036428, 0.033877, 0.031379, 0.028948, 0.026598, 0.024341, 0.022185, 0.020140, 0.018209, 0.016398, 0.014708, 0.013139, 0.011690, 0.010361, 0.009146, 0.008041, 0.007043, 0.006146, 0.005342, 0.004628, 0.003995, 0.003439, 0.002953, 0.002532, 0.002169, 0.001860, 0.001600, 0.001385, 0.001212, 0.001077, 0.000978, 0.000913, 0.000881
0.001044, 0.001082, 0.001159, 0.001276, 0.001436, 0.001642, 0.001896, 0.002204, 0.002570, 0.003000, 0.003500, 0.004076, 0.004735, 0.005484, 0.006331, 0.007283, 0.008347, 0.009530, 0.010839, 0.012279, 0.013855, 0.015571, 0.017430, 0.019434, 0.021580, 0.023868, 0.026292, 0.028847, 0.031522, 0.034307, 0.037188, 0.040149, 0.043172, 0.046235, 0.049316, 0.052392, 0.055435, 0.058419, 0.061316, 0.064098, 0.066736, 0.069203, 0.071472, 0.073519, 0.075320, 0.076855, 0.078105, 0.079056, 0.079696, 0.080018, 0.080018, 0.079696, 0.079056, 0.078105, 0.076855, 0.075320, 0.073519, 0.071472, 0.069203, 0.066736, 0.064098, 0.061316, 0.058419, 0.055435, 0.052392, 0.049317, 0.046235, 0.043172, 0.040149, 0.037188, 0.034307, 0.031522, 0.028847, 0.026293, 0.023868, 0.021580, 0.019434, 0.017431, 0.015571, 0.013855, 0.012279, 0.010839, 0.009530, 0.008347, 0.007283, 0.006332, 0.005485, 0.004735, 0.004076, 0.003500, 0.003000, 0.002570, 0.002204, 0.001896, 0.001642, 0.001436, 0.001276, 0.001159, 0.001082, 0.001044
0.001232, 0.001277, 0.001368, 0.001507, 0.001695, 0.001938, 0.002238, 0.002602, 0.003034, 0.003541, 0.004131, 0.004811, 0.005589, 0.006473, 0.007473, 0.008596, 0.009852, 0.011248, 0.012793, 0.014492, 0.016352, 0.018378, 0.020572, 0.022937, 0.025470, 0.028170, 0.031032, 0.034046, 0.037204, 0.040491, 0.043891, 0.047386, 0.050953, 0.054569, 0.058206, 0.061835, 0.065427, 0.068949, 0.072368, 0.075651, 0.078765, 0.081676, 0.084355, 0.086771, 0.088896, 0.090707, 0.092183, 0.093305, 0.094061, 0.094441, 0.094441, 0.094061, 0.093305, 0.092183, 0.090707, 0.088896, 0.086771, 0.084355, 0.081677, 0.078765, 0.075651, 0.072368, 0.068949, 0.065427, 0.061836, 0.058206, 0.054569, 0.050954, 0.047386, 0.043892, 0.040491, 0.037204, 0.034047, 0.031032, 0.028171, 0.025471, 0.022937, 0.020573, 0.018378, 0.016352, 0.014492, 0.012793, 0.011248, 0.009852, 0.008596, 0.007473, 0.006473, 0.005589, 0.004811, 0.004131, 0.003541, 0.003034, 0.002602, 0.002238, 0.001938, 0.001695, 0.001507, 0.001368, 0.001277, 0.001232
0.001448, 0.001501, 0.001608, 0.001771, 0.001992, 0.002277, 0.002630, 0.003058, 0.003565, 0.004162, 0.004855, 0.005654, 0.006568, 0.007608, 0.008782, 0.010103, 0.011578, 0.013219, 0.015034, 0.017031, 0.019218, 0.021598, 0.024177, 0.026956, 0.029933, 0.033106, 0.036469, 0.040012, 0.043723, 0.047586, 0.051582, 0.055689, 0.059881, 0.064130, 0.068404, 0.072669, 0.076890, 0.081029, 0.085047, 0.088906, 0.092565, 0.095987, 0.099134, 0.101973, 0.104471, 0.106600, 0.108334, 0.109653, 0.110541, 0.110988, 0.110988, 0.110541, 0.109653, 0.108334, 0.106600, 0.104472, 0.101973, 0.099135, 0.095987, 0.092565, 0.088906, 0.085048, 0.081030, 0.076891, 0.072670, 0.068404, 0.064130, 0.059881, 0.055689, 0.051582, 0.047586, 0.043723, 0.040012, 0.036469, 0.033107, 0.029933, 0.026956, 0.024177, 0.021599, 0.019218, 0.017032, 0.015034, 0.013219, 0.011578, 0.010103, 0.008782, 0.007608, 0.006568, 0.005654, 0.004855, 0.004162, 0.003565, 0.003058, 0.002630, 0.002277, 0.001992, 0.001771, 0.001608, 0.001501, 0.001448
0.001694, 0.001756, 0.001881, 0.002072, 0.002331, 0.002665, 0.003078, 0.003578, 0.004172, 0.004870, 0.005681, 0.006616, 0.007685, 0.008902, 0.010276, 0.011821, 0.013548, 0.015468, 0.017592, 0.019928, 0.022486, 0.025272, 0.028290, 0.031541, 0.035025, 0.038737, 0.042672, 0.046817, 0.051159, 0.055679, 0.060355, 0.065160, 0.070066, 0.075037, 0.080038, 0.085029, 0.089968, 0.094811, 0.099512, 0.104026, 0.108308, 0.112312, 0.115995, 0.119317, 0.122240, 0.124730, 0.126759, 0.128302, 0.129341, 0.129864, 0.129864, 0.129341, 0.128302, 0.126759, 0.124730, 0.122240, 0.119317, 0.115995, 0.112312, 0.108308, 0.104027, 0.099512, 0.094811, 0.089968, 0.085030, 0.080039, 0.075037, 0.070066, 0.065161, 0.060355, 0.055680, 0.051160, 0.046818, 0.042672, 0.038738, 0.035025, 0.031541, 0.028290, 0.025272, 0.022487, 0.019929, 0.017592, 0.015468, 0.013548, 0.011821, 0.010276, 0.008902, 0.007685, 0.006616, 0.005681, 0.004870, 0.004172, 0.003578, 0.003078, 0.002665, 0.002331, 0.002072, 0.001881, 0.001756, 0.001694
0.001974, 0.002046, 0.002192, 0.002414, 0.002716, 0.003104, 0.003586, 0.004168, 0.004860, 0.005673, 0.006618, 0.007707, 0.008953, 0.010370, 0.011971, 0.013771, 0.015782, 0.018019, 0.020493, 0.023215, 0.026195, 0.029440, 0.032955, 0.036742, 0.040801, 0.045126, 0.049709, 0.054538, 0.059596, 0.064861, 0.070308, 0.075906, 0.081620, 0.087411, 0.093237, 0.099051, 0.104804, 0.110445, 0.115922, 0.121181, 0.126168, 0.130832, 0.135123, 0.138992, 0.142397, 0.145298, 0.147661, 0.149459, 0.150669, 0.151279, 0.151279, 0.150670, 0.149459, 0.147661, 0.145298, 0.142397, 0.138992, 0.135123, 0.130832, 0.126168, 0.121181, 0.115922, 0.110446, 0.104804, 0.099051, 0.093237, 0.087412, 0.081620, 0.075906, 0.070308, 0.064862, 0.059596, 0.054538, 0.049709, 0.045126, 0.040801, 0.036742, 0.032955, 0.029440, 0.026195, 0.023215, 0.020493, 0.018019, 0.015782, 0.013771, 0.011971, 0.010370, 0.008953, 0.007707, 0.006618, 0.005673, 0.004860, 0.004168, 0.003586, 0.003104, 0.002716, 0.002414, 0.002192, 0.002046, 0.001974
0.002289, 0.002373, 0.002542, 0.002799, 0.003150, 0.003600, 0.004158, 0.004833, 0.005636, 0.006579, 0.007675, 0.008938, 0.010383, 0.012026, 0.013883, 0.015970, 0.018303, 0.020897, 0.023766, 0.026923, 0.030379, 0.034142, 0.038218, 0.042610, 0.047317, 0.052333, 0.057648, 0.063248, 0.069114, 0.075220, 0.081537, 0.088029, 0.094655, 0.101371, 0.108127, 0.114870, 0.121542, 0.128084, 0.134435, 0.140533, 0.146317, 0.151726, 0.156702, 0.161189, 0.165138, 0.168502, 0.171243, 0.173327, 0.174731, 0.175438, 0.175438, 0.174731, 0.173327, 0.171243, 0.168502, 0.165138, 0.161189, 0.156702, 0.151726, 0.146318, 0.140534, 0.134435, 0.128084, 0.121542, 0.114870, 0.108128, 0.101372, 0.094656, 0.088029, 0.081537, 0.075221, 0.069114, 0.063249, 0.057649, 0.052333, 0.047317, 0.042611, 0.038219, 0.034142, 0.030379, 0.026923, 0.023766, 0.020897, 0.018303, 0.015970, 0.013883, 0.012026, 0.010383, 0.008938, 0.007675, 0.006579, 0.005636, 0.004834, 0.004158, 0.003600, 0.003150, 0.002799, 0.002542, 0.002373, 0.002289
0.002643, 0.002740, 0.002935, 0.003232, 0.003637, 0.004157, 0.004801, 0.005580, 0.006507, 0.007596, 0.008861, 0.010319, 0.011987, 0.013884, 0.016028, 0.018438, 0.021131, 0.024126, 0.027438, 0.031083, 0.035073, 0.039417, 0.044123, 0.049194, 0.054628, 0.060419, 0.066555, 0.073021, 0.079792, 0.086842, 0.094134, 0.101629, 0.109279, 0.117033, 0.124833, 0.132617, 0.140319, 0.147872, 0.155205, 0.162245, 0.168922, 0.175167, 0.180911, 0.186092, 0.190650, 0.194534, 0.197698, 0.200105, 0.201726, 0.202541, 0.202541, 0.201726, 0.200105, 0.197698, 0.194534, 0.190651, 0.186092, 0.180911, 0.175167, 0.168923, 0.162246, 0.155205, 0.147873, 0.140320, 0.132617, 0.124833, 0.117033, 0.109280, 0.101630, 0.094135, 0.086842, 0.079793, 0.073021, 0.066556, 0.060419, 0.054628, 0.049194, 0.044124, 0.039417, 0.035073, 0.031083, 0.027438, 0.024126, 0.021131, 0.018438, 0.016028, 0.013884, 0.011987, 0.010319, 0.008861, 0.007596, 0.006507, 0.005580, 0.004801, 0.004157, 0.003637, 0.003232, 0.002935, 0.002740, 0.002643
0.003038, 0.003149, 0.003373, 0.003714, 0.004180, 0.004777, 0.005518, 0.006414, 0.007479, 0.008730, 0.010184, 0.011860, 0.013777, 0.015958, 0.018422, 0.021191, 0.024286, 0.027728, 0.031535, 0.035724, 0.040309, 0.045303, 0.050711, 0.056539, 0.062784, 0.069439, 0.076492, 0.083923, 0.091705, 0.099807, 0.108189, 0.116802, 0.125594, 0.134506, 0.143470, 0.152416, 0.161268, 0.169949, 0.178376, 0.186467, 0.194141, 0.201318, 0.207920, 0.213874, 0.219113, 0.223576, 0.227213, 0.229979, 0.231841, 0.232778, 0.232778, 0.231841, 0.229979, 0.227213, 0.223577, 0.219113, 0.213874, 0.207920, 0.201318, 0.194142, 0.186468, 0.178376, 0.169949, 0.161269, 0.152416, 0.143470, 0.134506, 0.125595, 0.116803, 0.108189, 0.099808, 0.091706, 0.083923, 0.076492, 0.069440, 0.062784, 0.056539, 0.050712, 0.045303, 0.040310, 0.035724, 0.031535, 0.027728, 0.024287, 0.021191, 0.018422, 0.015958, 0.013777, 0.011860, 0.010184, 0.008730, 0.007479, 0.006414, 0.005518, 0.004777, 0.004180, 0.003714, 0.003373, 0.003149, 0.003038
0.003476, 0.003603, 0.003859, 0.004250, 0.004782, 0.005466, 0.006313, 0.007338, 0.008557, 0.009988, 0.011652, 0.013569, 0.015763, 0.018257, 0.021077, 0.024245, 0.027786, 0.031724, 0.036080, 0.040872, 0.046118, 0.051831, 0.058020, 0.064687, 0.071832, 0.079446, 0.087515, 0.096017, 0.104921, 0.114190, 0.123779, 0.133634, 0.143693, 0.153888, 0.164144, 0.174379, 0.184508, 0.194438, 0.204080, 0.213337, 0.222117, 0.230327, 0.237880, 0.244692, 0.250686, 0.255793, 0.259953, 0.263118, 0.265249, 0.266321, 0.266321, 0.265249, 0.263118, 0.259954, 0.255793, 0.250686, 0.244692, 0.237881, 0.230328, 0.222117, 0.213337, 0.204080, 0.194439, 0.184508, 0.174380, 0.164145, 0.153889, 0.143694, 0.133635, 0.123780, 0.114191, 0.104922, 0.096017, 0.087516, 0.079447, 0.071832, 0.064687, 0.058020, 0.051832, 0.046119, 0.040873, 0.036080, 0.031724, 0.027787, 0.024245, 0.021077, 0.018258, 0.015763, 0.013569, 0.011652, 0.009988, 0.008557, 0.007338, 0.006313, 0.005466, 0.004782, 0.004250, 0.003859, 0.003603, 0.003476
0.003959, 0.004103, 0.004395, 0.004840, 0.005447, 0.006226, 0.007191, 0.008358, 0.009746, 0.011376, 0.013271, 0.015454, 0.017953, 0.020794, 0.024005, 0.027614, 0.031647, 0.036132, 0.041093, 0.046551, 0.052526, 0.059033, 0.066080, 0.073674, 0.081812, 0.090484, 0.099674, 0.109356, 0.119497, 0.130054, 0.140975, 0.152199, 0.163656, 0.175267, 0.186948, 0.198605, 0.210140, 0.221450, 0.232430, 0.242974, 0.252973, 0.262324, 0.270926, 0.278685, 0.285511, 0.291327, 0.296066, 0.299670, 0.302098, 0.303319, 0.303319, 0.302098, 0.299671, 0.296066, 0.291328, 0.285511, 0.278685, 0.270927, 0.262325, 0.252974, 0.242974, 0.232431, 0.221451, 0.210140, 0.198605, 0.186948, 0.175268, 0.163657, 0.152200, 0.140976, 0.130055, 0.119498, 0.109357, 0.099674, 0.090484, 0.081812, 0.073675, 0.066081, 0.059033, 0.052526, 0.046551, 0.041093, 0.036132, 0.031647, 0.027614, 0.024005, 0.020794, 0.017953, 0.015454, 0.013271, 0.011376, 0.009746, 0.008358, 0.007191, 0.006226, 0.005447, 0.004840, 0.004395, 0.004103, 0.003959
0.004488, 0.004652, 0.004983, 0.005488, 0.006176, 0.007059, 0.008153, 0.009476, 0.011050, 0.012898, 0.015046, 0.017522, 0.020355, 0.023576, 0.027217, 0.031308, 0.035881, 0.040966, 0.046590, 0.052778, 0.059553, 0.066929, 0.074920, 0.083530, 0.092756, 0.102588, 0.113007, 0.123984, 0.135482, 0.147451, 0.159833, 0.172557, 0.185546, 0.198711, 0.211954, 0.225169, 0.238247, 0.251070, 0.263519, 0.275473, 0.286810, 0.297412, 0.307165, 0.315960, 0.323700, 0.330294, 0.335667, 0.339753, 0.342505, 0.343889, 0.343889, 0.342505, 0.339753, 0.335667, 0.330295, 0.323700, 0.315961, 0.307165, 0.297412, 0.286811, 0.275474, 0.263520, 0.251071, 0.238248, 0.225170, 0.211954, 0.198712, 0.185547, 0.172558, 0.159833, 0.147452, 0.135483, 0.123985, 0.113007, 0.102588, 0.092756, 0.083530, 0.074921, 0.066930, 0.059553, 0.052779, 0.046590, 0.040966, 0.035881, 0.031308, 0.027217, 0.023576, 0.020355, 0.017522, 0.015046, 0.012898, 0.011050, 0.009476, 0.008153, 0.007059, 0.006176, 0.005488, 0.004983, 0.004652, 0.004488
0.005066, 0.005251, 0.005625, 0.006194, 0.006970, 0.007967, 0.009201, 0.010695, 0.012472, 0.014557, 0.016982, 0.019776, 0.022973, 0.026609, 0.030717, 0.035335, 0.040496, 0.046235, 0.052582, 0.059567, 0.067212, 0.075538, 0.084557, 0.094273, 0.104686, 0.115782, 0.127541, 0.139931, 0.152907, 0.166416, 0.180389, 0.194751, 0.209410, 0.224267, 0.239213, 0.254129, 0.268888, 0.283361, 0.297411, 0.310902, 0.323697, 0.335662, 0.346669, 0.356596, 0.365331, 0.372773, 0.378836, 0.383448, 0.386554, 0.388117, 0.388117, 0.386554, 0.383449, 0.378837, 0.372774, 0.365331, 0.356596, 0.346670, 0.335663, 0.323697, 0.310902, 0.297412, 0.283362, 0.268889, 0.254129, 0.239214, 0.224268, 0.209411, 0.194751, 0.180390, 0.166416, 0.152908, 0.139932, 0.127542, 0.115783, 0.104687, 0.094274, 0.084557, 0.075539, 0.067213, 0.059567, 0.052583, 0.046235, 0.040497, 0.035335, 0.030718, 0.026609, 0.022974, 0.019776, 0.016982, 0.014557, 0.012472, 0.010695, 0.009202, 0.007967, 0.006970, 0.006194, 0.005625, 0.005251, 0.005066
0.005692, 0.005899, 0.006319, 0.006959, 0.007831, 0.008951, 0.010338, 0.012016, 0.014012, 0.016355, 0.019079, 0.022218, 0.025811, 0.029895, 0.034511, 0.039699, 0.045498, 0.051945, 0.059076, 0.066923, 0.075513, 0.084867, 0.094999, 0.105915, 0.117614, 0.130080, 0.143291, 0.157211, 0.171789, 0.186966, 0.202664, 0.218799, 0.235269, 0.251961, 0.268752, 0.285509, 0.302091, 0.318351, 0.334136, 0.349292, 0.363667, 0.377110, 0.389476, 0.400629, 0.410442, 0.418803, 0.425615, 0.430796, 0.434286, 0.436041, 0.436041, 0.434286, 0.430797, 0.425615, 0.418804, 0.410442, 0.400629, 0.389477, 0.377111, 0.363668, 0.349293, 0.334137, 0.318352, 0.302092, 0.285510, 0.268753, 0.251962, 0.235270, 0.218800, 0.202665, 0.186966, 0.171790, 0.157212, 0.143292, 0.130081, 0.117614, 0.105916, 0.094999, 0.084867, 0.075514, 0.066924, 0.059077, 0.051945, 0.045498, 0.039699, 0.034512, 0.029895, 0.025811, 0.022219, 0.019079, 0.016355, 0.014012, 0.012016, 0.010338, 0.008951, 0.007831, 0.006959, 0.006319, 0.005899, 0.005692
0.006366, 0.006598, 0.007068, 0.007783, 0.008758, 0.010011, 0.011562, 0.013439, 0.015671, 0.018292, 0.021338, 0.024849, 0.028867, 0.033435, 0.038597, 0.044399, 0.050884, 0.058095, 0.066070, 0.074846, 0.084453, 0.094914, 0.106245, 0.118454, 0.131537, 0.145479, 0.160254, 0.175821, 0.192125, 0.209097, 0.226655, 0.244699, 0.263118, 0.281786, 0.300565, 0.319306, 0.337850, 0.356035, 0.373688, 0.390638, 0.406714, 0.421748, 0.435578, 0.448051, 0.459026, 0.468377, 0.475995, 0.481789, 0.485691, 0.487654, 0.487655, 0.485692, 0.481789, 0.475995, 0.468377, 0.459026, 0.448051, 0.435579, 0.421749, 0.406715, 0.390639, 0.373689, 0.356036, 0.337852, 0.319307, 0.300566, 0.281787, 0.263119, 0.244700, 0.226656, 0.209098, 0.192126, 0.175822, 0.160255, 0.145480, 0.131538, 0.118455, 0.106246, 0.094914, 0.084453, 0.074847, 0.066071, 0.058095, 0.050884, 0.044399, 0.038597, 0.033435, 0.028867, 0.024849, 0.021338, 0.018292, 0.015671, 0.013439, 0.011562, 0.010011, 0.008758, 0.007783, 0.007068, 0.006598, 0.006366
0.007087, 0.007346, 0.007869, 0.008665, 0.009751, 0.011145, 0.012872, 0.014962, 0.017447, 0.020364, 0.023756, 0.027664, 0.032137, 0.037223, 0.042970, 0.049429, 0.056649, 0.064677, 0.073556, 0.083326, 0.094020, 0.105666, 0.118281, 0.131873, 0.146438, 0.161960, 0.178409, 0.195739, 0.213889, 0.232785, 0.252331, 0.272419, 0.292925, 0.313707, 0.334613, 0.355476, 0.376122, 0.396366, 0.416019, 0.434889, 0.452786, 0.469523, 0.484919, 0.498805, 0.511023, 0.521433, 0.529914, 0.536364, 0.540709, 0.542894, 0.542894, 0.540709, 0.536365, 0.529914, 0.521433, 0.511023, 0.498805, 0.484920, 0.469524, 0.452787, 0.434890, 0.416020, 0.396367, 0.376123, 0.355478, 0.334614, 0.313708, 0.292926, 0.272420, 0.252332, 0.232786, 0.213891, 0.195740, 0.178410, 0.161961, 0.146439, 0.131874, 0.118282, 0.105667, 0.094021, 0.083326, 0.073556, 0.064677, 0.056650, 0.049430, 0.042971, 0.037223, 0.032138, 0.027665, 0.023756, 0.020365, 0.017447, 0.014962, 0.012872, 0.011145, 0.009751, 0.008665, 0.007869, 0.007346, 0.007087
0.007854, 0.008141, 0.008720, 0.009603, 0.010806, 0.012351, 0.014265, 0.016581, 0.019335, 0.022568, 0.026327, 0.030659, 0.035616, 0.041251, 0.047621, 0.054779, 0.062780, 0.071676, 0.081516, 0.092343, 0.104195, 0.117101, 0.131082, 0.146144, 0.162285, 0.179486, 0.197714, 0.216919, 0.237034, 0.257974, 0.279635, 0.301897, 0.324621, 0.347652, 0.370820, 0.393941, 0.416821, 0.439255, 0.461034, 0.481946, 0.501780, 0.520327, 0.537389, 0.552777, 0.566317, 0.577853, 0.587252, 0.594401, 0.599215, 0.601637, 0.601637, 0.599215, 0.594401, 0.587252, 0.577854, 0.566317, 0.552777, 0.537390, 0.520328, 0.501781, 0.481947, 0.461035, 0.439256, 0.416822, 0.393943, 0.370822, 0.347654, 0.324623, 0.301899, 0.279637, 0.257975, 0.237036, 0.216921, 0.197715, 0.179487, 0.162286, 0.146145, 0.131082, 0.117102, 0.104196, 0.092344, 0.081516, 0.071677, 0.062780, 0.054779, 0.047621, 0.041252, 0.035616, 0.030659, 0.026327, 0.022569, 0.019335, 0.016581, 0.014266, 0.012351, 0.010806, 0.009603, 0.008720, 0.008141, 0.007854
0.008665, 0.008981, 0.009620, 0.010594, 0.011921, 0.013626, 0.015737, 0.018292, 0.021330, 0.024897, 0.029043, 0.033822, 0.039290, 0.045507, 0.052534, 0.060430, 0.069257, 0.079071, 0.089925, 0.101870, 0.114944, 0.129182, 0.144604, 0.161220, 0.179026, 0.198001, 0.218110, 0.239296, 0.261486, 0.284585, 0.308481, 0.333039, 0.358107, 0.383514, 0.409071, 0.434577, 0.459816, 0.484564, 0.508590, 0.531659, 0.553538, 0.573999, 0.592820, 0.609795, 0.624731, 0.637458, 0.647825, 0.655712, 0.661022, 0.663694, 0.663694, 0.661023, 0.655712, 0.647826, 0.637458, 0.624732, 0.609796, 0.592821, 0.574000, 0.553539, 0.531660, 0.508591, 0.484565, 0.459817, 0.434578, 0.409073, 0.383515, 0.358109, 0.333041, 0.308482, 0.284587, 0.261487, 0.239297, 0.218111, 0.198003, 0.179027, 0.161221, 0.144605, 0.129183, 0.114945, 0.101870, 0.089926, 0.079071, 0.069257, 0.060431, 0.052534, 0.045508, 0.039290, 0.033822, 0.029043, 0.024897, 0.021330, 0.018292, 0.015738, 0.013626, 0.011921, 0.010594, 0.009620, 0.008981, 0.008665
0.009515, 0.009863, 0.010564, 0.011634, 0.013091, 0.014963, 0.017282, 0.020087, 0.023423, 0.027340, 0.031893, 0.037141, 0.043146, 0.049973, 0.057689, 0.066360, 0.076053, 0.086830, 0.098750, 0.111866, 0.126224, 0.141858, 0.158793, 0.177040, 0.196592, 0.217430, 0.239511, 0.262776, 0.287143, 0.312508, 0.338749, 0.365716, 0.393243, 0.421143, 0.449207, 0.477215, 0.504931, 0.532106, 0.558489, 0.583822, 0.607847, 0.630315, 0.650983, 0.669623, 0.686025, 0.700000, 0.711385, 0.720044, 0.725876, 0.728810, 0.728810, 0.725877, 0.720045, 0.711385, 0.700001, 0.686026, 0.669625, 0.650984, 0.630316, 0.607849, 0.583823, 0.558491, 0.532108, 0.504932, 0.477217, 0.449209, 0.421144, 0.393245, 0.365718, 0.338750, 0.312510, 0.287144, 0.262777, 0.239512, 0.217431, 0.196594, 0.177041, 0.158794, 0.141859, 0.126224, 0.111867, 0.098751, 0.086831, 0.076054, 0.066361, 0.057690, 0.049974, 0.043146, 0.037141, 0.031894, 0.027341, 0.023424, 0.020087, 0.017282, 0.014963, 0.013091, 0.011634, 0.010564, 0.009863, 0.009515
0.010401, 0.010781, 0.011548, 0.012717, 0.014311, 0.016357, 0.018892, 0.021958, 0.025605, 0.029887, 0.034863, 0.040600, 0.047164, 0.054627, 0.063061, 0.072540, 0.083135, 0.094915, 0.107945, 0.122282, 0.137976, 0.155066, 0.173578, 0.193523, 0.214896, 0.237673, 0.261810, 0.287241, 0.313876, 0.341604, 0.370287, 0.399765, 0.429854, 0.460350, 0.491028, 0.521643, 0.551938, 0.581644, 0.610482, 0.638173, 0.664435, 0.688995, 0.711587, 0.731962, 0.749890, 0.765166, 0.777610, 0.787077, 0.793451, 0.796658, 0.796658, 0.793452, 0.787077, 0.777611, 0.765167, 0.749891, 0.731963, 0.711588, 0.688996, 0.664437, 0.638174, 0.610484, 0.581646, 0.551940, 0.521645, 0.491030, 0.460352, 0.429856, 0.399766, 0.370288, 0.341605, 0.313878, 0.287242, 0.261812, 0.237675, 0.214897, 0.193524, 0.173579, 0.155067, 0.137977, 0.122283, 0.107945, 0.094916, 0.083135, 0.072540, 0.063061, 0.054627, 0.047164, 0.040600, 0.034864, 0.029887, 0.025605, 0.021958, 0.018892, 0.016357, 0.014311, 0.012718, 0.011548, 0.010781, 0.010401
0.011318, 0.011731, 0.012566, 0.013838, 0.015572, 0.017798, 0.020556, 0.023893, 0.027861, 0.032520, 0.037936, 0.044177, 0.051320, 0.059440, 0.068618, 0.078932, 0.090460, 0.103278, 0.117456, 0.133056, 0.150133, 0.168729, 0.188871, 0.210573, 0.233830, 0.258614, 0.284877, 0.312548, 0.341530, 0.371700, 0.402910, 0.434984, 0.467725, 0.500908, 0.534287, 0.567600, 0.600564, 0.632886, 0.664265, 0.694394, 0.722970, 0.749693, 0.774275, 0.796445, 0.815953, 0.832574, 0.846115, 0.856415, 0.863351, 0.866840, 0.866840, 0.863351, 0.856415, 0.846116, 0.832575, 0.815954, 0.796446, 0.774276, 0.749694, 0.722972, 0.694396, 0.664267, 0.632888, 0.600566, 0.567602, 0.534289, 0.500910, 0.467727, 0.434986, 0.402912, 0.371702, 0.341532, 0.312550, 0.284879, 0.258615, 0.233831, 0.210575, 0.188873, 0.168730, 0.150134, 0.133057, 0.117457, 0.103279, 0.090461, 0.078932, 0.068618, 0.059441, 0.051320, 0.044178, 0.037936, 0.032521, 0.027861, 0.023893, 0.020557, 0.017798, 0.015572, 0.013838, 0.012566, 0.011731, 0.011318
